'67-Weekday-2-23XMAS-1111100',6700,61000,4,'',1,3000,4,'',1,7000,4,'',1,3000,4,'',1,7000,4,'',1,3000,4,'',1,7000,4,'',1,52800,4,'',1,7000,4,'',1,3100,4,'',1,6900,4,'',1,3000,4,'',1,7000,4,'',1,3000,4,'',1,6800,4,'',1,43500,4,'',1,7000,4,'',1,3000,4,'',1
'67-Weekday-2-23XMAS-1111100',6701,61200,,'',1,3000,,'',1,7000,,'',1,3000,,'',1,7000,,'',1,3000,,'',1,57300,,'',1,3000,,'',1,7000,,'',1,3000,,'',1,7000,,'',1,3000,,'',1,7000,,'',1,3000,,'',1,47500,,'',1,3000,,'',1,7000,,'',1
'72-Weekday-1-23XMAS-1111100',7200,54800,0,'Toyota',1,6200,,'',1,3000,,'',1,6500,,'',1,2700,,'',1,7000,,'',1,3000,,'',1,57200,,'',1,3000,,'',1,7000,,'',1,3000,,'',1,7000,,'',1,3000,,'',1,7000,,'',1,3000,,'',1,48400,,'',1,3200,,'',1,6500,,'',1
'72-Weekday-1-23XMAS-1111100',7201,60400,4,'',1,3100,4,'',1,6700,4,'',1,2500,4,'',1,2800,4,'',1,7000,4,'',1,3000,4,'',1,57400,4,'',1,3000,4,'',1,7000,4,'',1,3000,4,'',1,7000,4,'',1,3000,4,'',1,7000,4,'',1,3000,4,'',1,47900,4,'',1,7400,4,'',1,2600,4,'',1
'203-Holiday1-3-23XMAS-0000001',20300,93500,4,'',1,10000,4,'',1,10000,4,'',1,10000,4,'',1,10000,4,'',1,10000,4,'',1,10000,4,'',1,10000,4,'',1,10000,4,'',1,9300,4,'',1,10000,4,'',1,10000,4,'',1,10000,4,'',1
'203-Holiday1-3-23XMAS-0000001',20301,94000,,'',1,10000,,'',1,10000,,'',1,10000,,'',1,10000,,'',1,10000,,'',1,10000,,'',1,10000,,'',1,10000,,'',1,8900,,'',1,10000,,'',1,10000,,'',1,10000,,'',1
'203-Saturday-2-23XMAS-0000010',20300,70500,4,'',1,10000,4,'',1,10000,4,'',1,10000,4,'',1,3000,4,'',1,7000,4,'',1,3000,4,'',1,7000,4,'',1,3000,4,'',1,7000,4,'',1,3000,4,'',1,7000,4,'',1,3000,4,'',1,7000,4,'',1,3000,4,'',1,7000,4,'',1,3000,4,'',1,7000,4,'',1,3000,4,'',1,6900,4,'',1,2900,4,'',1,9500,4,'',1,10000,4,'',1,10000,4,'',1
'203-Saturday-2-23XMAS-0000010',20301,71000,,'',1,10000,,'',1,10000,,'',1,10000,,'',1,3000,,'',1,7000,,'',1,3000,,'',1,7000,,'',1,3000,,'',1,7000,,'',1,3000,,'',1,7000,,'',1,3000,,'',1,7000,,'',1,3000,,'',1,7000,,'',1,3000,,'',1,7000,,'',1,3000,,'',1,7000,,'',1,3000,,'',1,9000,,'',1,10000,,'',1,10000,,'',1
'203-Sunday-2-23XMAS-0000001',20300,93500,4,'',1,10000,4,'',1,10000,4,'',1,10000,4,'',1,10000,4,'',1,10000,4,'',1,10000,4,'',1,10000,4,'',1,10000,4,'',1,9300,4,'',1,10000,4,'',1,10000,4,'',1,10000,4,'',1
'203-Sunday-2-23XMAS-0000001',20301,94000,,'',1,10000,,'',1,10000,,'',1,10000,,'',1,10000,,'',1,10000,,'',1,10000,,'',1,10000,,'',1,10000,,'',1,8900,,'',1,10000,,'',1,10000,,'',1,10000,,'',1
'203-Weekday-1-23XMAS-1111100',20300,63200,4,'',1,7600,4,'',1,2900,4,'',1,7000,4,'',1,3000,4,'',1,6800,4,'',1,3000,4,'',1,7000,4,'',1,3000,4,'',1,7000,4,'',1,3000,4,'',1,7000,4,'',1,3000,4,'',1,7000,4,'',1,3000,4,'',1,7000,4,'',1,3000,4,'',1,7300,4,'',1,3000,4,'',1,7000,4,'',1,3000,4,'',1,7000,4,'',1,3000,4,'',1,6800,4,'',1,2900,4,'',1,6500,4,'',1,3000,4,'',1,7000,4,'',1,3000,4,'',1,7000,4,'',1,3000,4,'',1,7000,4,'',1,3000,4,'',1,7000,4,'',1
'203-Weekday-1-23XMAS-1111100',20301,63600,,'',1,7300,,'',1,3000,,'',1,7000,,'',1,3000,,'',1,7100,,'',1,3000,,'',1,7000,,'',1,3000,,'',1,7000,,'',1,3000,,'',1,7000,,'',1,3000,,'',1,7000,,'',1,3000,,'',1,7200,,'',1,2600,,'',1,7100,,'',1,3200,,'',1,6900,,'',1,3000,,'',1,7000,,'',1,3000,,'',1,7000,,'',1,3000,,'',1,6100,,'',1,3000,,'',1,7000,,'',1,3100,,'',1,7000,,'',1,2800,,'',1,7000,,'',1,3000,,'',1,8500,,'',1
