'50-Holiday1-3-23FALL-0000001',5000,85000,4,'',1,10000,4,'',1,10300,4,'',1,10000,4,'',1,10000,4,'',1,10000,4,'',1,10000,4,'',1,10000,4,'',1,10000,4,'',1,10000,4,'',1,9700,4,'',1,10000,4,'',1,10000,4,'',1,10000,4,'',1,10000,4,'',1,10000,4,'',1
'50-Holiday1-3-23FALL-0000001',5001,81500,,'',1,10000,,'',1,10000,,'',1,10000,,'',1,10000,,'',1,10000,,'',1,10000,,'',1,10000,,'',1,10000,,'',1,10000,,'',1,10000,,'',1,10000,,'',1,10000,,'',1,10000,,'',1,10000,,'',1
'50-Saturday-1-23FALL-0000010',5000,72100,4,'',1,3000,4,'',1,7000,4,'',1,3000,4,'',1,7100,4,'',1,3200,4,'',1,7000,4,'',1,3000,4,'',1,7000,4,'',1,3000,4,'',1,7000,4,'',1,3000,4,'',1,7000,4,'',1,3000,4,'',1,7000,4,'',1,3000,4,'',1,7000,4,'',1,3000,4,'',1,7000,4,'',1,3000,4,'',1,7000,4,'',1,3000,4,'',1,8200,4,'',1,8500,4,'',1,8500,4,'',1,4500,4,'',1,8500,4,'',1,8500,4,'',1,8500,4,'',1,4500,4,'',1
'50-Saturday-1-23FALL-0000010',5001,73000,,'',1,7000,,'',1,3000,,'',1,7000,,'',1,3000,,'',1,7000,,'',1,3000,,'',1,7000,,'',1,3000,,'',1,7000,,'',1,3000,,'',1,7000,,'',1,3000,,'',1,7000,,'',1,3000,,'',1,7000,,'',1,3000,,'',1,7000,,'',1,3000,,'',1,7000,,'',1,3000,,'',1,7000,,'',1,4500,,'',1,8500,,'',1,8500,,'',1,8500,,'',1,4500,,'',1,8500,,'',1
'50-Sunday-1-23FALL-0000001',5000,85100,4,'',1,8500,4,'',1,8600,4,'',1,8700,4,'',1,4500,4,'',1,8500,4,'',1,8500,4,'',1,8500,4,'',1,4500,4,'',1,8500,4,'',1,8500,4,'',1,8500,4,'',1,4500,4,'',1,8200,4,'',1,8500,4,'',1,8500,4,'',1,4500,4,'',1,8500,4,'',1,8500,4,'',1,8500,4,'',1,4500,4,'',1
'50-Sunday-1-23FALL-0000001',5001,81500,,'',1,8500,,'',1,4500,,'',1,8500,,'',1,8500,,'',1,8500,,'',1,4500,,'',1,8500,,'',1,8500,,'',1,8500,,'',1,4500,,'',1,8500,,'',1,8500,,'',1,8500,,'',1,4500,,'',1,8500,,'',1,8500,,'',1,8500,,'',1,4500,,'',1,8500,,'',1
'50-Weekday-1-23FALL-1111100',5000,62100,4,'',1,3000,4,'',1,7100,4,'',1,3200,4,'',1,7000,4,'',1,3000,4,'',1,7000,4,'',1,3000,4,'',1,7000,4,'',1,3000,4,'',1,7000,4,'',1,3000,4,'',1,7000,4,'',1,3000,4,'',1,7000,4,'',1,3000,4,'',1,7300,4,'',1,3200,4,'',1,7000,4,'',1,3000,4,'',1,7000,4,'',1,3000,4,'',1,7000,4,'',1,3000,4,'',1,7000,4,'',1,2700,4,'',1,6800,4,'',1,3000,4,'',1,7000,4,'',1,3000,4,'',1,6900,4,'',1,2800,4,'',1,7000,4,'',1,3000,4,'',1,10000,4,'',1
'50-Weekday-1-23FALL-1111100',5001,60000,,'',1,3000,,'',1,7000,,'',1,3000,,'',1,7000,,'',1,3000,,'',1,7000,,'',1,3000,,'',1,7000,,'',1,3000,,'',1,7000,,'',1,3000,,'',1,7000,,'',1,3000,,'',1,7000,,'',1,3000,,'',1,7000,,'',1,3000,,'',1,7300,,'',1,2700,,'',1,7000,,'',1,3200,,'',1,6800,,'',1,3000,,'',1,7000,,'',1,3000,,'',1,7000,,'',1,3000,,'',1,7000,,'',1,3000,,'',1,7000,,'',1,3000,,'',1,7000,,'',1,10000,,'',1
'56-Saturday-1-23SUMM-0000010',5600,63000,,'',1,2800,4,'',1,4200,,'',1,2800,4,'',1,200,,'',1,2800,4,'',1,6800,4,'',1,200,,'',1,2800,4,'',1,200,,'',1,6800,4,'',1,200,,'',1,2800,4,'',1,200,,'',1,6800,4,'',1,200,,'',1,2900,4,'',1,100,,'',1,6900,4,'',1,100,,'',1,2900,4,'',1,100,,'',1,6900,4,'',1,100,,'',1,2900,4,'',1,100,,'',1,6900,4,'',1,100,,'',1,2900,4,'',1,100,,'',1,6900,4,'',1,100,,'',1,2900,4,'',1,100,,'',1,6900,4,'',1,100,,'',1,2900,4,'',1,100,,'',1,6900,4,'',1,100,,'',1,2900,4,'',1,100,,'',1,6900,4,'',1,100,,'',1,2900,4,'',1,4300,,'',1,2800,4,'',1,7300,,'',1,2600,4,'',1,7400,,'',1,2600,4,'',1,7400,,'',1,2600,4,'',1,7400,,'',1,2600,4,'',1,7400,,'',1,2600,4,'',1,7400,,'',1,2600,4,'',1
'56-Sunday-1-23SUMM-0000001',5600,80000,,'',1,2800,4,'',1,7200,,'',1,2800,4,'',1,7200,,'',1,2800,4,'',1,7200,,'',1,2800,4,'',1,3000,,'',1,6900,4,'',1,3100,,'',1,6900,4,'',1,3100,,'',1,6900,4,'',1,3100,,'',1,6900,4,'',1,3100,,'',1,6900,4,'',1,3100,,'',1,6900,4,'',1,7400,,'',1,2600,4,'',1,7400,,'',1,2600,4,'',1,7400,,'',1,2600,4,'',1,7400,,'',1,2600,4,'',1,7400,,'',1,2600,4,'',1,7400,,'',1,2600,4,'',1,7400,,'',1,2600,4,'',1
'56-Weekday-1-23SUMM-1111100',5600,54800,,'',1,6800,4,'',1,1200,,'',1,2800,4,'',1,200,,'',1,6800,4,'',1,200,,'',1,2800,4,'',1,100,,'',1,6800,4,'',1,300,,'',1,2800,4,'',1,200,,'',1,6800,4,'',1,200,,'',1,2800,4,'',1,200,,'',1,6800,4,'',1,200,,'',1,2800,4,'',1,200,,'',1,6800,4,'',1,200,,'',1,2800,4,'',1,200,,'',1,6800,4,'',1,200,,'',1,2800,4,'',1,200,,'',1,6800,4,'',1,200,,'',1,2700,,'',1,100,4,'',1,6900,,'',1,3000,,'',1,100,4,'',1,6900,,'',1,100,4,'',1,2900,,'',1,100,4,'',1,6900,,'',1,100,4,'',1,2900,,'',1,100,4,'',1,6900,,'',1,100,4,'',1,3000,4,'',1,4500,,'',1,2700,4,'',1,300,,'',1,2700,4,'',1,4300,,'',1,2700,4,'',1,300,,'',1,2700,4,'',1,4300,,'',1,2700,4,'',1,7300,,'',1,2700,4,'',1,7300,,'',1,2700,4,'',1,7300,,'',1,2700,4,'',1,7300,,'',1,2700,4,'',1
