100,3908,1,0
100,1095,2,0
100,3485,3,0
100,1180,4,0
100,3473,5,0
100,3466,6,0
100,3329,7,0
100,3330,8,0
100,3331,9,0
100,3332,10,0
100,3470,11,0
100,3335,12,0
100,3337,13,0
100,3338,14,0
100,3340,15,0
100,3341,16,0
100,3342,17,0
100,3637,18,0
100,3343,19,0
100,3482,20,0
100,3344,21,0
100,3345,22,0
100,3346,23,0
100,3347,24,0
100,3348,25,0
100,3349,26,0
100,3350,27,0
100,3351,28,0
100,3353,29,0
100,3354,30,0
100,3355,31,0
100,1982,32,0
100,2705,33,0
100,2706,34,0
100,2410,35,0
100,1377,36,0
100,1000,37,0
100,3575,38,0
100,2359,39,0
100,3578,40,0
100,2361,41,0
100,2362,42,0
100,2363,43,0
100,2366,44,0
100,2370,45,0
100,2371,46,0
100,2372,47,0
100,1012,48,0
100,1013,49,0
100,1014,50,0
100,1015,51,0
100,1016,52,0
100,1017,53,0
100,1018,54,0
100,1019,55,0
100,1693,56,0
100,1694,57,0
100,3480,58,0
100,3477,59,0
100,2619,60,0
100,3481,61,0
100,1041,62,0
100,1042,63,0
100,1043,64,0
100,1044,65,0
100,3497,66,1
101,3497,1,0
101,1047,2,0
101,1048,3,0
101,1049,4,0
101,1050,5,0
101,1866,6,0
101,3478,7,0
101,3479,8,0
101,1664,9,0
101,1665,10,0
101,1068,11,0
101,1069,12,0
101,1070,13,0
101,1071,14,0
101,1072,15,0
101,3574,16,0
101,1073,17,0
101,1074,18,0
101,2395,19,0
101,2396,20,0
101,2369,21,0
101,2400,22,0
101,2403,23,0
101,2404,24,0
101,2405,25,0
101,2407,26,0
101,2408,27,0
101,1088,28,0
101,1089,29,0
101,2713,30,0
101,5022,31,0
101,2754,32,0
101,3069,33,0
101,2755,34,0
101,3293,35,0
101,3294,36,0
101,3295,37,0
101,3296,38,0
101,3297,39,0
101,3298,40,0
101,3299,41,0
101,3300,42,0
101,3303,43,0
101,3304,44,0
101,3306,45,0
101,3307,46,0
101,3308,47,0
101,3309,48,0
101,3310,49,0
101,3311,50,0
101,3461,51,0
101,3472,52,0
101,3317,53,0
101,3471,54,0
101,3469,55,0
101,3368,56,0
101,3468,57,0
101,3384,58,0
101,3467,59,0
101,3476,60,0
101,1203,61,0
101,3487,62,0
101,1101,63,0
101,3908,64,1
200,3471,1,0
200,3548,2,0
200,3378,3,0
200,3364,4,0
200,3365,5,0
200,3366,6,0
200,3367,7,0
200,3368,8,0
200,3549,9,0
200,3550,10,0
200,3373,11,0
200,3551,12,0
200,3470,13,0
200,3154,14,0
200,3500,15,0
200,3155,16,0
200,3383,17,0
200,3343,18,0
200,2981,19,0
200,2982,20,0
200,2983,21,0
200,3094,22,0
200,3095,23,0
200,3096,24,0
200,3097,25,0
200,3098,26,0
200,3099,27,0
200,3100,28,0
200,3102,29,0
200,3103,30,0
200,2309,31,0
200,2914,32,0
200,2915,33,0
200,2916,34,0
200,2917,35,0
200,1391,36,0
200,2921,37,0
200,1939,38,0
200,2850,39,0
200,2851,40,0
200,1953,41,0
200,2922,42,0
200,2923,43,0
200,1668,44,1
201,1668,1,0
201,2926,2,0
201,1940,3,0
201,2633,4,0
201,2634,5,0
201,2635,6,0
201,2936,7,0
201,1388,8,0
201,2918,9,0
201,2927,10,0
201,2928,11,0
201,2929,12,0
201,2311,13,0
201,3075,14,0
201,3076,15,0
201,3083,16,0
201,3084,17,0
201,3085,18,0
201,2828,19,0
201,2825,20,0
201,3091,21,0
201,3093,22,0
201,2971,23,0
201,2972,24,0
201,3306,25,0
201,3307,26,0
201,3359,27,0
201,2824,28,0
201,3501,29,0
201,2822,30,0
201,3471,31,1
300,5037,1,0
300,4096,2,0
300,1545,3,0
300,2898,4,0
300,4094,5,0
300,2901,6,0
300,2902,7,0
300,2903,8,0
300,2904,9,0
300,2905,10,0
300,2938,11,0
300,3021,12,0
300,1134,13,0
300,3053,14,0
300,2908,15,0
300,2910,16,0
300,2911,17,0
300,2912,18,0
300,2913,19,0
300,2914,20,0
300,2915,21,0
300,2916,22,0
300,1386,23,0
300,2919,24,0
300,2920,25,0
300,2579,26,0
300,1000,27,1
301,1088,1,0
301,1385,2,0
301,2924,3,0
301,2925,4,0
301,1387,5,0
301,2927,6,0
301,2928,7,0
301,2929,8,0
301,2930,9,0
301,2931,10,0
301,2932,11,0
301,2933,12,0
301,2934,13,0
301,2935,14,0
301,3052,15,0
301,1151,16,0
301,3051,17,0
301,1192,18,0
301,2863,19,0
301,2864,20,0
301,2865,21,0
301,2866,22,0
301,2867,23,0
301,2868,24,0
301,2869,25,0
301,2870,26,0
301,1489,27,0
301,4095,28,0
301,5037,29,1
400,4003,1,0
400,3663,2,0
400,3664,3,0
400,3264,4,0
400,3265,5,0
400,3167,6,0
400,3266,7,0
400,3268,8,0
400,3269,9,0
400,3270,10,0
400,3271,11,0
400,3272,12,0
400,3273,13,0
400,3274,14,0
400,3275,15,0
400,3277,16,0
400,3278,17,0
400,3279,18,0
400,1900,19,0
400,1902,20,0
400,3283,21,0
400,3284,22,0
400,3285,23,0
400,1083,24,0
400,1092,25,0
400,2468,26,0
400,2469,27,0
400,2471,28,0
400,2472,29,0
400,2838,30,0
400,2839,31,0
400,2840,32,0
400,2841,33,0
400,2358,34,0
400,2842,35,0
400,1088,36,1
401,1000,1,0
401,2319,2,0
401,2320,3,0
401,2654,4,0
401,2690,5,0
401,2657,6,0
401,2658,7,0
401,2659,8,0
401,2491,9,0
401,2492,10,0
401,2493,11,0
401,2660,12,0
401,1005,13,0
401,3237,14,0
401,3238,15,0
401,3239,16,0
401,2538,17,0
401,1272,18,0
401,3242,19,0
401,3243,20,0
401,3244,21,0
401,3245,22,0
401,3246,23,0
401,3248,24,0
401,3249,25,0
401,3250,26,0
401,3251,27,0
401,3252,28,0
401,3253,29,0
401,3254,30,0
401,3255,31,0
401,3256,32,0
401,3257,33,0
401,3258,34,0
401,3259,35,0
401,3260,36,0
401,3879,37,0
401,3880,38,0
401,3662,39,0
401,4003,40,1
500,4003,1,0
500,3663,2,0
500,3664,3,0
500,4064,4,0
500,4066,5,0
500,4068,6,0
500,4069,7,0
500,4070,8,0
500,1984,9,0
500,1994,10,0
500,1995,11,0
500,1996,12,0
500,1997,13,0
500,1998,14,0
500,1999,15,0
500,2000,16,0
500,2001,17,0
500,2002,18,0
500,2003,19,0
500,2004,20,0
500,1270,21,0
500,3743,22,0
500,1907,23,0
500,2006,24,0
500,2007,25,0
500,2009,26,0
500,2010,27,0
500,2011,28,0
500,2012,29,0
500,2013,30,0
500,2014,31,0
500,2015,32,0
500,2020,33,0
500,2021,34,0
500,2424,35,0
500,2425,36,0
500,2426,37,0
500,2427,38,0
500,2428,39,0
500,2429,40,0
500,2430,41,0
500,2431,42,0
500,2432,43,0
500,2433,44,0
500,2434,45,1
501,2434,1,0
501,2435,2,0
501,2436,3,0
501,2437,4,0
501,2438,5,0
501,2439,6,0
501,1943,7,0
501,1944,8,0
501,1945,9,0
501,1946,10,0
501,1947,11,0
501,1948,12,0
501,1949,13,0
501,1950,14,0
501,1951,15,0
501,1952,16,0
501,1954,17,0
501,1955,18,0
501,1956,19,0
501,1957,20,0
501,4015,21,0
501,1959,22,0
501,1960,23,0
501,1907,24,0
501,4099,25,0
501,1961,26,0
501,1962,27,0
501,1963,28,0
501,1964,29,0
501,1965,30,0
501,1966,31,0
501,1967,32,0
501,1968,33,0
501,1969,34,0
501,1970,35,0
501,1971,36,0
501,4056,37,0
501,4071,38,0
501,1985,39,0
501,1986,40,0
501,1988,41,0
501,4067,42,0
501,4065,43,0
501,4063,44,0
501,3880,45,0
501,3662,46,0
501,4003,47,1
600,3493,1,0
600,2497,2,0
600,2506,3,0
600,2736,4,0
600,2737,5,0
600,2738,6,0
600,2470,7,0
600,2349,8,0
600,2296,9,0
600,2745,10,0
600,2746,11,0
600,2748,12,0
600,2749,13,0
600,2750,14,0
600,2751,15,0
600,2752,16,0
600,2753,17,0
600,2410,18,0
600,1376,19,0
600,1313,20,0
600,1292,21,0
600,1893,22,0
600,2409,23,0
600,2411,24,0
600,2412,25,0
600,2413,26,0
600,2414,27,0
600,2415,28,0
600,2416,29,0
600,2417,30,0
600,2418,31,0
600,2419,32,0
600,2420,33,0
600,2421,34,0
600,2422,35,0
600,3657,36,0
600,2423,37,0
600,2020,38,0
600,2021,39,0
600,2424,40,0
600,2022,41,0
600,2023,42,0
600,4031,43,0
600,4033,44,0
600,3673,45,0
600,4034,46,0
600,3789,47,0
600,3790,48,0
600,1925,49,0
600,4037,50,0
600,4028,51,0
600,4016,52,0
600,4050,53,0
600,4009,54,0
600,2088,55,0
600,4043,56,0
600,1212,57,0
600,1126,58,1
601,1126,1,0
601,2809,2,0
601,2810,3,0
601,4042,4,0
601,1920,5,0
601,4008,6,0
601,4051,7,0
601,4038,8,0
601,4029,9,0
601,4036,10,0
601,4035,11,0
601,3783,12,0
601,3784,13,0
601,3679,14,0
601,3680,15,0
601,4032,16,0
601,4030,17,0
601,1941,18,0
601,1942,19,0
601,1943,20,0
601,1944,21,0
601,1945,22,0
601,2440,23,0
601,2441,24,0
601,2442,25,0
601,2443,26,0
601,2444,27,0
601,2445,28,0
601,2446,29,0
601,2447,30,0
601,2448,31,0
601,2449,32,0
601,2450,33,0
601,3744,34,0
601,2451,35,0
601,2453,36,0
601,2454,37,0
601,1901,38,0
601,1273,39,0
601,2713,40,0
601,5022,41,0
601,2715,42,0
601,2716,43,0
601,3618,44,0
601,2718,45,0
601,2719,46,0
601,2721,47,0
601,2722,48,0
601,2724,49,0
601,2725,50,0
601,2115,51,0
601,1463,52,0
601,2452,53,0
601,2732,54,0
601,2733,55,0
601,2734,56,0
601,2594,57,0
601,2595,58,0
601,3493,59,1
700,3490,1,0
700,2584,2,0
700,2585,3,0
700,2586,4,0
700,2587,5,0
700,2589,6,0
700,2590,7,0
700,2603,8,0
700,2605,9,0
700,2606,10,0
700,1878,11,0
700,1880,12,0
700,1881,13,0
700,1882,14,0
700,1883,15,0
700,1884,16,0
700,1885,17,0
700,1886,18,0
700,2564,19,0
700,1888,20,0
700,1889,21,0
700,1890,22,0
700,1891,23,0
700,1892,24,0
700,1893,25,0
700,1896,26,0
700,1897,27,0
700,1898,28,0
700,1900,29,0
700,1902,30,0
700,1904,31,0
700,1907,32,0
700,1909,33,0
700,1910,34,0
700,1911,35,0
700,1913,36,0
700,1914,37,0
700,1915,38,0
700,1916,39,0
700,1917,40,0
700,1918,41,0
700,1919,42,0
700,1130,43,0
700,3621,44,1
701,1125,1,0
701,1130,2,0
701,2504,3,0
701,2505,4,0
701,2507,5,0
701,2508,6,0
701,2509,7,0
701,2532,8,0
701,1165,9,0
701,2533,10,0
701,3581,11,0
701,2535,12,0
701,4099,13,0
701,1270,14,0
701,3743,15,0
701,1907,16,0
701,1957,17,0
701,4048,18,0
701,1959,19,0
701,2536,20,0
701,2538,21,0
701,2540,22,0
701,2542,23,0
701,2543,24,0
701,2544,25,0
701,1901,26,0
701,2457,27,0
701,2458,28,0
701,2562,29,0
701,2561,30,0
701,3730,31,0
701,1887,32,0
701,2565,33,0
701,3579,34,0
701,2567,35,0
701,2568,36,0
701,2569,37,0
701,2570,38,0
701,2571,39,0
701,2572,40,0
701,3661,41,0
701,2573,42,0
701,2575,43,0
701,2576,44,0
701,2577,45,0
701,2578,46,0
701,2580,47,0
701,2581,48,0
701,2582,49,0
701,2583,50,0
701,3490,51,1
800,3498,1,0
800,1047,2,0
800,2621,3,0
800,2622,4,0
800,2623,5,0
800,1870,6,0
800,1871,7,0
800,1872,8,0
800,1873,9,0
800,1874,10,0
800,1875,11,0
800,1876,12,0
800,3715,13,0
800,2615,14,0
800,2616,15,0
800,2563,16,0
800,2636,17,0
800,2649,18,0
800,2651,19,0
800,2653,20,0
800,2408,21,0
800,1375,22,0
800,1879,23,0
800,1893,24,0
800,2541,25,0
800,2462,26,0
800,2463,27,0
800,2464,28,0
800,2465,29,0
800,2466,30,0
800,2537,31,0
800,2661,32,0
800,2663,33,0
800,2664,34,0
800,2665,35,0
800,2666,36,0
800,2668,37,0
800,2667,38,0
800,2670,39,0
800,2671,40,0
800,3621,41,1
801,2785,1,0
801,2786,2,0
801,2787,3,0
801,2833,4,0
801,2834,5,0
801,2835,6,0
801,3606,7,0
801,2836,8,0
801,2534,9,0
801,2494,10,0
801,2495,11,0
801,2496,12,0
801,2498,13,0
801,2499,14,0
801,2539,15,0
801,1474,16,0
801,1901,17,0
801,1899,18,0
801,3575,19,0
801,2359,20,0
801,2843,21,0
801,2844,22,0
801,2845,23,0
801,2847,24,0
801,2848,25,0
801,2566,26,0
801,2617,27,0
801,2618,28,0
801,3576,29,0
801,2610,30,0
801,2611,31,0
801,3642,32,0
801,2612,33,0
801,2613,34,0
801,2614,35,0
801,2861,36,0
801,2862,37,0
801,1043,38,0
801,1044,39,0
801,3498,40,1
900,2530,1,0
900,2518,2,0
900,4074,3,0
900,3865,4,0
900,3630,5,0
900,3866,6,0
900,3867,7,0
900,3626,8,0
900,1181,9,0
900,1182,10,0
900,1183,11,0
900,1184,12,0
900,1185,13,0
900,1186,14,0
900,1187,15,0
900,1188,16,0
900,1189,17,0
900,1190,18,0
900,1191,19,0
900,1193,20,0
900,1194,21,0
900,1195,22,0
900,1196,23,0
900,1197,24,0
900,1198,25,0
900,1199,26,0
900,1200,27,0
900,1257,28,0
900,1201,29,0
900,1202,30,0
900,1212,31,0
900,1128,32,1
901,1128,1,0
901,2809,2,0
901,2810,3,0
901,1131,4,0
901,1132,5,0
901,1256,6,0
901,1135,7,0
901,1136,8,0
901,1137,9,0
901,1138,10,0
901,1139,11,0
901,1140,12,0
901,1141,13,0
901,1142,14,0
901,1143,15,0
901,1144,16,0
901,1145,17,0
901,1146,18,0
901,1147,19,0
901,1148,20,0
901,1149,21,0
901,1150,22,0
901,1152,23,0
901,3627,24,0
901,3868,25,0
901,3869,26,0
901,3629,27,0
901,3870,28,0
901,4075,29,0
901,1123,30,1
1000,1732,1,0
1000,1734,2,0
1000,1735,3,0
1000,1736,4,0
1000,1737,5,0
1000,1738,6,0
1000,1739,7,0
1000,1740,8,0
1000,1741,9,0
1000,1742,10,0
1000,1743,11,0
1000,1744,12,0
1000,1746,13,0
1000,1747,14,0
1000,1748,15,0
1000,1755,16,0
1000,1756,17,0
1000,1757,18,0
1000,1758,19,0
1000,1759,20,0
1000,1760,21,0
1000,1761,22,0
1000,1762,23,0
1000,1763,24,0
1000,1764,25,0
1000,3489,26,1
1001,3489,1,0
1001,1697,2,0
1001,1698,3,0
1001,1699,4,0
1001,1700,5,0
1001,1701,6,0
1001,1702,7,0
1001,1703,8,0
1001,1704,9,0
1001,1705,10,0
1001,1706,11,0
1001,1714,12,0
1001,1715,13,0
1001,1745,14,0
1001,1824,15,0
1001,1717,16,0
1001,1718,17,0
1001,1719,18,0
1001,1720,19,0
1001,1721,20,0
1001,1722,21,0
1001,1723,22,0
1001,1724,23,0
1001,1725,24,0
1001,1726,25,0
1001,1727,26,0
1001,1826,27,0
1001,1827,28,0
1001,1867,29,0
1001,3641,30,0
1001,1731,31,0
1001,1732,32,1
1200,3492,1,0
1200,1854,2,0
1200,1855,3,0
1200,1856,4,0
1200,1857,5,0
1200,1858,6,0
1200,1860,7,0
1200,1861,8,0
1200,3608,9,0
1200,1862,10,0
1200,1863,11,0
1200,2061,12,0
1200,2062,13,0
1200,2063,14,0
1200,2064,15,0
1200,3667,16,0
1200,3668,17,0
1200,2065,18,0
1200,2066,19,0
1200,3190,20,0
1200,1695,21,0
1200,3191,22,0
1200,3192,23,0
1200,1428,24,0
1200,3193,25,0
1200,3194,26,0
1200,3195,27,0
1200,3196,28,0
1200,3197,29,0
1200,3909,30,0
1200,3910,31,0
1200,3911,32,0
1200,3912,33,0
1200,3913,34,0
1200,3914,35,0
1200,2772,36,0
1200,2773,37,0
1200,2774,38,0
1200,2775,39,0
1200,4053,40,0
1200,2777,41,0
1200,2778,42,0
1200,2779,43,0
1200,2780,44,0
1200,1090,45,0
1200,3943,46,0
1200,3945,47,0
1200,2783,48,0
1200,3620,49,0
1200,2785,50,1
1201,3621,1,0
1201,3619,2,0
1201,2673,3,0
1201,2674,4,0
1201,2675,5,0
1201,2676,6,0
1201,2677,7,0
1201,2678,8,0
1201,2679,9,0
1201,2680,10,0
1201,2681,11,0
1201,2682,12,0
1201,2683,13,0
1201,2685,14,0
1201,3920,15,0
1201,3919,16,0
1201,3918,17,0
1201,3917,18,0
1201,3916,19,0
1201,3915,20,0
1201,3178,21,0
1201,3179,22,0
1201,3180,23,0
1201,3086,24,0
1201,3181,25,0
1201,3182,26,0
1201,3183,27,0
1201,3184,28,0
1201,1696,29,0
1201,3185,30,0
1201,2057,31,0
1201,3503,32,0
1201,3504,33,0
1201,2058,34,0
1201,2059,35,0
1201,2060,36,0
1201,2105,37,0
1201,1846,38,0
1201,1847,39,0
1201,3607,40,0
1201,1848,41,0
1201,1849,42,0
1201,1850,43,0
1201,1851,44,0
1201,1852,45,0
1201,1853,46,0
1201,3492,47,0
1201,4094,48,1
1300,4002,1,0
1300,1040,2,0
1300,1037,3,0
1300,3903,4,0
1300,3905,5,0
1300,3689,6,0
1300,3690,7,0
1300,3691,8,0
1300,3451,9,0
1300,3452,10,0
1300,4088,11,0
1300,3453,12,0
1300,1106,13,0
1300,3392,14,0
1300,4085,15,0
1300,4014,16,0
1300,1107,17,0
1300,1108,18,0
1300,1109,19,0
1300,1110,20,0
1300,1111,21,0
1300,1112,22,0
1300,3949,23,0
1300,1113,24,0
1300,1114,25,0
1300,1115,26,0
1300,1116,27,0
1300,1117,28,0
1300,1118,29,0
1300,1119,30,0
1300,1120,31,0
1300,3899,32,0
1300,1123,33,1
1301,1123,1,0
1301,2515,2,0
1301,2516,3,0
1301,2530,4,0
1301,2518,5,0
1301,2531,6,0
1301,1096,7,0
1301,1097,8,0
1301,1098,9,0
1301,1099,10,0
1301,4026,11,0
1301,4076,12,0
1301,4077,13,0
1301,4078,14,0
1301,4079,15,0
1301,4080,16,0
1301,4081,17,0
1301,4082,18,0
1301,4083,19,0
1301,4014,20,0
1301,4084,21,0
1301,4086,22,0
1301,3454,23,0
1301,3455,24,0
1301,4087,25,0
1301,3456,26,0
1301,3446,27,0
1301,1979,28,0
1301,1980,29,0
1301,1981,30,0
1301,3685,31,0
1301,3906,32,0
1301,3904,33,0
1301,1293,34,0
1301,3901,35,0
1301,4002,36,1
1401,3800,1,0
1401,1205,2,0
1401,1206,3,0
1401,1207,4,0
1401,1208,5,0
1401,1209,6,0
1401,1210,7,0
1401,1215,8,0
1401,1216,9,0
1401,1217,10,0
1401,1218,11,0
1401,1219,12,0
1401,1220,13,0
1401,3847,14,1
1600,1732,1,0
1600,1734,2,0
1600,2308,3,0
1600,1868,4,0
1600,1828,5,0
1600,1829,6,0
1600,1830,7,0
1600,3746,8,0
1600,1831,9,0
1600,1709,10,0
1600,1710,11,0
1600,1711,12,0
1600,1832,13,0
1600,1833,14,0
1600,1834,15,0
1600,1835,16,0
1600,1836,17,0
1600,1837,18,0
1600,1838,19,0
1600,3843,20,0
1600,1839,21,0
1600,1840,22,0
1600,1841,23,0
1600,1842,24,0
1600,1843,25,0
1600,1844,26,0
1600,1845,27,0
1600,1864,28,0
1600,1865,29,0
1600,1666,30,0
1600,3017,31,0
1600,3018,32,0
1600,3019,33,0
1600,3020,34,0
1600,2906,35,0
1600,2907,36,0
1600,2908,37,0
1600,3054,38,0
1600,3055,39,0
1600,3056,40,0
1600,3057,41,0
1600,3058,42,0
1600,2338,43,0
1600,2401,44,0
1600,3105,45,0
1600,2830,46,0
1600,2367,47,0
1600,2757,48,0
1600,2758,49,0
1600,2759,50,0
1600,2760,51,0
1600,2761,52,0
1600,2762,53,0
1600,2763,54,0
1600,2764,55,0
1600,2765,56,0
1600,2766,57,0
1600,2767,58,0
1600,1958,59,0
1600,3281,60,0
1600,1934,61,0
1600,1904,62,0
1600,1907,63,1
1601,1907,1,0
1601,4099,2,0
1601,1270,3,0
1601,3743,4,0
1601,2536,5,0
1601,2538,6,0
1601,1272,7,0
1601,1922,8,0
1601,2689,9,0
1601,3897,10,0
1601,2692,11,0
1601,2693,12,0
1601,2694,13,0
1601,2695,14,0
1601,2696,15,0
1601,2697,16,0
1601,2698,17,0
1601,2699,18,0
1601,2701,19,0
1601,2702,20,0
1601,2368,21,0
1601,2829,22,0
1601,2820,23,0
1601,2402,24,0
1601,2334,25,0
1601,2406,26,0
1601,3063,27,0
1601,3064,28,0
1601,3065,29,0
1601,3066,30,0
1601,3067,31,0
1601,2935,32,0
1601,2937,33,0
1601,3229,34,0
1601,2938,35,0
1601,2939,36,0
1601,2940,37,0
1601,2941,38,0
1601,2884,39,0
1601,1548,40,0
1601,1773,41,0
1601,1774,42,0
1601,1776,43,0
1601,1804,44,0
1601,1805,45,0
1601,1806,46,0
1601,1807,47,0
1601,1022,48,0
1601,3844,49,0
1601,1809,50,0
1601,1810,51,0
1601,1811,52,0
1601,1812,53,0
1601,1820,54,0
1601,1821,55,0
1601,1822,56,0
1601,1751,57,0
1601,1752,58,0
1601,1823,59,0
1601,1745,60,0
1601,1824,61,0
1601,1826,62,0
1601,1827,63,0
1601,1867,64,0
1601,3641,65,0
1601,1731,66,0
1601,1732,67,1
1900,1123,1,0
1900,1090,2,0
1900,3943,3,0
1900,3945,4,0
1900,2783,5,0
1900,1167,6,0
1900,1168,7,0
1900,1171,8,0
1900,1172,9,0
1900,1173,10,0
1900,1174,11,0
1900,1175,12,0
1900,1176,13,0
1900,1177,14,0
1900,1178,15,0
1900,2460,16,0
1900,3776,17,0
1900,3777,18,0
1900,3324,19,0
1900,3325,20,0
1900,3326,21,0
1900,3319,22,0
1900,3320,23,0
1900,3321,24,0
1900,3322,25,0
1900,3323,26,0
1900,3327,27,0
1900,2353,28,0
1900,3833,29,1
1901,3833,1,0
1901,2354,2,0
1901,2355,3,0
1901,2356,4,0
1901,2357,5,0
1901,2364,6,0
1901,2365,7,0
1901,3323,8,0
1901,1256,9,0
1901,2574,10,0
1901,2455,11,0
1901,2456,12,0
1901,1155,13,0
1901,1157,14,0
1901,1158,15,0
1901,1159,16,0
1901,1160,17,0
1901,1161,18,0
1901,3623,19,0
1901,1162,20,0
1901,1163,21,0
1901,3682,22,0
1901,2673,23,0
1901,2674,24,0
1901,2675,25,0
1901,3683,26,0
1901,2516,27,0
1901,2530,28,1
2000,3881,1,0
2000,3554,2,0
2000,3553,3,0
2000,3555,4,0
2000,3208,5,0
2000,3210,6,0
2000,3142,7,0
2000,3212,8,0
2000,3214,9,0
2000,3215,10,0
2000,3216,11,0
2000,3217,12,0
2000,3218,13,0
2000,3219,14,0
2000,3220,15,0
2000,3564,16,0
2000,3221,17,0
2000,3222,18,0
2000,3565,19,0
2000,3224,20,0
2000,3225,21,0
2000,3227,22,0
2000,3226,23,0
2000,1899,24,0
2000,3575,25,0
2000,1001,26,0
2000,1002,27,0
2000,1003,28,0
2000,1004,29,0
2000,1006,30,0
2000,1007,31,0
2000,1008,32,0
2000,1009,33,0
2000,1010,34,0
2000,3559,35,0
2000,2333,36,0
2000,2335,37,0
2000,2336,38,0
2000,1680,39,0
2000,1681,40,0
2000,1682,41,0
2000,1683,42,0
2000,1684,43,0
2000,2394,44,0
2000,1014,45,0
2000,1015,46,0
2000,1016,47,0
2000,1017,48,0
2000,1668,49,1
2001,1668,1,0
2001,1071,2,0
2001,1072,3,0
2001,3574,4,0
2001,2373,5,0
2001,2389,6,0
2001,3561,7,0
2001,2344,8,0
2001,2345,9,0
2001,2346,10,0
2001,2347,11,0
2001,2348,12,0
2001,3560,13,0
2001,2350,14,0
2001,1076,15,0
2001,1077,16,0
2001,1079,17,0
2001,1081,18,0
2001,1080,19,0
2001,1082,20,0
2001,1084,21,0
2001,1085,22,0
2001,1086,23,0
2001,1375,24,0
2001,1879,25,0
2001,1474,26,0
2001,3110,27,0
2001,3111,28,0
2001,3112,29,0
2001,3566,30,0
2001,3113,31,0
2001,3114,32,0
2001,3115,33,0
2001,3116,34,0
2001,3117,35,0
2001,3118,36,0
2001,3119,37,0
2001,3126,38,0
2001,3128,39,0
2001,3129,40,0
2001,3130,41,0
2001,3132,42,0
2001,3556,43,0
2001,3552,44,0
2001,1101,45,0
2001,3881,46,1
2100,3798,1,0
2100,4004,2,0
2100,2089,3,0
2100,3848,4,0
2100,2090,5,0
2100,3727,6,0
2100,3807,7,0
2100,2091,8,0
2100,4040,9,0
2100,3836,10,0
2100,3808,11,0
2100,2092,12,0
2100,4090,13,0
2100,2093,14,0
2100,2094,15,0
2100,3809,16,0
2100,3729,17,0
2100,3837,18,0
2100,3884,19,0
2100,3838,20,0
2100,3810,21,0
2100,3811,22,0
2100,3812,23,0
2100,3813,24,0
2100,3873,25,0
2100,3814,26,0
2100,3815,27,0
2100,3816,28,0
2100,3817,29,1
2101,3817,1,0
2101,3818,2,0
2101,3819,3,0
2101,3820,4,0
2101,3821,5,0
2101,3822,6,0
2101,3823,7,0
2101,3824,8,0
2101,3825,9,0
2101,3826,10,0
2101,3827,11,0
2101,3839,12,0
2101,3885,13,0
2101,3840,14,0
2101,3828,15,0
2101,3829,16,0
2101,3830,17,0
2101,4089,18,0
2101,3831,19,0
2101,3832,20,0
2101,3841,21,0
2101,4039,22,0
2101,3833,23,0
2101,3834,24,0
2101,3728,25,0
2101,2095,26,0
2101,3847,27,0
2101,3798,28,1
2200,1676,1,0
2200,2991,2,0
2200,2992,3,0
2200,2993,4,0
2200,2995,5,0
2200,2996,6,0
2200,2997,7,0
2200,2998,8,0
2200,2999,9,0
2200,3000,10,0
2200,3001,11,0
2200,3002,12,0
2200,2065,13,0
2200,3005,14,0
2200,2328,15,0
2200,2329,16,0
2200,2330,17,0
2200,2331,18,0
2200,2332,19,0
2200,3016,20,0
2200,2884,21,0
2200,1548,22,0
2200,3037,23,0
2200,3038,24,0
2200,1662,25,0
2200,3043,26,0
2200,3044,27,0
2200,1028,28,0
2200,2024,29,0
2200,2025,30,0
2200,1669,31,0
2200,1670,32,0
2200,1463,33,1
2201,1463,1,0
2201,3474,2,0
2201,1033,3,0
2201,2086,4,0
2201,3028,5,0
2201,3029,6,0
2201,1663,7,0
2201,3035,8,0
2201,3036,9,0
2201,1666,10,0
2201,2885,11,0
2201,2942,12,0
2201,2943,13,0
2201,2944,14,0
2201,2305,15,0
2201,2306,16,0
2201,2307,17,0
2201,2952,18,0
2201,2953,19,0
2201,2954,20,0
2201,2955,21,0
2201,2956,22,0
2201,2957,23,0
2201,2958,24,0
2201,2959,25,0
2201,2960,26,0
2201,2961,27,0
2201,2962,28,0
2201,2963,29,0
2201,1676,30,1
2300,3491,1,0
2300,1047,2,0
2300,1048,3,0
2300,1049,4,0
2300,1050,5,0
2300,1052,6,0
2300,3568,7,0
2300,1053,8,0
2300,3725,9,0
2300,2029,10,0
2300,2031,11,0
2300,2032,12,0
2300,2033,13,0
2300,2034,14,0
2300,2036,15,0
2300,2037,16,0
2300,2042,17,0
2300,2043,18,0
2300,3507,19,0
2300,2056,20,0
2300,1026,21,0
2300,1027,22,0
2300,3395,23,0
2300,1689,24,0
2300,1690,25,0
2300,2379,26,0
2300,2380,27,0
2300,2381,28,0
2300,1668,29,1
2301,1668,1,0
2301,2382,2,0
2301,2383,3,0
2301,2384,4,0
2301,1671,5,0
2301,1030,6,0
2301,1334,7,0
2301,1059,8,0
2301,1060,9,0
2301,2017,10,0
2301,1061,11,0
2301,1062,12,0
2301,2018,13,0
2301,2019,14,0
2301,1990,15,0
2301,1991,16,0
2301,1993,17,0
2301,2008,18,0
2301,2028,19,0
2301,2030,20,0
2301,3726,21,0
2301,1038,22,0
2301,3570,23,0
2301,1039,24,0
2301,3731,25,0
2301,3481,26,0
2301,1041,27,0
2301,1042,28,0
2301,1043,29,0
2301,1044,30,0
2301,3491,31,1
2600,1463,1,0
2600,3474,2,0
2600,1033,3,0
2600,2398,4,0
2600,2399,5,0
2600,1792,6,0
2600,1793,7,0
2600,1794,8,0
2600,1691,9,0
2600,1843,10,0
2600,1777,11,0
2600,1778,12,0
2600,1779,13,0
2600,1780,14,0
2600,1781,15,1
2601,1781,1,0
2601,3724,2,0
2601,1782,3,0
2601,1783,4,0
2601,1784,5,0
2601,1785,6,0
2601,1786,7,0
2601,1787,8,0
2601,1788,9,0
2601,2385,10,0
2601,2386,11,0
2601,2024,12,0
2601,2025,13,0
2601,1463,14,1
2700,3491,1,0
2700,1047,2,0
2700,2621,3,0
2700,2473,4,0
2700,2474,5,0
2700,2475,6,0
2700,2476,7,0
2700,2477,8,0
2700,1647,9,0
2700,1648,10,0
2700,1649,11,0
2700,1650,12,0
2700,1651,13,1
2701,1651,1,0
2701,1652,2,0
2701,1653,3,0
2701,2479,4,0
2701,2480,5,0
2701,2481,6,0
2701,1657,7,0
2701,1658,8,0
2701,1659,9,0
2701,1660,10,0
2701,1042,11,0
2701,1043,12,0
2701,1044,13,0
2701,3491,14,1
2800,3493,1,0
2800,2497,2,0
2800,2506,3,0
2800,2597,4,0
2800,2599,5,0
2800,2600,6,0
2800,2601,7,0
2800,2602,8,0
2800,2603,9,0
2800,2968,10,0
2800,2624,11,0
2800,2625,12,0
2800,2626,13,0
2800,2627,14,0
2800,2628,15,0
2800,2629,16,0
2800,2630,17,0
2800,1953,18,0
2800,2922,19,0
2800,2923,20,0
2800,1668,21,1
2801,1668,1,0
2801,2926,2,0
2801,2853,3,0
2801,2854,4,0
2801,2855,5,0
2801,2856,6,0
2801,2857,7,0
2801,2858,8,0
2801,2859,9,0
2801,2860,10,0
2801,2967,11,0
2801,2575,12,0
2801,2576,13,0
2801,2591,14,0
2801,2592,15,0
2801,2593,16,0
2801,2594,17,0
2801,2595,18,0
2801,3493,19,1
2900,4003,1,0
2900,1040,2,0
2900,1037,3,0
2900,3903,4,0
2900,3905,5,0
2900,3689,6,0
2900,3690,7,0
2900,3691,8,0
2900,3692,9,0
2900,3693,10,0
2900,3694,11,0
2900,3695,12,0
2900,3463,13,0
2900,3464,14,0
2900,3149,15,0
2900,3150,16,0
2900,3151,17,0
2900,3153,18,0
2900,3631,19,0
2900,2780,20,0
2900,1090,21,0
2900,3943,22,0
2900,3945,23,0
2900,2783,24,0
2900,3620,25,0
2900,2785,26,0
2900,2786,27,0
2900,2787,28,0
2900,2833,29,0
2900,2834,30,0
2900,4058,31,0
2900,4059,32,0
2900,4061,33,0
2900,2793,34,0
2900,2794,35,0
2900,2795,36,0
2900,3672,37,0
2900,3673,38,0
2900,3674,39,0
2900,3675,40,0
2900,2821,41,0
2900,3676,42,0
2900,2803,43,0
2900,2804,44,0
2900,2805,45,0
2900,2806,46,0
2900,2807,47,0
2900,2808,48,0
2900,3882,49,0
2900,1129,50,1
2901,1129,1,0
2901,2811,2,0
2901,2812,3,0
2901,2813,4,0
2901,2814,5,0
2901,2815,6,0
2901,2817,7,0
2901,3677,8,0
2901,3678,9,0
2901,2800,10,0
2901,2801,11,0
2901,3679,12,0
2901,3680,13,0
2901,4054,14,0
2901,2826,15,0
2901,2827,16,0
2901,4062,17,0
2901,4060,18,0
2901,4057,19,0
2901,2666,20,0
2901,2668,21,0
2901,2667,22,0
2901,2670,23,0
2901,2671,24,0
2901,1166,25,0
2901,3619,26,0
2901,2673,27,0
2901,2674,28,0
2901,2675,29,0
2901,2676,30,0
2901,2677,31,0
2901,3589,32,0
2901,3156,33,0
2901,3158,34,0
2901,3159,35,0
2901,3160,36,0
2901,3907,37,0
2901,1974,38,0
2901,1975,39,0
2901,1976,40,0
2901,1977,41,0
2901,1978,42,0
2901,1979,43,0
2901,1980,44,0
2901,1981,45,0
2901,3685,46,0
2901,3906,47,0
2901,3904,48,0
2901,1293,49,0
2901,3901,50,0
2901,4003,51,1
3100,4023,1,0
3100,4019,2,0
3100,4021,3,0
3100,4018,4,0
3100,4012,5,0
3100,4013,6,0
3100,4024,7,0
3100,4025,8,0
3100,1116,9,0
3100,1117,10,0
3100,1118,11,0
3100,1119,12,0
3100,1120,13,0
3100,3899,14,0
3100,5025,15,0
3100,2521,16,0
3100,2522,17,0
3100,2523,18,0
3100,2524,19,0
3100,2525,20,0
3100,2526,21,0
3100,3773,22,0
3100,3747,23,0
3100,3622,24,0
3100,3748,25,0
3100,2817,26,0
3100,3677,27,0
3100,2819,28,0
3100,3749,29,0
3100,3790,30,0
3100,1925,31,0
3100,1926,32,0
3100,1927,33,0
3100,1928,34,0
3100,1929,35,0
3100,3598,36,0
3100,3599,37,0
3100,3443,38,0
3100,1121,39,0
3100,4016,40,0
3100,4050,41,0
3100,3757,42,0
3100,3758,43,0
3100,3759,44,0
3100,2067,45,0
3100,1204,46,0
3100,3393,47,0
3100,4005,48,1
3101,4005,1,0
3101,1205,2,0
3101,1206,3,0
3101,1207,4,0
3101,1208,5,0
3101,1209,6,0
3101,1210,7,0
3101,3760,8,0
3101,3593,9,0
3101,4051,10,0
3101,3781,11,0
3101,1133,12,0
3101,3780,13,0
3101,3782,14,0
3101,3594,15,0
3101,3595,16,0
3101,2038,17,0
3101,2039,18,0
3101,2040,19,0
3101,2041,20,0
3101,3783,21,0
3101,3768,22,0
3101,3764,23,0
3101,2803,24,0
3101,3900,25,0
3101,3769,26,0
3101,3770,27,0
3101,3771,28,0
3101,3772,29,0
3101,4072,30,0
3101,2511,31,0
3101,2512,32,0
3101,2513,33,0
3101,2514,34,0
3101,1093,35,0
3101,5026,36,0
3101,1094,37,0
3101,3898,38,0
3101,1096,39,0
3101,1097,40,0
3101,1098,41,0
3101,1099,42,0
3101,4026,43,0
3101,1100,44,0
3101,1102,45,0
3101,1104,46,0
3101,1105,47,0
3101,4017,48,0
3101,4022,49,0
3101,4020,50,0
3101,1213,51,0
3101,4023,52,1
3300,5037,1,0
3300,2965,2,0
3300,2966,3,0
3300,3894,4,0
3300,3502,5,0
3300,3896,6,0
3300,3503,7,0
3300,3504,8,0
3300,3505,9,0
3300,3506,10,0
3300,3700,11,0
3300,3701,12,0
3300,3702,13,0
3300,3703,14,0
3300,3704,15,0
3300,3705,16,0
3300,3706,17,0
3300,3707,18,0
3300,3708,19,0
3300,3709,20,0
3300,3710,21,0
3300,3711,22,0
3300,2016,23,0
3300,1840,24,0
3300,1841,25,0
3300,1842,26,0
3300,1843,27,0
3300,1844,28,0
3300,1845,29,0
3300,1864,30,0
3300,1865,31,0
3300,1666,32,0
3300,1973,33,0
3300,1025,34,0
3300,1028,35,0
3300,2024,36,0
3300,2025,37,0
3300,2026,38,1
3301,2026,1,0
3301,2027,2,0
3301,2085,3,0
3301,1032,4,0
3301,3474,5,0
3301,1033,6,0
3301,2086,7,0
3301,2087,8,0
3301,2884,9,0
3301,1548,10,0
3301,1773,11,0
3301,1774,12,0
3301,1776,13,0
3301,1804,14,0
3301,1805,15,0
3301,1806,16,0
3301,1807,17,0
3301,1808,18,0
3301,3733,19,0
3301,3734,20,0
3301,3735,21,0
3301,3736,22,0
3301,3737,23,0
3301,3738,24,0
3301,3739,25,0
3301,3632,26,0
3301,3633,27,0
3301,3634,28,0
3301,3635,29,0
3301,3636,30,0
3301,3666,31,0
3301,3667,32,0
3301,3668,33,0
3301,3895,34,0
3301,3669,35,0
3301,3670,36,0
3301,2076,37,0
3301,2987,38,0
3301,2988,39,0
3301,2989,40,0
3301,5037,41,1
3400,1893,1,0
3400,1930,2,0
3400,2656,3,0
3400,2414,4,0
3400,2415,5,0
3400,3438,6,0
3400,3439,7,0
3400,3440,8,0
3400,3441,9,0
3400,3442,10,0
3400,3447,11,0
3400,3449,12,0
3400,3457,13,0
3400,3458,14,0
3400,3459,15,0
3400,3460,16,0
3400,3147,17,0
3400,3148,18,0
3400,3163,19,0
3400,3164,20,0
3400,3571,21,0
3400,3572,22,0
3400,4011,23,0
3400,3573,24,0
3400,3431,25,1
3401,3431,1,0
3401,3145,2,0
3401,3421,3,0
3401,3420,4,0
3401,3419,5,0
3401,3417,6,0
3401,3406,7,0
3401,3405,8,0
3401,3404,9,0
3401,3403,10,0
3401,3402,11,0
3401,2447,12,0
3401,2448,13,0
3401,2449,14,0
3401,1023,15,0
3401,1921,16,0
3401,1474,17,1
3600,3997,1,0
3600,2045,2,0
3600,2046,3,0
3600,2047,4,0
3600,2048,5,0
3600,2049,6,0
3600,2050,7,0
3600,2051,8,0
3600,3803,9,0
3600,3801,10,0
3600,3641,11,0
3600,1342,12,1
3601,1342,1,0
3601,1728,2,0
3601,3802,3,0
3601,3804,4,0
3601,3990,5,0
3601,3991,6,0
3601,3992,7,0
3601,3993,8,0
3601,3994,9,0
3601,3995,10,0
3601,3996,11,0
3601,3997,12,1
5000,1031,1,0
5000,2487,2,0
5000,2488,3,0
5000,2489,4,0
5000,2490,5,0
5000,2975,6,0
5000,2980,7,0
5000,2976,8,0
5000,2176,9,0
5000,2977,10,0
5000,2978,11,0
5000,2979,12,0
5000,2360,13,0
5000,1608,14,0
5000,1609,15,0
5000,1610,16,0
5000,1611,17,0
5000,1612,18,0
5000,1613,19,0
5000,1614,20,0
5000,1615,21,0
5000,1616,22,0
5000,1617,23,0
5000,1618,24,0
5000,1619,25,0
5000,1620,26,0
5000,1621,27,0
5000,1622,28,0
5000,1444,29,0
5000,3835,30,0
5000,2327,31,0
5000,3877,32,0
5000,1054,33,0
5000,3851,34,0
5000,3806,35,0
5000,1063,36,1
5001,1063,1,0
5001,1321,2,0
5001,3850,3,0
5001,1051,4,0
5001,3878,5,0
5001,2313,6,0
5001,1445,7,0
5001,1401,8,0
5001,1591,9,0
5001,1592,10,0
5001,1593,11,0
5001,1594,12,0
5001,1595,13,0
5001,3609,14,0
5001,1596,15,0
5001,1597,16,0
5001,2899,17,0
5001,2900,18,0
5001,1600,19,0
5001,1601,20,0
5001,1602,21,0
5001,1603,22,0
5001,2482,23,0
5001,2483,24,0
5001,2484,25,0
5001,2485,26,0
5001,2486,27,0
5001,1031,28,1
5100,3411,1,0
5100,1265,2,0
5100,1266,3,0
5100,1267,4,0
5100,1268,5,0
5100,1269,6,0
5100,2106,7,0
5100,1484,8,0
5100,1315,9,0
5100,1316,10,0
5100,1317,11,0
5100,1307,12,0
5100,1308,13,0
5100,1250,14,0
5100,1251,15,0
5100,1252,16,0
5100,1274,17,0
5100,1253,18,0
5100,1278,19,0
5100,1456,20,0
5100,1457,21,0
5100,6023,22,0
5100,1459,23,0
5100,1486,24,0
5100,1426,25,0
5100,1427,26,0
5100,6020,27,0
5100,6021,28,0
5100,3539,29,0
5100,1460,30,0
5100,1461,31,0
5100,1462,32,0
5100,6022,33,0
5100,1464,34,0
5100,1465,35,0
5100,1466,36,0
5100,1467,37,0
5100,1511,38,1
5101,1511,1,0
5101,1468,2,0
5101,1469,3,0
5101,1470,4,0
5101,1471,5,0
5101,1472,6,0
5101,1473,7,0
5101,6102,8,0
5101,1475,9,0
5101,3527,10,0
5101,1476,11,0
5101,1384,12,0
5101,6103,13,0
5101,6104,14,0
5101,1477,15,0
5101,1478,16,0
5101,1479,17,0
5101,1480,18,0
5101,1409,19,0
5101,6105,20,0
5101,1482,21,0
5101,1483,22,0
5101,1278,23,0
5101,1254,24,0
5101,1235,25,0
5101,3511,26,0
5101,1236,27,0
5101,3540,28,0
5101,1300,29,0
5101,1301,30,0
5101,1302,31,0
5101,1303,32,0
5101,1304,33,0
5101,1305,34,0
5101,1306,35,0
5101,1246,36,0
5101,3852,37,0
5101,3853,38,0
5101,3854,39,0
5101,3855,40,0
5101,3856,41,0
5101,3541,42,0
5101,1307,43,0
5101,1276,44,0
5101,1294,45,0
5101,1295,46,0
5101,1297,47,0
5101,1298,48,0
5101,2107,49,0
5101,3922,50,0
5101,3923,51,0
5101,3924,52,0
5101,3925,53,0
5101,3926,54,0
5101,1247,55,0
5101,1248,56,0
5101,1249,57,0
5101,1029,58,0
5101,1237,59,0
5101,1238,60,0
5101,1239,61,0
5101,1240,62,0
5101,1241,63,0
5101,1242,64,0
5101,1243,65,0
5101,3542,66,0
5101,1244,67,0
5101,3512,68,0
5101,3930,69,0
5101,3931,70,0
5101,3932,71,0
5101,3411,72,1
5300,1066,1,0
5300,1275,2,0
5300,1328,3,0
5300,1311,4,0
5300,1011,5,0
5300,3659,6,0
5300,1491,7,0
5300,1492,8,0
5300,1493,9,0
5300,1494,10,0
5300,1495,11,0
5300,1496,12,0
5300,1497,13,0
5300,1498,14,0
5300,1499,15,0
5300,1500,16,0
5300,1501,17,0
5300,1502,18,0
5300,1503,19,0
5300,1504,20,0
5300,1505,21,0
5300,1506,22,0
5300,1507,23,0
5300,1508,24,0
5300,1509,25,0
5300,1510,26,0
5300,2159,27,0
5300,1517,28,1
5301,1517,1,0
5301,1523,2,0
5301,1524,3,0
5301,1525,4,0
5301,1526,5,0
5301,2216,6,0
5301,1527,7,0
5301,1528,8,0
5301,1529,9,0
5301,1530,10,0
5301,1531,11,0
5301,1532,12,0
5301,1533,13,0
5301,1534,14,0
5301,1535,15,0
5301,1536,16,0
5301,1537,17,0
5301,1245,18,0
5301,1540,19,0
5301,1541,20,0
5301,1542,21,0
5301,3660,22,0
5301,1543,23,0
5301,1351,24,0
5301,1353,25,0
5301,2005,26,0
5301,1320,27,0
5301,1066,28,1
5500,2390,1,0
5500,2391,2,0
5500,2392,3,0
5500,2254,4,0
5500,2255,5,0
5500,2256,6,0
5500,2257,7,0
5500,2641,8,0
5500,2642,9,0
5500,2643,10,0
5500,2644,11,0
5500,2155,12,0
5500,2156,13,0
5500,2157,14,0
5500,2158,15,0
5500,2159,16,0
5500,2378,17,0
5500,3077,18,0
5500,3078,19,0
5500,3079,20,0
5500,3080,21,0
5500,3081,22,0
5500,3082,23,0
5500,2206,24,0
5500,2207,25,0
5500,2208,26,0
5500,2209,27,0
5500,2210,28,0
5500,2211,29,0
5500,2268,30,0
5500,2212,31,0
5500,1520,32,1
5501,1520,1,0
5501,1523,2,0
5501,1938,3,0
5501,2127,4,0
5501,2128,5,0
5501,2129,6,0
5501,2321,7,0
5501,2322,8,0
5501,2323,9,0
5501,2324,10,0
5501,2325,11,0
5501,2326,12,0
5501,2374,13,0
5501,2375,14,0
5501,2376,15,0
5501,2377,16,0
5501,2378,17,0
5501,2186,18,0
5501,2245,19,0
5501,2246,20,0
5501,3261,21,0
5501,3262,22,0
5501,3263,23,0
5501,2139,24,0
5501,2140,25,0
5501,2141,26,0
5501,2142,27,0
5501,2143,28,0
5501,2144,29,0
5501,2145,30,0
5501,2146,31,0
5501,2390,32,1
5700,1732,1,0
5700,1734,2,0
5700,1728,3,0
5700,3888,4,0
5700,3525,5,0
5700,1685,6,0
5700,1688,7,0
5700,2343,8,0
5700,2342,9,0
5700,2341,10,0
5700,2340,11,0
5700,2197,12,0
5700,2198,13,0
5700,2199,14,0
5700,2200,15,0
5700,2607,16,0
5700,2608,17,0
5700,2620,18,0
5700,2632,19,0
5700,2212,20,0
5700,1517,21,1
5701,1517,1,0
5701,2186,2,0
5701,2187,3,0
5701,2188,4,0
5701,2189,5,0
5701,2190,6,0
5701,2191,7,0
5701,2192,8,0
5701,1232,9,0
5701,1233,10,0
5701,1234,11,0
5701,3805,12,0
5701,3792,13,0
5701,1687,14,0
5701,1686,15,0
5701,3524,16,0
5701,3888,17,0
5701,3641,18,0
5701,1731,19,0
5701,1732,20,1
6100,1732,1,0
6100,1734,2,0
6100,1728,3,0
6100,3802,4,0
6100,3804,5,0
6100,3888,6,0
6100,3525,7,0
6100,3562,8,0
6100,1630,9,0
6100,1631,10,0
6100,1632,11,0
6100,1633,12,0
6100,4104,13,0
6100,3003,14,0
6100,1584,15,0
6100,1585,16,0
6100,1586,17,0
6100,1587,18,0
6100,1588,19,0
6100,1589,20,0
6100,1443,21,0
6100,1444,22,0
6100,3835,23,0
6100,2327,24,0
6100,3877,25,0
6100,1054,26,0
6100,3851,27,0
6100,3806,28,0
6100,1063,29,1
6101,1063,1,0
6101,1321,2,0
6101,3850,3,0
6101,1051,4,0
6101,3878,5,0
6101,2313,6,0
6101,1445,7,0
6101,1401,8,0
6101,1623,9,0
6101,1624,10,0
6101,1625,11,0
6101,1455,12,0
6101,1626,13,0
6101,1627,14,0
6101,1628,15,0
6101,1576,16,0
6101,1577,17,0
6101,1578,18,0
6101,1579,19,0
6101,1580,20,0
6101,3515,21,0
6101,3516,22,0
6101,3524,23,0
6101,3888,24,0
6101,3803,25,0
6101,3801,26,0
6101,3641,27,0
6101,1731,28,0
6101,1732,29,1
6700,1066,1,0
6700,1275,2,0
6700,3986,3,0
6700,3985,4,0
6700,3984,5,0
6700,3983,6,0
6700,3982,7,0
6700,3981,8,0
6700,3980,9,0
6700,3979,10,0
6700,3978,11,0
6700,3977,12,0
6700,3976,13,0
6700,3975,14,0
6700,3974,15,0
6700,3973,16,0
6700,3972,17,0
6700,3960,18,0
6700,3971,19,0
6700,3970,20,0
6700,3968,21,0
6700,3967,22,0
6700,2648,23,0
6700,3508,24,0
6700,3509,25,0
6700,3510,26,0
6700,1282,27,0
6700,1283,28,0
6700,1284,29,0
6700,1435,30,0
6700,1436,31,0
6700,1627,32,0
6700,1628,33,0
6700,3934,34,0
6700,3742,35,0
6700,3935,36,0
6700,3936,37,0
6700,3937,38,0
6700,2318,39,0
6700,1572,40,1
6701,1572,1,0
6701,3939,2,0
6701,2310,3,0
6701,3940,4,0
6701,2312,5,0
6701,3941,6,0
6701,3942,7,0
6701,1584,8,0
6701,2393,9,0
6701,2789,10,0
6701,2790,11,0
6701,1289,12,0
6701,1290,13,0
6701,2650,14,0
6701,2791,15,0
6701,2792,16,0
6701,1325,17,0
6701,3600,18,0
6701,2647,19,0
6701,1326,20,0
6701,1327,21,0
6701,3543,22,0
6701,3514,23,0
6701,1329,24,0
6701,1330,25,0
6701,1331,26,0
6701,3989,27,0
6701,3988,28,0
6701,3987,29,0
6701,1332,30,0
6701,1333,31,0
6701,3546,32,0
6701,1335,33,0
6701,1336,34,0
6701,3547,35,0
6701,1337,36,0
6701,1338,37,0
6701,1339,38,0
6701,1340,39,0
6701,1341,40,0
6701,1320,41,0
6701,1066,42,1
7200,1572,1,0
7200,1288,2,0
7200,1287,3,0
7200,1103,4,0
7200,1036,5,0
7200,3849,6,0
7200,3646,7,0
7200,3647,8,0
7200,1169,9,0
7200,3648,10,0
7200,3649,11,0
7200,2316,12,0
7200,2312,13,0
7200,7139,14,0
7200,7137,15,1
7201,7137,1,0
7201,2316,2,0
7201,2317,3,0
7201,3531,4,0
7201,2318,5,0
7201,1572,6,1
7300,3408,1,0
7300,3409,2,0
7300,3444,3,0
7300,2077,4,0
7300,2078,5,0
7300,2079,6,0
7300,2080,7,0
7300,2081,8,0
7300,2082,9,0
7300,2083,10,0
7300,3318,11,0
7300,3319,12,0
7300,3320,13,0
7300,3321,14,0
7300,3322,15,0
7300,3323,16,0
7300,1256,17,1
7301,1256,1,0
7301,3324,2,0
7301,3325,3,0
7301,3326,4,0
7301,3327,5,0
7301,3328,6,0
7301,2069,7,0
7301,2070,8,0
7301,2071,9,0
7301,2072,10,0
7301,2073,11,0
7301,2074,12,0
7301,2075,13,0
7301,3745,14,0
7301,3407,15,0
7301,3408,16,1
7600,1342,1,0
7600,2308,2,0
7600,3959,3,0
7600,3958,4,0
7600,3957,5,0
7600,3953,6,0
7600,3956,7,0
7600,3955,8,0
7600,3954,9,0
7600,1823,10,0
7600,1745,11,0
7600,1824,12,0
7600,2052,13,0
7600,1828,14,0
7600,1829,15,0
7600,1830,16,1
7601,1830,1,0
7601,1746,2,0
7601,1831,3,0
7601,3961,4,0
7601,3962,5,0
7601,3963,6,0
7601,3999,7,0
7601,3964,8,0
7601,3965,9,0
7601,3966,10,0
7601,3641,11,0
7601,1342,12,1
7700,7033,1,0
7700,7025,2,0
7700,7023,3,0
7700,7021,4,0
7700,7019,5,0
7700,7017,6,0
7700,7035,7,0
7700,7010,8,0
7700,7008,9,0
7700,7007,10,0
7700,7005,11,0
7700,7003,12,0
7700,7039,13,0
7700,7001,14,0
7700,7040,15,0
7700,4002,16,1
7701,4002,1,0
7701,7037,2,0
7701,7041,3,0
7701,7000,4,0
7701,7038,5,0
7701,7002,6,0
7701,7004,7,0
7701,7006,8,0
7701,7008,9,0
7701,7009,10,0
7701,7011,11,0
7701,7016,12,0
7701,7018,13,0
7701,7020,14,0
7701,7022,15,0
7701,7024,16,0
7701,7033,17,1
11000,1732,1,0
11000,3488,2,1
11001,3488,1,0
11001,1732,2,1
20100,1732,1,0
20100,2308,2,0
20100,2053,3,0
20100,1756,4,0
20100,1758,5,0
20100,2055,6,0
20100,2054,7,0
20100,1463,8,0
20100,1033,9,0
20100,2086,10,0
20100,2885,11,0
20100,2888,12,0
20100,3189,13,0
20100,3895,14,0
20100,3893,15,0
20100,2969,16,0
20100,2971,17,0
20100,2986,18,0
20100,3891,19,0
20100,3143,20,0
20100,3144,21,0
20100,3146,22,0
20100,1992,23,0
20100,1972,24,0
20100,3465,25,0
20100,3890,26,0
20100,1117,27,0
20100,3899,28,0
20100,5025,29,0
20100,2521,30,0
20100,2524,31,0
20100,4073,32,0
20100,1916,33,0
20100,1918,34,0
20100,1127,35,1
20101,1127,1,0
20101,2505,2,0
20101,2508,3,0
20101,4072,4,0
20101,2512,5,0
20101,1093,6,0
20101,5026,7,0
20101,3898,8,0
20101,1099,9,0
20101,3445,10,0
20101,3162,11,0
20101,3590,12,0
20101,3165,13,0
20101,3167,14,0
20101,3169,15,0
20101,3170,16,0
20101,3892,17,0
20101,2981,18,0
20101,2983,19,0
20101,2985,20,0
20101,3894,21,0
20101,3896,22,0
20101,3004,23,0
20101,2881,24,0
20101,3017,25,0
20101,1973,26,0
20101,1028,27,0
20101,2024,28,0
20101,1458,29,0
20101,1857,30,0
20101,1860,31,0
20101,1703,32,0
20101,1859,33,0
20101,2052,34,0
20101,3641,35,0
20101,1732,36,1
20200,4001,1,0
20200,3903,2,0
20200,3905,3,0
20200,1983,4,0
20200,1994,5,0
20200,1997,6,0
20200,4053,7,0
20200,1090,8,0
20200,3943,9,0
20200,3620,10,0
20200,2785,11,0
20200,2787,12,0
20200,2788,13,0
20200,4052,14,0
20200,4055,15,0
20200,3665,16,0
20200,4047,17,0
20200,2035,18,0
20200,3750,19,0
20200,3752,20,0
20200,4045,21,0
20200,4050,22,0
20200,4043,23,0
20200,3799,24,1
20201,3799,1,0
20201,4042,2,0
20201,4051,3,0
20201,4044,4,0
20201,3765,5,0
20201,3766,6,0
20201,1931,7,0
20201,4046,8,0
20201,3671,9,0
20201,4054,10,0
20201,4049,11,0
20201,2832,12,0
20201,2670,13,0
20201,1166,14,0
20201,3619,15,0
20201,2675,16,0
20201,2676,17,0
20201,1966,18,0
20201,1969,19,0
20201,4056,20,0
20201,3687,21,0
20201,3906,22,0
20201,3904,23,0
20201,4001,24,1
20300,1064,1,0
20300,1170,2,0
20300,1280,3,0
20300,3660,4,0
20300,1544,5,0
20300,1546,6,0
20300,1547,7,0
20300,1549,8,0
20300,1550,9,0
20300,2107,10,0
20300,1258,11,0
20300,1259,12,0
20300,1281,13,0
20300,1299,14,0
20300,1300,15,0
20300,1291,16,0
20300,4100,17,0
20300,1020,18,0
20300,3649,19,0
20300,1035,20,0
20300,2317,21,0
20300,3531,22,0
20300,2318,23,0
20300,1572,24,0
20300,1569,25,0
20300,1573,26,0
20300,1574,27,0
20300,3641,28,0
20300,1732,29,1
20301,1732,1,0
20301,1728,2,0
20301,3888,3,0
20301,1636,4,0
20301,1638,5,0
20301,1572,6,0
20301,1288,7,0
20301,1287,8,0
20301,1036,9,0
20301,3849,10,0
20301,1021,11,0
20301,4103,12,0
20301,4101,13,0
20301,1296,14,0
20301,1308,15,0
20301,1309,16,0
20301,1310,17,0
20301,3857,18,0
20301,1312,19,0
20301,2106,20,0
20301,1484,21,0
20301,1485,22,0
20301,1487,23,0
20301,1488,24,0
20301,1490,25,0
20301,1357,26,0
20301,1279,27,0
20301,1358,28,0
20301,1064,29,1
20400,4000,1,0
20400,1095,2,0
20400,1180,3,0
20400,1211,4,0
20400,1406,5,0
20400,3173,6,0
20400,3175,7,0
20400,3389,8,0
20400,3390,9,0
20400,3391,10,0
20400,1982,11,0
20400,2706,12,0
20400,1377,13,0
20400,1000,14,0
20400,1879,15,0
20400,1893,16,0
20400,1930,17,0
20400,1903,18,0
20400,1923,19,0
20400,1987,20,0
20400,1936,21,0
20400,2333,22,0
20400,2337,23,0
20400,2339,24,0
20400,1932,25,0
20400,1057,26,1
20401,1277,1,0
20401,1933,2,0
20401,1678,3,0
20401,1989,4,0
20401,1935,5,0
20401,1937,6,0
20401,2352,7,0
20401,1924,8,0
20401,1912,9,0
20401,1921,10,0
20401,1901,11,0
20401,1899,12,0
20401,1088,13,0
20401,1089,14,0
20401,2754,15,0
20401,2755,16,0
20401,3356,17,0
20401,3357,18,0
20401,3198,19,0
20401,3199,20,0
20401,1716,21,0
20401,1654,22,0
20401,1314,23,0
20401,1203,24,0
20401,1101,25,0
20401,4000,26,1
20500,5013,1,0
20500,4096,2,0
20500,4094,3,0
20500,4092,4,0
20500,2906,5,0
20500,2907,6,0
20500,1440,7,0
20500,2748,8,0
20500,1391,9,0
20500,1939,10,0
20500,2851,11,0
20500,1953,12,0
20500,4098,13,0
20500,1671,14,0
20500,1277,15,1
20501,1057,1,0
20501,1690,2,0
20501,4097,3,0
20501,1940,4,0
20501,2633,5,0
20501,2635,6,0
20501,1390,7,0
20501,1481,8,0
20501,1434,9,0
20501,2937,10,0
20501,3229,11,0
20501,4091,12,0
20501,2869,13,0
20501,4095,14,0
20501,5013,15,1
20600,2250,1,0
20600,4105,2,0
20600,4106,3,0
20600,2134,4,0
20600,2136,5,0
20600,2267,6,0
20600,3861,7,0
20600,3862,8,0
20600,1512,9,0
20600,1605,10,0
20600,1608,11,0
20600,1612,12,0
20600,1615,13,0
20600,1622,14,0
20600,1624,15,0
20600,1455,16,0
20600,1627,17,0
20600,1635,18,0
20600,1636,19,0
20600,1638,20,0
20600,1590,21,0
20600,1640,22,0
20600,1642,23,0
20600,1643,24,0
20600,4109,25,0
20600,1646,26,0
20600,3497,27,1
20601,3499,1,0
20601,4107,2,0
20601,1563,3,0
20601,1565,4,0
20601,4110,5,0
20601,1567,6,0
20601,1569,7,0
20601,1573,8,0
20601,1574,9,0
20601,1575,10,0
20601,1585,11,0
20601,1587,12,0
20601,1589,13,0
20601,1591,14,0
20601,1597,15,0
20601,1600,16,0
20601,1603,17,0
20601,3536,18,0
20601,1521,19,0
20601,3863,20,0
20601,3864,21,0
20601,2249,22,0
20601,2290,23,0
20601,2250,24,1
30200,6101,1,0
30200,6102,2,0
30200,6103,3,0
30200,6104,4,0
30200,6105,5,0
30200,6107,6,0
30200,6024,7,1
30201,6024,1,0
30201,6017,2,0
30201,6019,3,0
30201,6020,4,0
30201,6021,5,0
30201,6022,6,0
30201,6101,7,1
5401000,1518,1,0
5401000,3535,2,0
5401000,2213,3,0
5401000,2214,4,0
5401000,2215,5,0
5401000,2216,6,0
5401000,1527,7,0
5401000,1528,8,0
5401000,2217,9,0
5401000,2174,10,0
5401000,2175,11,0
5401000,2218,12,0
5401000,2219,13,0
5401000,2220,14,0
5401000,2221,15,0
5401000,2222,16,0
5401000,2223,17,0
5401000,2225,18,1
5402000,2225,1,0
5402000,2226,2,0
5402000,2227,3,0
5402000,2229,4,0
5402000,2230,5,0
5402000,2231,6,0
5402000,2233,7,0
5402000,2234,8,0
5402000,2235,9,0
5402000,2236,10,0
5402000,2237,11,0
5402000,2238,12,0
5402000,2239,13,0
5402000,2240,14,0
5402000,2241,15,0
5402000,2242,16,0
5402000,2243,17,0
5402000,2244,18,0
5402000,2159,19,0
5402000,1518,20,1
5601000,1410,1,0
5601000,1411,2,0
5601000,1412,3,0
5601000,1413,4,0
5601000,1414,5,0
5601000,1415,6,0
5601000,1416,7,0
5601000,3526,8,0
5601000,3522,9,0
5601000,1289,10,0
5601000,1290,11,0
5601000,1417,12,0
5601000,1418,13,0
5601000,1419,14,0
5601000,1420,15,0
5601000,1421,16,0
5601000,1422,17,0
5601000,1423,18,0
5601000,1424,19,0
5601000,1425,20,0
5601000,1426,21,0
5601000,1427,22,0
5601000,1065,23,1
5602000,1065,1,0
5602000,1392,2,0
5602000,1393,3,0
5602000,1394,4,0
5602000,1395,5,0
5602000,1396,6,0
5602000,1397,7,0
5602000,1398,8,0
5602000,1399,9,0
5602000,1400,10,0
5602000,1445,11,0
5602000,1401,12,0
5602000,1402,13,0
5602000,1403,14,0
5602000,1404,15,0
5602000,1405,16,0
5602000,1407,17,0
5602000,1408,18,0
5602000,1410,19,1
5803000,1516,1,0
5803000,1605,2,0
5803000,1606,3,0
5803000,1607,4,0
5803000,2097,5,0
5803000,2098,6,0
5803000,2099,7,0
5803000,2100,8,0
5803000,2101,9,0
5803000,2102,10,0
5803000,2103,11,0
5803000,3871,12,0
5803000,2104,13,0
5803000,3860,14,0
5803000,2108,15,1
5804000,2108,1,0
5804000,2109,2,0
5804000,2110,3,0
5804000,2111,4,0
5804000,2112,5,0
5804000,2113,6,0
5804000,2114,7,0
5804000,2116,8,0
5804000,2117,9,0
5804000,2118,10,0
5804000,2360,11,0
5804000,2120,12,0
5804000,2121,13,0
5804000,2122,14,0
5804000,2123,15,0
5804000,2124,16,0
5804000,2125,17,0
5804000,1516,18,1
5903000,2279,1,0
5903000,2280,2,0
5903000,2281,3,0
5903000,2282,4,0
5903000,2283,5,0
5903000,2284,6,0
5903000,3612,7,0
5903000,2285,8,0
5903000,2286,9,0
5903000,2287,10,0
5903000,2288,11,0
5903000,2289,12,0
5903000,2291,13,0
5903000,2292,14,0
5903000,2293,15,0
5903000,2294,16,0
5903000,2295,17,0
5903000,2299,18,0
5903000,2300,19,0
5903000,2297,20,0
5903000,2298,21,0
5903000,1527,22,0
5903000,1528,23,0
5903000,2217,24,0
5903000,2174,25,0
5903000,2175,26,0
5903000,2176,27,0
5903000,1506,28,0
5903000,1507,29,0
5903000,2301,30,0
5903000,2302,31,0
5903000,2303,32,0
5903000,2304,33,0
5903000,2125,34,0
5903000,1519,35,1
5904000,1519,1,0
5904000,1523,2,0
5904000,1524,3,0
5904000,1525,4,0
5904000,2269,5,0
5904000,2270,6,0
5904000,2271,7,0
5904000,2272,8,0
5904000,2273,9,0
5904000,2274,10,0
5904000,2275,11,0
5904000,2276,12,0
5904000,2277,13,0
5904000,2278,14,0
5904000,2279,15,1
6001000,1058,1,0
6001000,6021,2,0
6001000,1359,3,0
6001000,1360,4,0
6001000,1361,5,0
6001000,1362,6,0
6001000,1363,7,0
6001000,1364,8,0
6001000,1365,9,0
6001000,1366,10,0
6001000,1367,11,0
6001000,1368,12,0
6001000,1369,13,0
6001000,1355,14,0
6001000,1370,15,0
6001000,1371,16,1
6002000,1371,1,0
6002000,1372,2,0
6002000,1373,3,0
6002000,1374,4,0
6002000,1356,5,0
6002000,1378,6,0
6002000,1379,7,0
6002000,1380,8,0
6002000,1381,9,0
6002000,1382,10,0
6002000,1383,11,0
6002000,1384,12,0
6002000,6103,13,0
6002000,1058,14,1
6301000,1522,1,0
6301000,3535,2,0
6301000,2160,3,0
6301000,2161,4,0
6301000,2162,5,0
6301000,2163,6,0
6301000,2164,7,0
6301000,2165,8,0
6301000,2166,9,0
6301000,2167,10,0
6301000,2168,11,0
6301000,2169,12,0
6301000,2170,13,0
6301000,2171,14,0
6301000,2172,15,0
6301000,2173,16,0
6301000,1504,17,0
6301000,2174,18,0
6301000,2175,19,0
6301000,2176,20,1
6302000,2176,1,0
6302000,1506,2,0
6302000,2177,3,0
6302000,2178,4,0
6302000,2179,5,0
6302000,2180,6,0
6302000,2181,7,0
6302000,2182,8,0
6302000,2183,9,0
6302000,2184,10,0
6302000,2185,11,0
6302000,1509,12,0
6302000,1510,13,0
6302000,2159,14,0
6302000,1519,15,0
6302000,1522,16,1
6401000,3520,1,0
6401000,3521,2,0
6401000,3532,3,0
6401000,1441,4,0
6401000,1442,5,0
6401000,1588,6,0
6401000,1589,7,0
6401000,1443,8,0
6401000,1444,9,0
6401000,3835,10,0
6401000,1446,11,0
6401000,1447,12,0
6401000,1448,13,0
6401000,1449,14,0
6401000,1450,15,0
6401000,1451,16,0
6401000,1452,17,0
6401000,3858,18,0
6401000,1453,19,0
6401000,1454,20,0
6401000,1067,21,1
6402000,1067,1,0
6402000,1321,2,0
6402000,1322,3,0
6402000,1323,4,0
6402000,1429,5,0
6402000,1430,6,0
6402000,3280,7,0
6402000,1431,8,0
6402000,1432,9,0
6402000,1433,10,0
6402000,3519,11,0
6402000,1282,12,0
6402000,1283,13,0
6402000,1284,14,0
6402000,1435,15,0
6402000,1436,16,0
6402000,1437,17,0
6402000,1438,18,0
6402000,1439,19,0
6402000,3520,20,1
7501000,1058,1,0
7501000,1275,2,0
7501000,3845,3,0
7501000,1170,4,0
7501000,1280,5,0
7501000,1343,6,0
7501000,1344,7,0
7501000,1345,8,0
7501000,1346,9,0
7501000,1347,10,0
7501000,1348,11,0
7501000,1349,12,0
7501000,4041,13,0
7501000,1350,14,0
7501000,3394,15,1
7502000,3394,1,0
7502000,4108,2,0
7502000,3396,3,0
7502000,3397,4,0
7502000,3398,5,0
7502000,3399,6,0
7502000,1352,7,0
7502000,1354,8,0
7502000,1356,9,0
7502000,1357,10,0
7502000,4093,11,0
7502000,1279,12,0
7502000,1318,13,0
7502000,1319,14,0
7502000,1320,15,0
7502000,1058,16,1
90101000,7063,1,0
90101000,7062,2,0
90101000,7060,3,0
90101000,3495,4,0
90101000,1565,5,0
90101000,7064,6,1
90102000,7064,1,0
90102000,1643,2,0
90102000,7061,3,0
90102000,3495,4,0
90102000,7060,5,0
90102000,7062,6,0
90102000,7063,7,1
