'67-Weekday-2-23SPRI-1111100',6700,61000,4,'',1,3000,4,'',1,7000,4,'',1,3000,4,'',1,7000,4,'',1,3000,4,'',1,7000,4,'',1,52800,4,'',1,7000,4,'',1,3000,4,'',1,7000,4,'',1,3000,4,'',1,7000,4,'',1,3000,4,'',1,6800,4,'',1,43500,4,'',1,7000,4,'',1,3000,4,'',1
'67-Weekday-2-23SPRI-1111100',6701,61200,,'',1,3000,,'',1,7000,,'',1,3000,,'',1,7000,,'',1,3000,,'',1,57300,,'',1,3000,,'',1,7000,,'',1,3000,,'',1,7000,,'',1,3000,,'',1,7000,,'',1,3000,,'',1,47500,,'',1,3000,,'',1,7000,,'',1
'67-Weekday-2-23WINT-1111100',6700,61000,4,'',1,3000,4,'',1,7000,4,'',1,3000,4,'',1,7000,4,'',1,3000,4,'',1,7000,4,'',1,52800,4,'',1,7000,4,'',1,3000,4,'',1,7000,4,'',1,3000,4,'',1,7000,4,'',1,3000,4,'',1,6800,4,'',1,43500,4,'',1,7000,4,'',1,3000,4,'',1
'67-Weekday-2-23WINT-1111100',6701,61200,,'',1,3000,,'',1,7000,,'',1,3000,,'',1,7000,,'',1,3000,,'',1,57300,,'',1,3000,,'',1,7000,,'',1,3000,,'',1,7000,,'',1,3000,,'',1,7000,,'',1,3000,,'',1,47500,,'',1,3000,,'',1,7000,,'',1
'72-Weekday-1-23SPRI-1111100',7200,54800,0,'Toyota',1,6200,,'',1,2800,,'',1,6700,,'',1,2700,,'',1,7000,,'',1,3000,,'',1,57200,,'',1,3000,,'',1,7000,,'',1,3000,,'',1,7000,,'',1,3000,,'',1,7000,,'',1,3000,,'',1,48400,,'',1,3200,,'',1,6500,,'',1
'72-Weekday-1-23SPRI-1111100',7201,60400,4,'',1,3000,4,'',1,2500,4,'',1,6700,4,'',1,2800,4,'',1,7000,4,'',1,3000,4,'',1,57300,4,'',1,3000,4,'',1,7000,4,'',1,3000,4,'',1,7000,4,'',1,3000,4,'',1,7000,4,'',1,3000,4,'',1,47900,4,'',1,7500,4,'',1,100,4,'',1,2500,4,'',1
'72-Weekday-1-23WINT-1111100',7200,54800,0,'Toyota',1,6200,,'',1,2800,,'',1,6700,,'',1,2700,,'',1,7000,,'',1,3000,,'',1,57200,,'',1,3000,,'',1,7000,,'',1,3000,,'',1,7000,,'',1,3000,,'',1,7000,,'',1,3000,,'',1,48400,,'',1,3200,,'',1,6500,,'',1
'72-Weekday-1-23WINT-1111100',7201,60400,4,'',1,3000,4,'',1,2500,4,'',1,6700,4,'',1,2800,4,'',1,7000,4,'',1,3000,4,'',1,57300,4,'',1,3000,4,'',1,7000,4,'',1,3000,4,'',1,7000,4,'',1,3000,4,'',1,7000,4,'',1,3000,4,'',1,47900,4,'',1,7500,4,'',1,100,4,'',1,2500,4,'',1
'203-Holiday1-4-23SPRI-0000001',20300,93500,4,'',1,10000,4,'',1,10000,4,'',1,10000,4,'',1,10000,4,'',1,10000,4,'',1,10000,4,'',1,10000,4,'',1,10000,4,'',1,9300,4,'',1,10000,4,'',1,10000,4,'',1,10000,4,'',1
'203-Holiday1-4-23SPRI-1111111',20301,94000,,'',1,10000,,'',1,10000,,'',1,10000,,'',1,10000,,'',1,10000,,'',1,10000,,'',1,10000,,'',1,10000,,'',1,9000,,'',1,10000,,'',1,10000,,'',1,10000,,'',1
'203-Saturday-2-23SPRI-0000010',20300,65800,4,'',1,14700,4,'',1,10000,4,'',1,10000,4,'',1,3000,4,'',1,7000,4,'',1,3000,4,'',1,7000,4,'',1,3000,4,'',1,7000,4,'',1,3000,4,'',1,7000,4,'',1,3000,4,'',1,7000,4,'',1,3000,4,'',1,7000,4,'',1,3000,4,'',1,7000,4,'',1,3000,4,'',1,6900,4,'',1,2900,4,'',1,9500,4,'',1,10000,4,'',1,10000,4,'',1
'203-Saturday-2-23SPRI-0000010',20301,70400,,'',1,10600,,'',1,10000,,'',1,10000,,'',1,3000,,'',1,7000,,'',1,3000,,'',1,7000,,'',1,3000,,'',1,7000,,'',1,3000,,'',1,7000,,'',1,3000,,'',1,7000,,'',1,3000,,'',1,7000,,'',1,3000,,'',1,7000,,'',1,3000,,'',1,7000,,'',1,3000,,'',1,9000,,'',1,10000,,'',1,10000,,'',1
'203-Saturday-2-23WINT-0000010',20300,65600,4,'',1,10000,4,'',1,10000,4,'',1,10000,4,'',1,7600,4,'',1,7000,4,'',1,3000,4,'',1,7000,4,'',1,3000,4,'',1,7000,4,'',1,3000,4,'',1,7000,4,'',1,3000,4,'',1,7000,4,'',1,3000,4,'',1,7000,4,'',1,3000,4,'',1,7000,4,'',1,3000,4,'',1,7000,4,'',1,3100,4,'',1,9500,4,'',1,10000,4,'',1,10000,4,'',1
'203-Saturday-2-23WINT-0000010',20301,70400,,'',1,10000,,'',1,10000,,'',1,10000,,'',1,3100,,'',1,7000,,'',1,3000,,'',1,7000,,'',1,3000,,'',1,7000,,'',1,3000,,'',1,7000,,'',1,3000,,'',1,7000,,'',1,3000,,'',1,7000,,'',1,3000,,'',1,7000,,'',1,3000,,'',1,7000,,'',1,3000,,'',1,9500,,'',1,10000,,'',1,10000,,'',1
'203-Sunday-2-23SPRI-0000001',20300,93500,4,'',1,10000,4,'',1,10000,4,'',1,10000,4,'',1,10000,4,'',1,10000,4,'',1,10000,4,'',1,10000,4,'',1,10000,4,'',1,9300,4,'',1,10000,4,'',1,10000,4,'',1,10000,4,'',1
'203-Sunday-2-23SPRI-0000001',20301,94000,,'',1,10000,,'',1,10000,,'',1,10000,,'',1,10000,,'',1,10000,,'',1,10000,,'',1,10000,,'',1,10000,,'',1,9000,,'',1,10000,,'',1,10000,,'',1,10000,,'',1
'203-Sunday-2-23WINT-0000001',20300,92600,4,'',1,10000,4,'',1,10000,4,'',1,10600,4,'',1,10000,4,'',1,10000,4,'',1,10000,4,'',1,10000,4,'',1,10000,4,'',1,9600,4,'',1,10000,4,'',1,10000,4,'',1,10000,4,'',1
'203-Sunday-2-23WINT-0000001',20301,93500,,'',1,10000,,'',1,10000,,'',1,10000,,'',1,10000,,'',1,10000,,'',1,10000,,'',1,10000,,'',1,10000,,'',1,10000,,'',1,9500,,'',1,10000,,'',1,10000,,'',1
'203-Weekday-1-23SPRI-1111100',20300,63200,4,'',1,7400,4,'',1,3100,4,'',1,7000,4,'',1,3000,4,'',1,6800,4,'',1,3000,4,'',1,7000,4,'',1,3000,4,'',1,7000,4,'',1,3000,4,'',1,7000,4,'',1,3000,4,'',1,7000,4,'',1,3000,4,'',1,7000,4,'',1,3000,4,'',1,7300,4,'',1,3000,4,'',1,7000,4,'',1,3000,4,'',1,7000,4,'',1,3000,4,'',1,6800,4,'',1,2900,4,'',1,6500,4,'',1,3000,4,'',1,7000,4,'',1,3000,4,'',1,7000,4,'',1,2800,4,'',1,3000,4,'',1,7000,4,'',1,3000,4,'',1
'203-Weekday-1-23SPRI-1111100',20301,64000,,'',1,7000,,'',1,3000,,'',1,7000,,'',1,3000,0,'Sportsworld Sta',1,7000,0,'Conestoga College',1,3000,0,'Conestoga College',1,7000,0,'Conestoga College',1,3000,0,'Conestoga College',1,7000,0,'Conestoga College',1,3000,0,'Conestoga College',1,7000,0,'Conestoga College',1,3000,0,'Conestoga College',1,7000,0,'Conestoga College',1,3000,0,'Conestoga College',1,7000,0,'Conestoga College',1,3000,0,'Conestoga College',1,7000,,'',1,3000,,'',1,7000,,'',1,3000,,'',1,7000,,'',1,3000,,'',1,7000,,'',1,3000,,'',1,6300,,'',1,2800,,'',1,7100,,'',1,3000,,'',1,7000,,'',1,2800,,'',1,7000,,'',1,3000,,'',1,8500,,'',1
'203-Weekday-1-23WINT-1111100',20300,183300,4,'',1,2500,4,'',1,7000,4,'',1,3000,4,'',1,7000,4,'',1,3000,4,'',1,7000,4,'',1,3000,4,'',1,7000,4,'',1,3000,4,'',1
'203-Weekday-1-23WINT-1111100',20301,63700,,'',1,7000,,'',1,2900,,'',1,7400,,'',1,2500,,'',1,7100,,'',1,2900,,'',1,7000,,'',1,3000,,'',1,7000,,'',1,3000,,'',1,7000,,'',1,3000,,'',1,7000,,'',1,3000,,'',1,7000,,'',1,3000,,'',1,7100,,'',1,3000,,'',1,7500,,'',1,3000,,'',1,7000,,'',1,3000,,'',1,6900,,'',1,2500,,'',1,6500,,'',1,3000,,'',1,7000,,'',1,3000,,'',1,7000,,'',1,3000,,'',1,7000,,'',1,3000,,'',1,8500,,'',1
