'53-Holiday1-4-24WINT-0000001',5300,85800,4,'',1,10000,4,'',1,10000,4,'',1,14400,4,'',1,10000,4,'',1,10000,4,'',1,10000,4,'',1,10000,4,'',1,10000,4,'',1,10000,4,'',1,5600,4,'',1,10000,4,'',1,10000,4,'',1,10000,4,'',1,10000,4,'',1,10000,4,'',1
'53-Holiday1-4-24WINT-0000001',5301,84500,,'',1,10000,,'',1,10000,,'',1,10300,,'',1,9700,,'',1,10000,,'',1,10000,,'',1,10000,,'',1,10000,,'',1,10000,,'',1,10000,,'',1,10000,,'',1,10000,,'',1,10000,,'',1,10000,,'',1
'53-Saturday-1-24WINT-0000010',5300,72700,4,'',1,3000,4,'',1,7000,4,'',1,3000,4,'',1,7000,4,'',1,3000,4,'',1,7400,4,'',1,7000,4,'',1,3000,4,'',1,7000,4,'',1,3000,4,'',1,7000,4,'',1,3000,4,'',1,7000,4,'',1,3000,4,'',1,7000,4,'',1,3000,4,'',1,7000,4,'',1,3000,4,'',1,7000,4,'',1,3000,4,'',1,7000,4,'',1,2600,4,'',1,3000,4,'',1,10000,4,'',1,10000,4,'',1,10000,4,'',1,10000,4,'',1,10000,4,'',1
'53-Saturday-1-24WINT-0000010',5301,64500,,'',1,7000,,'',1,3000,,'',1,7000,,'',1,3000,,'',1,7000,,'',1,3000,,'',1,7000,,'',1,3000,,'',1,7000,,'',1,3000,,'',1,7000,,'',1,3000,,'',1,7000,,'',1,3000,,'',1,7000,,'',1,3000,,'',1,7000,,'',1,3000,,'',1,7000,,'',1,3000,,'',1,7000,,'',1,3000,,'',1,7000,,'',1,3000,,'',1,10000,,'',1,10000,,'',1,10000,,'',1,10000,,'',1,10000,,'',1
'53-Sunday-2-24WINT-0000001',5300,82700,4,'',1,10000,4,'',1,10000,4,'',1,3000,4,'',1,7300,4,'',1,7000,4,'',1,3000,4,'',1,7000,4,'',1,3000,4,'',1,7000,4,'',1,3000,4,'',1,7000,4,'',1,3000,4,'',1,7000,4,'',1,3000,4,'',1,7000,4,'',1,3000,4,'',1,7000,4,'',1,5700,4,'',1,10000,4,'',1,10000,4,'',1,10000,4,'',1,10000,4,'',1,10000,4,'',1
'53-Sunday-2-24WINT-0000001',5301,81500,,'',1,10000,,'',1,10000,,'',1,3000,,'',1,7000,,'',1,3000,,'',1,7000,,'',1,3000,,'',1,7000,,'',1,3000,,'',1,7000,,'',1,3000,,'',1,7000,,'',1,3000,,'',1,7000,,'',1,3000,,'',1,7000,,'',1,3000,,'',1,10000,,'',1,10000,,'',1,10000,,'',1,10000,,'',1,10000,,'',1
'53-Weekday-2-24WINT-1111100',5300,62800,4,'',1,3000,4,'',1,7300,4,'',1,7100,4,'',1,3000,4,'',1,6800,4,'',1,3000,4,'',1,7000,4,'',1,3000,4,'',1,7000,4,'',1,3000,4,'',1,7000,4,'',1,3000,4,'',1,7000,4,'',1,3000,4,'',1,7000,4,'',1,3300,4,'',1,7000,4,'',1,3000,4,'',1,7000,4,'',1,3000,4,'',1,7000,4,'',1,3000,4,'',1,6900,4,'',1,2600,4,'',1,2800,4,'',1,7000,4,'',1,3000,4,'',1,7000,4,'',1,3000,4,'',1,7000,4,'',1,3000,4,'',1,7100,4,'',1,3000,4,'',1,6900,4,'',1,3000,4,'',1
'53-Weekday-2-24WINT-1111100',5301,54500,,'',1,7000,,'',1,3000,,'',1,7000,,'',1,3000,,'',1,7000,,'',1,3000,,'',1,7000,,'',1,3000,,'',1,7000,,'',1,3000,,'',1,7000,,'',1,3000,,'',1,7000,,'',1,3000,,'',1,7000,,'',1,3000,,'',1,7000,,'',1,3000,,'',1,7000,,'',1,3000,,'',1,7000,,'',1,3000,,'',1,7000,,'',1,3000,,'',1,7000,,'',1,3000,,'',1,7000,,'',1,3000,,'',1,7000,,'',1,3000,,'',1,7000,,'',1,3000,,'',1,7000,,'',1,3200,,'',1,7400,,'',1,3100,,'',1
'56-Holiday1-2-24WINT-1111111',5600,80000,,'',1,4500,,'',1,8500,,'',1,8500,,'',1,8500,,'',1,4500,,'',1,8500,,'',1,8500,,'',1,8500,,'',1,4500,,'',1,8500,,'',1,8500,,'',1,8500,,'',1,4500,,'',1,8500,,'',1,8500,,'',1,8500,,'',1,5000,,'',1,8500,,'',1,8500,,'',1,9500,,'',1
'56-Holiday1-2-24WINT-1111111',5601,84000,4,'',1,8500,4,'',1,8500,4,'',1,4500,4,'',1,8500,4,'',1,8700,4,'',1,8600,4,'',1,4400,4,'',1,8500,4,'',1,8500,4,'',1,8500,4,'',1,4500,4,'',1,8500,4,'',1,8400,4,'',1,8400,4,'',1,4500,4,'',1,8500,4,'',1,9000,4,'',1,8500,4,'',1,8500,4,'',1,5500,4,'',1
'56-Saturday-2-24WINT-0000010',5600,64500,,'',1,8500,,'',1,7000,,'',1,3000,,'',1,7000,,'',1,3000,,'',1,7000,,'',1,3000,,'',1,7000,,'',1,3000,,'',1,7000,,'',1,3000,,'',1,7000,,'',1,3000,,'',1,7000,,'',1,3000,,'',1,7000,,'',1,3000,,'',1,7000,,'',1,3000,,'',1,7000,,'',1,3000,,'',1,7000,,'',1,4500,,'',1,8500,,'',1,8500,,'',1,9000,,'',1,4500,,'',1,8500,,'',1,8000,,'',1
'56-Saturday-2-24WINT-0000010',5601,72300,4,'',1,8500,4,'',1,3000,4,'',1,7000,4,'',1,3000,4,'',1,7000,4,'',1,3000,4,'',1,7100,4,'',1,3100,4,'',1,7000,4,'',1,3000,4,'',1,7000,4,'',1,3000,4,'',1,7000,4,'',1,3000,4,'',1,7000,4,'',1,3000,4,'',1,7000,4,'',1,3000,4,'',1,7000,4,'',1,3000,4,'',1,6900,4,'',1,2900,4,'',1,8500,4,'',1,8500,4,'',1,4500,4,'',1,8900,4,'',1,8500,4,'',1,8500,4,'',1,4000,4,'',1
'56-Sunday-3-24WINT-0000001',5600,80000,,'',1,4500,,'',1,8500,,'',1,7000,,'',1,3000,,'',1,7000,,'',1,3000,,'',1,7000,,'',1,3000,,'',1,7000,,'',1,3000,,'',1,7000,,'',1,3000,,'',1,7000,,'',1,3000,,'',1,7000,,'',1,3000,,'',1,7000,,'',1,3000,,'',1,7000,,'',1,4500,,'',1,8500,,'',1,8500,,'',1,9000,,'',1,4500,,'',1,8500,,'',1,8000,,'',1
'56-Sunday-3-24WINT-0000001',5601,83800,4,'',1,8500,4,'',1,8500,4,'',1,3000,4,'',1,7000,4,'',1,3000,4,'',1,7200,4,'',1,3100,4,'',1,7100,4,'',1,3000,4,'',1,6900,4,'',1,3000,4,'',1,7000,4,'',1,3000,4,'',1,7000,4,'',1,3000,4,'',1,7000,4,'',1,3000,4,'',1,6800,4,'',1,2900,4,'',1,8500,4,'',1,8500,4,'',1,4500,4,'',1,9000,4,'',1,8500,4,'',1,8500,4,'',1,4000,4,'',1
'56-Weekday-1-24WINT-1111100',5600,52700,,'',1,3100,,'',1,7100,,'',1,2900,,'',1,7000,,'',1,3000,,'',1,7000,,'',1,3000,,'',1,7400,,'',1,6800,,'',1,3000,,'',1,7000,,'',1,3000,,'',1,7000,,'',1,3000,,'',1,7000,,'',1,3000,,'',1,7100,,'',1,3100,,'',1,7000,,'',1,3000,,'',1,7000,,'',1,3000,,'',1,7000,,'',1,3000,,'',1,6800,,'',1,3000,,'',1,7000,,'',1,3000,,'',1,7000,,'',1,3000,,'',1,7600,,'',1,3000,,'',1,7000,,'',1,3000,,'',1,7000,,'',1,3000,,'',1
'56-Weekday-1-24WINT-1111100',5601,60500,4,'',1,3100,4,'',1,7100,4,'',1,2900,4,'',1,7000,4,'',1,3000,4,'',1,7000,4,'',1,3000,4,'',1,7400,4,'',1,2800,4,'',1,7000,4,'',1,3000,4,'',1,7000,4,'',1,3000,4,'',1,7000,4,'',1,3000,4,'',1,7200,4,'',1,3600,4,'',1,6900,4,'',1,3000,4,'',1,7000,4,'',1,3000,4,'',1,7000,4,'',1,3000,4,'',1,6800,4,'',1,2500,4,'',1,7000,4,'',1,3000,4,'',1,7000,4,'',1,3000,4,'',1,7000,4,'',1,3600,4,'',1,7000,4,'',1,3000,4,'',1,7000,4,'',1,3000,4,'',1,7000,4,'',1
'58-Holiday1-2-24WINT-1111111',5800,83600,4,'',1,10000,4,'',1,10000,4,'',1,10100,4,'',1,10300,4,'',1,10000,4,'',1,10000,4,'',1,10000,4,'',1,10000,4,'',1,10000,4,'',1,9600,4,'',1,10000,4,'',1,10000,4,'',1,10000,4,'',1,10000,4,'',1,10000,4,'',1
'58-Holiday1-2-24WINT-1111111',5801,80500,,'',1,10000,,'',1,10000,,'',1,10000,,'',1,10000,,'',1,10000,,'',1,10000,,'',1,10000,,'',1,10000,,'',1,10000,,'',1,10000,,'',1,10000,,'',1,10000,,'',1,10000,,'',1,10000,,'',1,10000,,'',1
'58-Saturday-2-24WINT-0000010',5800,73600,4,'',1,7000,4,'',1,3000,4,'',1,7000,4,'',1,3000,4,'',1,7100,4,'',1,3000,4,'',1,7300,4,'',1,3000,4,'',1,7000,4,'',1,3000,4,'',1,7000,4,'',1,3000,4,'',1,7000,4,'',1,3000,4,'',1,7000,4,'',1,3000,4,'',1,7000,4,'',1,3000,4,'',1,7000,4,'',1,3000,4,'',1,7000,4,'',1,2700,4,'',1,9900,4,'',1,10000,4,'',1,10000,4,'',1,10000,4,'',1,10000,4,'',1
'58-Saturday-2-24WINT-0000010',5801,63800,,'',1,6200,,'',1,3000,,'',1,7000,,'',1,3000,,'',1,7000,,'',1,3000,,'',1,7000,,'',1,3300,,'',1,6900,,'',1,3000,,'',1,7000,,'',1,3000,,'',1,7000,,'',1,3100,,'',1,6900,,'',1,3100,,'',1,6900,,'',1,3100,,'',1,6900,,'',1,3100,,'',1,6900,,'',1,3100,,'',1,6900,,'',1,9800,,'',1,10000,,'',1,10000,,'',1,10000,,'',1,10000,,'',1
'58-Sunday-3-24WINT-0000001',5800,90600,4,'',1,10000,4,'',1,10100,4,'',1,3000,4,'',1,7300,4,'',1,3000,4,'',1,7000,4,'',1,3000,4,'',1,7000,4,'',1,3000,4,'',1,7000,4,'',1,3000,4,'',1,7000,4,'',1,3000,4,'',1,7000,4,'',1,3000,4,'',1,6900,4,'',1,2700,4,'',1,10000,4,'',1,10000,4,'',1,10000,4,'',1,10000,4,'',1,10000,4,'',1
'58-Sunday-3-24WINT-0000001',5801,83500,,'',1,10000,,'',1,10000,,'',1,7000,,'',1,3000,,'',1,7000,,'',1,3000,,'',1,7000,,'',1,3000,,'',1,7000,,'',1,3000,,'',1,7000,,'',1,3000,,'',1,7000,,'',1,3000,,'',1,7000,,'',1,3000,,'',1,7000,,'',1,10000,,'',1,10000,,'',1,10000,,'',1,10000,,'',1,10000,,'',1
'58-Weekday-1-24WINT-1111100',5800,61100,4,'',1,3000,4,'',1,6600,4,'',1,3100,4,'',1,7000,4,'',1,3000,4,'',1,7000,4,'',1,3000,4,'',1,7000,4,'',1,3000,4,'',1,7000,4,'',1,3000,4,'',1,7000,4,'',1,3000,4,'',1,7000,4,'',1,3000,4,'',1,7100,4,'',1,3200,4,'',1,7000,4,'',1,3000,4,'',1,7000,4,'',1,3000,4,'',1,7000,4,'',1,3000,4,'',1,6900,4,'',1,2700,4,'',1,7000,4,'',1,3000,4,'',1,7000,4,'',1,3000,4,'',1,6900,4,'',1,3000,4,'',1,7000,4,'',1,3000,4,'',1,7000,4,'',1,3000,4,'',1,7000,4,'',1
'58-Weekday-1-24WINT-1111100',5801,53500,,'',1,6500,,'',1,3200,,'',1,7000,,'',1,3300,,'',1,7000,,'',1,3000,,'',1,6700,,'',1,3000,,'',1,7000,,'',1,3000,,'',1,7000,,'',1,3000,,'',1,7000,,'',1,3000,,'',1,7000,,'',1,3000,,'',1,7000,,'',1,3000,,'',1,7000,,'',1,3000,,'',1,7000,,'',1,3000,,'',1,7000,,'',1,3000,,'',1,7300,,'',1,3000,,'',1,7000,,'',1,3000,,'',1,7000,,'',1,3000,,'',1,7000,,'',1,3000,,'',1,7000,,'',1,3000,,'',1,7000,,'',1
'67-Weekday-2-24WINT-1111100',6700,60400,,'',1,3100,,'',1,7000,,'',1,3000,,'',1,7000,,'',1,3000,,'',1,56600,,'',1,3000,,'',1,7100,,'',1,2900,,'',1,7000,,'',1,3000,,'',1,7000,,'',1,3000,,'',1,47900,,'',1,3000,,'',1,7000,,'',1
'67-Weekday-2-24WINT-1111100',6701,65100,4,'',1,7100,4,'',1,2500,4,'',1,7200,4,'',1,3000,4,'',1,6500,4,'',1,54200,4,'',1,7000,4,'',1,3000,4,'',1,7000,4,'',1,3000,4,'',1,7000,4,'',1,2200,4,'',1,7200,4,'',1,43600,4,'',1,6700,4,'',1,3300,4,'',1
