'56-Holiday1-2-23FALL-1111111',5600,80000,,'',1,4500,,'',1,8500,,'',1,8500,,'',1,8500,,'',1,4500,,'',1,8500,,'',1,8500,,'',1,8500,,'',1,4500,,'',1,8500,,'',1,8500,,'',1,8500,,'',1,4500,,'',1,8500,,'',1,8500,,'',1,8500,,'',1,5000,,'',1,8500,,'',1,8500,,'',1,9500,,'',1
'56-Holiday1-2-23FALL-1111111',5601,84000,4,'',1,8500,4,'',1,8500,4,'',1,4500,4,'',1,8500,4,'',1,8700,4,'',1,8600,4,'',1,4400,4,'',1,8500,4,'',1,8500,4,'',1,8500,4,'',1,4500,4,'',1,8500,4,'',1,8400,4,'',1,8400,4,'',1,4500,4,'',1,8500,4,'',1,9000,4,'',1,8500,4,'',1,8500,4,'',1,5500,4,'',1
'56-Saturday-2-23FALL-0000010',5600,64500,,'',1,8500,,'',1,7000,,'',1,3000,,'',1,7000,,'',1,3000,,'',1,7000,,'',1,3000,,'',1,7000,,'',1,3000,,'',1,7000,,'',1,3000,,'',1,7000,,'',1,3000,,'',1,7000,,'',1,3000,,'',1,7000,,'',1,3000,,'',1,7000,,'',1,3000,,'',1,7000,,'',1,3000,,'',1,7000,,'',1,4500,,'',1,8500,,'',1,8500,,'',1,9000,,'',1,4500,,'',1,8500,,'',1,8000,,'',1
'56-Saturday-2-23FALL-0000010',5601,72500,4,'',1,8500,4,'',1,3000,4,'',1,7000,4,'',1,3000,4,'',1,7000,4,'',1,3000,4,'',1,7100,4,'',1,3100,4,'',1,7000,4,'',1,3000,4,'',1,7000,4,'',1,3000,4,'',1,7000,4,'',1,3000,4,'',1,7000,4,'',1,3000,4,'',1,7000,4,'',1,3000,4,'',1,7000,4,'',1,3000,4,'',1,6900,4,'',1,2900,4,'',1,8500,4,'',1,8500,4,'',1,4500,4,'',1,8800,4,'',1,8500,4,'',1,8500,4,'',1,4000,4,'',1
'56-Sunday-3-23FALL-0000001',5600,80000,,'',1,4500,,'',1,8500,,'',1,7000,,'',1,3000,,'',1,7000,,'',1,3000,,'',1,7000,,'',1,3000,,'',1,7000,,'',1,3000,,'',1,7000,,'',1,3000,,'',1,7000,,'',1,3000,,'',1,7000,,'',1,3000,,'',1,7000,,'',1,3000,,'',1,7000,,'',1,4500,,'',1,8500,,'',1,8500,,'',1,9000,,'',1,4500,,'',1,8500,,'',1,8000,,'',1
'56-Sunday-3-23FALL-0000001',5601,84000,4,'',1,8500,4,'',1,8500,4,'',1,3000,4,'',1,7000,4,'',1,3000,4,'',1,7100,4,'',1,3100,4,'',1,7100,4,'',1,3000,4,'',1,6900,4,'',1,3000,4,'',1,7000,4,'',1,3000,4,'',1,7000,4,'',1,3000,4,'',1,7000,4,'',1,3000,4,'',1,6900,4,'',1,2900,4,'',1,8500,4,'',1,8500,4,'',1,4500,4,'',1,9000,4,'',1,8500,4,'',1,8500,4,'',1,4000,4,'',1
'56-Weekday-1-23FALL-1111100',5600,52700,,'',1,3100,,'',1,7100,,'',1,2900,,'',1,7000,,'',1,3000,,'',1,7000,,'',1,3000,,'',1,7200,,'',1,7000,,'',1,3000,,'',1,7000,,'',1,3000,,'',1,7000,,'',1,3000,,'',1,7000,,'',1,3000,,'',1,7100,,'',1,2900,,'',1,7000,,'',1,3000,,'',1,7000,,'',1,3000,,'',1,7000,,'',1,3000,,'',1,7000,,'',1,3000,,'',1,7000,,'',1,3000,,'',1,7000,,'',1,3000,,'',1,7600,,'',1,3000,,'',1,7000,,'',1,3000,,'',1,7000,,'',1,3000,,'',1
'56-Weekday-1-23FALL-1111100',5601,60700,4,'',1,3100,4,'',1,7100,4,'',1,2900,4,'',1,7000,4,'',1,3000,4,'',1,7000,4,'',1,3000,4,'',1,7200,4,'',1,3000,4,'',1,7000,4,'',1,3000,4,'',1,7000,4,'',1,3000,4,'',1,7000,4,'',1,3000,4,'',1,7200,4,'',1,3700,4,'',1,6700,4,'',1,3000,4,'',1,7000,4,'',1,3000,4,'',1,7000,4,'',1,3000,4,'',1,6900,4,'',1,2500,4,'',1,7000,4,'',1,3000,4,'',1,7000,4,'',1,3000,4,'',1,7000,4,'',1,3600,4,'',1,7000,4,'',1,3000,4,'',1,7000,4,'',1,3000,4,'',1,7000,4,'',1
'64-Saturday-1-23SUMM-0000010',6400,81500,,'',1,2500,4,'',1,500,,'',1,6500,4,'',1,500,,'',1,2500,4,'',1,500,,'',1,6500,4,'',1,500,,'',1,2500,4,'',1,500,,'',1,6600,4,'',1,400,,'',1,2600,4,'',1,400,,'',1,6600,4,'',1,500,,'',1,2600,4,'',1,300,,'',1,6600,4,'',1,400,,'',1,2600,4,'',1,400,,'',1,6600,4,'',1,400,,'',1,2600,4,'',1,400,,'',1,6600,4,'',1,400,,'',1,2600,4,'',1,400,,'',1,6600,4,'',1,400,,'',1,2600,4,'',1,400,,'',1,6600,4,'',1,400,,'',1,2600,4,'',1,400,,'',1,6600,4,'',1,1900,,'',1,2500,4,'',1,7500,,'',1,2500,4,'',1,7500,,'',1,2500,4,'',1,7600,,'',1,2500,4,'',1
'64-Weekday-1-23SUMM-1111100',6400,54500,,'',1,6500,4,'',1,500,,'',1,2500,4,'',1,500,,'',1,6500,4,'',1,500,,'',1,2500,4,'',1,500,,'',1,6500,4,'',1,500,,'',1,2500,4,'',1,500,,'',1,6500,4,'',1,500,,'',1,2600,4,'',1,400,,'',1,6600,4,'',1,400,,'',1,2600,4,'',1,400,,'',1,6600,4,'',1,400,,'',1,2600,4,'',1,400,,'',1,6600,4,'',1,400,,'',1,2600,4,'',1,400,,'',1,6600,4,'',1,400,,'',1,2600,4,'',1,400,,'',1,6600,4,'',1,400,,'',1,2700,4,'',1,300,,'',1,6800,4,'',1,200,,'',1,2800,4,'',1,200,,'',1,6800,4,'',1,200,,'',1,2800,4,'',1,200,,'',1,6800,4,'',1,200,,'',1,2800,4,'',1,200,,'',1,6700,4,'',1,300,,'',1,2500,4,'',1,500,,'',1,6500,4,'',1,500,,'',1,2500,4,'',1,7500,,'',1,2500,4,'',1,7500,,'',1,2500,4,'',1
'67-Weekday-2-23FALL-1111100',6700,60500,,'',1,3000,,'',1,7000,,'',1,3000,,'',1,7000,,'',1,3000,,'',1,56600,,'',1,3000,,'',1,7100,,'',1,2900,,'',1,7000,,'',1,3000,,'',1,7000,,'',1,3000,,'',1,47900,,'',1,3000,,'',1,7000,,'',1
'67-Weekday-2-23FALL-1111100',6701,64700,4,'',1,7000,4,'',1,2700,4,'',1,7300,4,'',1,3000,4,'',1,6700,4,'',1,53900,4,'',1,7000,4,'',1,3000,4,'',1,7000,4,'',1,3000,4,'',1,7000,4,'',1,2500,4,'',1,7200,4,'',1,43300,4,'',1,7000,4,'',1,3000,4,'',1
