'51-Holiday1-3-23SUMM-0000001',5100,110200,,'',1,9900,,'',1,10000,,'',1,10000,,'',1,10000,,'',1,10000,,'',1,10000,,'',1,10000,0,'Cambridge Ctr Sta',1,9900,0,'Cambridge Ctr Sta',1
'51-Holiday1-3-23SUMM-0000001',5101,110200,4,'',1,9900,4,'',1,10000,4,'',1,10000,4,'',1,10000,4,'',1,10000,4,'',1,10000,4,'',1,10000,4,'',1,9900,4,'',1
'51-Saturday-2-23SPRI-0000010',5100,70100,,'',1,10000,,'',1,10000,,'',1,3000,,'',1,7000,,'',1,3000,,'',1,7000,,'',1,3000,,'',1,7000,,'',1,3000,,'',1,7000,,'',1,3000,,'',1,7000,,'',1,3000,,'',1,7000,,'',1,3000,,'',1,7000,,'',1,3000,,'',1,7000,,'',1,3000,,'',1,7100,,'',1,3000,,'',1,7000,,'',1,10000,,'',1,10000,,'',1,9900,,'',1,9900,,'',1
'51-Saturday-2-23SPRI-0000010',5101,70100,4,'',1,10000,4,'',1,10000,4,'',1,3000,4,'',1,7000,4,'',1,3000,4,'',1,7000,4,'',1,3000,4,'',1,7000,4,'',1,3000,4,'',1,7000,4,'',1,3000,4,'',1,7000,4,'',1,3000,4,'',1,7000,4,'',1,3000,4,'',1,7000,4,'',1,3000,4,'',1,7000,4,'',1,3000,4,'',1,7100,4,'',1,3000,4,'',1,7000,4,'',1,10000,4,'',1,10000,4,'',1,9900,4,'',1,9900,4,'',1,10000,4,'',1
'51-Saturday-2-23SUMM-0000010',5100,70100,,'',1,10000,,'',1,10000,,'',1,3000,,'',1,7000,,'',1,3000,,'',1,7000,,'',1,3000,,'',1,7000,,'',1,3000,,'',1,7000,,'',1,3000,,'',1,7000,,'',1,3000,,'',1,7000,,'',1,3000,,'',1,7000,,'',1,3000,,'',1,7000,,'',1,3000,,'',1,7100,,'',1,3000,,'',1,7000,,'',1,10000,,'',1,10000,,'',1,9900,,'',1,9900,,'',1
'51-Saturday-2-23SUMM-0000010',5101,70100,4,'',1,10000,4,'',1,10000,4,'',1,3000,4,'',1,7000,4,'',1,3000,4,'',1,7000,4,'',1,3000,4,'',1,7000,4,'',1,3000,4,'',1,7000,4,'',1,3000,4,'',1,7000,4,'',1,3000,4,'',1,7000,4,'',1,3000,4,'',1,7000,4,'',1,3000,4,'',1,7000,4,'',1,3000,4,'',1,7100,4,'',1,3000,4,'',1,7000,4,'',1,10000,4,'',1,10000,4,'',1,9900,4,'',1,9900,4,'',1,10000,4,'',1
'51-Sunday-1-23SPRI-0000001',5100,110200,,'',1,9900,,'',1,10000,,'',1,10000,,'',1,10000,,'',1,10000,,'',1,10000,,'',1,10000,0,'Cambridge Ctr Sta',1,9900,0,'Cambridge Ctr Sta',1
'51-Sunday-1-23SPRI-0000001',5101,110200,4,'',1,9900,4,'',1,10000,4,'',1,10000,4,'',1,10000,4,'',1,10000,4,'',1,10000,4,'',1,10000,4,'',1,9900,4,'',1
'51-Sunday-1-23SUMM-0000001',5100,110200,,'',1,9900,,'',1,10000,,'',1,10000,,'',1,10000,,'',1,10000,,'',1,10000,,'',1,10000,0,'Cambridge Ctr Sta',1,9900,0,'Cambridge Ctr Sta',1
'51-Sunday-1-23SUMM-0000001',5101,110200,4,'',1,9900,4,'',1,10000,4,'',1,10000,4,'',1,10000,4,'',1,10000,4,'',1,10000,4,'',1,10000,4,'',1,9900,4,'',1
'51-Weekday-1-23SUMM-1111100',5100,60700,,'',1,3000,,'',1,6500,,'',1,3000,,'',1,7000,,'',1,3000,,'',1,6900,,'',1,3000,,'',1,7000,,'',1,3000,,'',1,7000,,'',1,3000,,'',1,7000,,'',1,3000,,'',1,7000,,'',1,3000,,'',1,7000,,'',1,3200,,'',1,7000,,'',1,3000,,'',1,7000,,'',1,3000,,'',1,7000,,'',1,3000,,'',1,7000,,'',1,2800,,'',1,7100,,'',1,10000,,'',1,10000,,'',1,10000,,'',1,10000,,'',1
'51-Weekday-1-23SUMM-1111100',5101,60700,4,'',1,3000,4,'',1,6500,4,'',1,3000,4,'',1,7000,4,'',1,3000,4,'',1,6900,4,'',1,3000,4,'',1,7000,4,'',1,3000,4,'',1,7000,4,'',1,3000,4,'',1,7000,4,'',1,3000,4,'',1,7000,4,'',1,3000,4,'',1,7000,4,'',1,3200,4,'',1,7000,4,'',1,3000,4,'',1,7000,4,'',1,3000,4,'',1,7000,4,'',1,3000,4,'',1,7000,4,'',1,2800,4,'',1,7100,4,'',1,10000,4,'',1,10000,4,'',1,10000,4,'',1,10000,4,'',1,10000,4,'',1
