'27-Saturday-1-24WINT-0000010',2700,71400,4,'',1,3000,4,'',1,7000,4,'',1,3000,4,'',1,7100,4,'',1,3000,4,'',1,7000,4,'',1,3000,4,'',1,7000,4,'',1,3000,4,'',1,7000,4,'',1,3000,4,'',1,7000,4,'',1,3000,4,'',1,7000,4,'',1,3000,4,'',1,7000,4,'',1,3000,4,'',1,7000,4,'',1,3000,4,'',1,7000,4,'',1,3000,4,'',1,6900,4,'',1,3000,4,'',1,7000,4,'',1,3000,4,'',1,7000,4,'',1,3000,4,'',1,7000,4,'',1
'27-Saturday-1-24WINT-0000010',2701,71400,,'',1,3000,,'',1,7000,,'',1,3000,,'',1,7100,,'',1,3000,,'',1,7000,,'',1,3000,,'',1,7000,,'',1,3000,,'',1,7000,,'',1,3000,,'',1,7000,,'',1,3000,,'',1,7000,,'',1,3000,,'',1,7000,,'',1,3000,,'',1,7000,,'',1,3000,,'',1,7000,,'',1,3000,,'',1,6900,,'',1,3000,,'',1,7000,,'',1,3000,,'',1,7000,,'',1,3000,,'',1,7000,,'',1
'27-Saturday-2-20242-0000010',2700,72400,4,'',1,3500,4,'',1,7500,4,'',1,7500,4,'',1,3600,4,'',1,7500,4,'',1,3500,4,'',1,7500,4,'',1,7500,4,'',1,3500,4,'',1,7500,4,'',1,3500,4,'',1,7500,4,'',1,7500,4,'',1,3500,4,'',1,7500,4,'',1,3500,4,'',1,7500,4,'',1,3500,4,'',1,7400,4,'',1,7500,4,'',1,3500,4,'',1,7500,4,'',1,3500,4,'',1,7500,4,'',1
'27-Saturday-2-20242-0000010',2701,72400,,'',1,3500,,'',1,7500,,'',1,7500,,'',1,3600,,'',1,7500,,'',1,3500,,'',1,7500,,'',1,7500,,'',1,3500,,'',1,7500,,'',1,3500,,'',1,7500,,'',1,7500,,'',1,3500,,'',1,7500,,'',1,3500,,'',1,7500,,'',1,3500,,'',1,7400,,'',1,7500,,'',1,3500,,'',1,7500,,'',1,3500,,'',1,7500,,'',1
'27-Sunday-1-24WINT-0000001',2700,94400,4,'',1,7000,4,'',1,3000,4,'',1,7000,4,'',1,3000,4,'',1,7000,4,'',1,3000,4,'',1,7000,4,'',1,3000,4,'',1,7000,4,'',1,3000,4,'',1,7000,4,'',1,3000,4,'',1,7000,4,'',1,3000,4,'',1,7000,4,'',1,3000,4,'',1,7000,4,'',1,3000,4,'',1,7000,4,'',1,3000,4,'',1,7000,4,'',1,3000,4,'',1,7000,4,'',1
'27-Sunday-1-24WINT-0000001',2701,94400,,'',1,7000,,'',1,3000,,'',1,7000,,'',1,3000,,'',1,7000,,'',1,3000,,'',1,7000,,'',1,3000,,'',1,7000,,'',1,3000,,'',1,7000,,'',1,3000,,'',1,7000,,'',1,3000,,'',1,7000,,'',1,3000,,'',1,7000,,'',1,3000,,'',1,7000,,'',1,3000,,'',1,7000,,'',1,3000,,'',1,7000,,'',1
'27-Sunday-2-20242-0000001',2700,72400,4,'',1,3500,4,'',1,7500,4,'',1,7500,4,'',1,3500,4,'',1,7500,4,'',1,3500,4,'',1,7500,4,'',1,7500,4,'',1,3500,4,'',1,7500,4,'',1,3500,4,'',1,7500,4,'',1,3500,4,'',1,7500,4,'',1,7500,4,'',1,3500,4,'',1,7500,4,'',1,3500,4,'',1,7500,4,'',1,7500,4,'',1,3500,4,'',1,7500,4,'',1,3500,4,'',1,7500,4,'',1,3500,4,'',1
'27-Sunday-2-20242-0000001',2701,72400,,'',1,3500,,'',1,7500,,'',1,7500,,'',1,3500,,'',1,7500,,'',1,3500,,'',1,7500,,'',1,7500,,'',1,3500,,'',1,7500,,'',1,3500,,'',1,7500,,'',1,3500,,'',1,7500,,'',1,7500,,'',1,3500,,'',1,7500,,'',1,3500,,'',1,7500,,'',1,7500,,'',1,3500,,'',1,7500,,'',1,3500,,'',1,7500,,'',1,3500,,'',1
'27-Weekday-1-24WINT-1111100',2700,61400,4,'',1,3000,4,'',1,7200,4,'',1,3000,4,'',1,7000,4,'',1,3000,4,'',1,7000,4,'',1,2900,4,'',1,7000,4,'',1,3000,4,'',1,7000,4,'',1,3000,4,'',1,7000,4,'',1,3000,4,'',1,7000,4,'',1,3000,4,'',1,7000,4,'',1,3100,4,'',1,7000,4,'',1,3000,4,'',1,7000,4,'',1,3000,4,'',1,7000,4,'',1,3000,4,'',1,6800,4,'',1,3000,4,'',1,7000,4,'',1,3000,4,'',1,7000,4,'',1,3000,4,'',1,7000,4,'',1
'27-Weekday-1-24WINT-1111100',2701,61400,,'',1,3000,,'',1,7200,,'',1,3000,,'',1,7000,,'',1,3000,,'',1,7000,,'',1,2900,,'',1,7000,,'',1,3000,,'',1,7000,,'',1,3000,,'',1,7000,,'',1,3000,,'',1,7000,,'',1,3000,,'',1,7000,,'',1,3100,,'',1,7000,,'',1,3000,,'',1,7000,,'',1,3000,,'',1,7000,,'',1,3000,,'',1,6800,,'',1,3000,,'',1,7000,,'',1,3000,,'',1,7000,,'',1,3000,,'',1,7000,,'',1
'27-Weekday-2-20242-1111100',2700,61400,4,'',1,3500,4,'',1,7700,4,'',1,7500,4,'',1,3500,4,'',1,7500,4,'',1,3400,4,'',1,7500,4,'',1,3500,4,'',1,7500,4,'',1,7500,4,'',1,3500,4,'',1,7500,4,'',1,3500,4,'',1,7500,4,'',1,7600,4,'',1,3500,4,'',1,7500,4,'',1,3500,4,'',1,7500,4,'',1,3500,4,'',1,7400,4,'',1,7500,4,'',1,3500,4,'',1,7500,4,'',1,3500,4,'',1,7500,4,'',1
'27-Weekday-2-20242-1111100',2701,61400,,'',1,3500,,'',1,7700,,'',1,7500,,'',1,3500,,'',1,7500,,'',1,3400,,'',1,7500,,'',1,3500,,'',1,7500,,'',1,7500,,'',1,3500,,'',1,7500,,'',1,3500,,'',1,7500,,'',1,7600,,'',1,3500,,'',1,7500,,'',1,3500,,'',1,7500,,'',1,3500,,'',1,7400,,'',1,7500,,'',1,3500,,'',1,7500,,'',1,3500,,'',1,7500,,'',1
