100,3908,1,0
100,1095,2,0
100,3485,3,0
100,1180,4,0
100,3473,5,0
100,3466,6,0
100,3329,7,0
100,3330,8,0
100,3331,9,0
100,3332,10,0
100,3470,11,0
100,3335,12,0
100,3337,13,0
100,3338,14,0
100,3340,15,0
100,3341,16,0
100,3342,17,0
100,3637,18,0
100,3343,19,0
100,3482,20,0
100,3344,21,0
100,3345,22,0
100,3346,23,0
100,3347,24,0
100,3348,25,0
100,3349,26,0
100,3350,27,0
100,3351,28,0
100,3353,29,0
100,3354,30,0
100,3355,31,0
100,1982,32,0
100,2705,33,0
100,2706,34,0
100,2707,35,0
100,2557,36,0
100,1385,37,0
100,5039,38,0
100,2410,39,0
100,1377,40,0
100,1000,41,0
100,3575,42,0
100,2359,43,0
100,3578,44,0
100,2361,45,0
100,2362,46,0
100,2363,47,0
100,2366,48,0
100,2370,49,0
100,2371,50,0
100,2372,51,0
100,1012,52,0
100,1013,53,0
100,1014,54,0
100,1015,55,0
100,1016,56,0
100,1017,57,0
100,1018,58,0
100,1019,59,0
100,1693,60,0
100,1694,61,0
100,3480,62,0
100,3477,63,0
100,2619,64,0
100,3481,65,0
100,1041,66,0
100,1042,67,0
100,1043,68,0
100,1044,69,0
100,1045,70,0
100,2232,71,0
100,3497,72,1
101,3497,1,0
101,2232,2,0
101,1559,3,0
101,1560,4,0
101,1047,5,0
101,1048,6,0
101,1049,7,0
101,1050,8,0
101,1866,9,0
101,3478,10,0
101,3479,11,0
101,1664,12,0
101,1665,13,0
101,1068,14,0
101,1069,15,0
101,1070,16,0
101,1071,17,0
101,1072,18,0
101,3574,19,0
101,1073,20,0
101,1074,21,0
101,2395,22,0
101,2396,23,0
101,2369,24,0
101,2400,25,0
101,2403,26,0
101,2404,27,0
101,2405,28,0
101,2407,29,0
101,2408,30,0
101,1088,31,0
101,1089,32,0
101,2713,33,0
101,2714,34,0
101,5036,35,0
101,2710,36,0
101,3068,37,0
101,2754,38,0
101,3069,39,0
101,2755,40,0
101,3293,41,0
101,3294,42,0
101,3295,43,0
101,3296,44,0
101,3297,45,0
101,3298,46,0
101,3299,47,0
101,3300,48,0
101,3303,49,0
101,3304,50,0
101,3306,51,0
101,3307,52,0
101,3308,53,0
101,3309,54,0
101,3310,55,0
101,3311,56,0
101,3461,57,0
101,3472,58,0
101,3317,59,0
101,3471,60,0
101,3469,61,0
101,3368,62,0
101,3468,63,0
101,3384,64,0
101,3467,65,0
101,3476,66,0
101,1203,67,0
101,3487,68,0
101,1101,69,0
101,3908,70,1
200,3471,1,0
200,3548,2,0
200,3378,3,0
200,3364,4,0
200,3365,5,0
200,3366,6,0
200,3367,7,0
200,3368,8,0
200,3549,9,0
200,3550,10,0
200,3373,11,0
200,3551,12,0
200,3470,13,0
200,3154,14,0
200,3500,15,0
200,3155,16,0
200,3383,17,0
200,3343,18,0
200,2981,19,0
200,2982,20,0
200,2983,21,0
200,3094,22,0
200,3095,23,0
200,3096,24,0
200,3097,25,0
200,3098,26,0
200,3099,27,0
200,3100,28,0
200,5023,29,0
200,5024,30,0
200,2401,31,0
200,3105,32,0
200,2830,33,0
200,1982,34,0
200,2705,35,0
200,2706,36,0
200,2707,37,0
200,2711,38,0
200,2309,39,0
200,2914,40,0
200,2915,41,0
200,2916,42,0
200,2917,43,0
200,1391,44,0
200,2921,45,0
200,1939,46,0
200,2850,47,0
200,2851,48,0
200,1953,49,0
200,2922,50,0
200,2923,51,0
200,1668,52,1
201,1668,1,0
201,2926,2,0
201,1940,3,0
201,2633,4,0
201,2634,5,0
201,2635,6,0
201,2936,7,0
201,1388,8,0
201,2918,9,0
201,2927,10,0
201,2928,11,0
201,2929,12,0
201,2711,13,0
201,3068,14,0
201,2754,15,0
201,3069,16,0
201,2755,17,0
201,2829,18,0
201,2820,19,0
201,2402,20,0
201,5027,21,0
201,5028,22,0
201,3083,23,0
201,3084,24,0
201,3085,25,0
201,2828,26,0
201,2825,27,0
201,3091,28,0
201,3093,29,0
201,2971,30,0
201,2972,31,0
201,3306,32,0
201,3307,33,0
201,3359,34,0
201,2824,35,0
201,3501,36,0
201,2822,37,0
201,3471,38,1
300,5037,1,0
300,4096,2,0
300,1545,3,0
300,2898,4,0
300,4094,5,0
300,2901,6,0
300,2902,7,0
300,2903,8,0
300,2904,9,0
300,2905,10,0
300,2938,11,0
300,3021,12,0
300,1134,13,0
300,3053,14,0
300,2908,15,0
300,2910,16,0
300,2911,17,0
300,2912,18,0
300,2913,19,0
300,2914,20,0
300,2915,21,0
300,2916,22,0
300,1386,23,0
300,2919,24,0
300,2920,25,0
300,2579,26,0
300,1000,27,0
300,2559,28,0
300,2713,29,0
300,5022,30,0
300,2715,31,0
300,2716,32,0
300,3618,33,0
300,2929,34,0
300,2930,35,0
300,3060,36,0
300,3061,37,0
300,3062,38,0
300,5053,39,0
300,2937,40,0
300,3229,41,0
300,2863,42,0
300,2864,43,0
300,2865,44,0
300,2866,45,0
300,2867,46,0
300,2868,47,0
300,2869,48,0
300,2870,49,0
300,2871,50,0
300,2872,51,0
300,2873,52,0
300,2874,53,0
300,2875,54,0
300,2876,55,0
300,2877,56,0
300,2878,57,0
300,2879,58,0
300,2880,59,0
300,2882,60,0
300,2883,61,0
300,2884,62,0
300,1770,63,1
301,1088,1,0
301,1385,2,0
301,2924,3,0
301,2925,4,0
301,1387,5,0
301,2927,6,0
301,2928,7,0
301,2929,8,0
301,2930,9,0
301,2931,10,0
301,2932,11,0
301,2933,12,0
301,2934,13,0
301,2935,14,0
301,3052,15,0
301,1151,16,0
301,3051,17,0
301,1192,18,0
301,2863,19,0
301,2864,20,0
301,2865,21,0
301,2866,22,0
301,2867,23,0
301,2868,24,0
301,2869,25,0
301,2870,26,0
301,1489,27,0
301,4095,28,0
301,5037,29,0
301,1770,30,0
301,2885,31,0
301,2886,32,0
301,2887,33,0
301,2888,34,0
301,2889,35,0
301,2890,36,0
301,2891,37,0
301,2892,38,0
301,2893,39,0
301,2894,40,0
301,2895,41,0
301,2896,42,0
301,2897,43,0
301,2898,44,0
301,4094,45,0
301,2901,46,0
301,2902,47,0
301,2903,48,0
301,2904,49,0
301,2905,50,0
301,2906,51,0
301,2907,52,0
301,2908,53,0
301,2909,54,0
301,2910,55,0
301,2911,56,0
301,2912,57,0
301,2913,58,0
301,2914,59,0
301,2750,60,0
301,2751,61,0
301,2752,62,0
301,2753,63,0
301,2707,64,0
301,2559,65,1
400,2711,1,0
400,2556,2,0
400,5005,3,0
400,3580,4,0
400,2462,5,0
400,2463,6,0
400,2464,7,0
400,2465,8,0
400,2466,9,0
400,1091,10,0
400,1005,11,0
400,3237,12,0
400,3238,13,0
400,3239,14,0
400,3240,15,0
400,3241,16,0
400,3242,17,0
400,3243,18,0
400,3244,19,0
400,3245,20,0
400,3246,21,0
400,3248,22,0
400,3249,23,0
400,3250,24,0
400,3251,25,0
400,3252,26,0
400,3253,27,0
400,3254,28,0
400,3255,29,0
400,3256,30,0
400,3257,31,0
400,3258,32,0
400,3259,33,0
400,3260,34,0
400,3879,35,0
400,3880,36,0
400,3662,37,0
400,4003,38,0
400,3663,39,0
400,3664,40,0
400,3264,41,0
400,3265,42,0
400,3167,43,0
400,3266,44,0
400,3267,45,0
400,3268,46,0
400,3269,47,0
400,3270,48,0
400,3271,49,0
400,3272,50,0
400,3273,51,0
400,3274,52,0
400,3275,53,0
400,3277,54,0
400,3278,55,0
400,3279,56,0
400,1900,57,0
400,1902,58,0
400,3283,59,0
400,3284,60,0
400,3285,61,0
400,1083,62,0
400,1092,63,0
400,2468,64,0
400,2469,65,0
400,2471,66,0
400,2472,67,0
400,2838,68,0
400,2839,69,0
400,2840,70,0
400,2841,71,0
400,2358,72,0
400,2842,73,0
400,1088,74,1
401,1000,1,0
401,2319,2,0
401,2320,3,0
401,2654,4,0
401,2690,5,0
401,2657,6,0
401,2658,7,0
401,2659,8,0
401,2491,9,0
401,2492,10,0
401,2493,11,0
401,2660,12,0
401,1005,13,0
401,3237,14,0
401,3238,15,0
401,3239,16,0
401,2538,17,0
401,1272,18,0
401,3242,19,0
401,3243,20,0
401,3244,21,0
401,3245,22,0
401,3246,23,0
401,3248,24,0
401,3249,25,0
401,3250,26,0
401,3251,27,0
401,3252,28,0
401,3253,29,0
401,3254,30,0
401,3255,31,0
401,3256,32,0
401,3257,33,0
401,3258,34,0
401,3259,35,0
401,3260,36,0
401,3879,37,0
401,3880,38,0
401,3662,39,0
401,4003,40,0
401,3663,41,0
401,3664,42,0
401,3264,43,0
401,3265,44,0
401,3167,45,0
401,3266,46,0
401,3268,47,0
401,3269,48,0
401,3270,49,0
401,3271,50,0
401,3272,51,0
401,3273,52,0
401,3274,53,0
401,3275,54,0
401,3277,55,0
401,3278,56,0
401,3279,57,0
401,3720,58,0
401,3281,59,0
401,3282,60,0
401,3283,61,0
401,3284,62,0
401,3285,63,0
401,1083,64,0
401,1092,65,0
401,2494,66,0
401,2495,67,0
401,2496,68,0
401,2498,69,0
401,2499,70,0
401,2500,71,0
401,5006,72,0
401,2556,73,0
401,2711,74,1
500,4003,1,0
500,3663,2,0
500,3664,3,0
500,4064,4,0
500,4066,5,0
500,4068,6,0
500,4069,7,0
500,4070,8,0
500,1984,9,0
500,1994,10,0
500,1995,11,0
500,1996,12,0
500,1997,13,0
500,1998,14,0
500,1999,15,0
500,2000,16,0
500,2001,17,0
500,2002,18,0
500,2003,19,0
500,2004,20,0
500,1270,21,0
500,3743,22,0
500,1907,23,0
500,2006,24,0
500,2007,25,0
500,2009,26,0
500,2010,27,0
500,2011,28,0
500,2012,29,0
500,2013,30,0
500,2014,31,0
500,2015,32,0
500,2020,33,0
500,2021,34,0
500,2424,35,0
500,2425,36,0
500,2426,37,0
500,2427,38,0
500,2428,39,0
500,2429,40,0
500,2430,41,0
500,2431,42,0
500,2432,43,0
500,2433,44,0
500,2434,45,1
501,2434,1,0
501,2435,2,0
501,2436,3,0
501,2437,4,0
501,2438,5,0
501,2439,6,0
501,1943,7,0
501,1944,8,0
501,1945,9,0
501,1946,10,0
501,1947,11,0
501,1948,12,0
501,1949,13,0
501,1950,14,0
501,1951,15,0
501,1952,16,0
501,1954,17,0
501,1955,18,0
501,1956,19,0
501,1957,20,0
501,4015,21,0
501,1959,22,0
501,1960,23,0
501,1907,24,0
501,4099,25,0
501,1961,26,0
501,1962,27,0
501,1963,28,0
501,1964,29,0
501,1965,30,0
501,1966,31,0
501,1967,32,0
501,1968,33,0
501,1969,34,0
501,1970,35,0
501,1971,36,0
501,4056,37,0
501,4071,38,0
501,1985,39,0
501,1986,40,0
501,1988,41,0
501,4067,42,0
501,4065,43,0
501,4063,44,0
501,3880,45,0
501,3662,46,0
501,4003,47,1
600,3493,1,0
600,2497,2,0
600,2506,3,0
600,2736,4,0
600,2737,5,0
600,2738,6,0
600,2470,7,0
600,2349,8,0
600,2296,9,0
600,2745,10,0
600,2746,11,0
600,2748,12,0
600,2749,13,0
600,2750,14,0
600,2751,15,0
600,2752,16,0
600,2753,17,0
600,2410,18,0
600,1376,19,0
600,1313,20,0
600,2555,21,0
600,1292,22,0
600,1893,23,0
600,2409,24,0
600,2411,25,0
600,2412,26,0
600,2413,27,0
600,2414,28,0
600,2415,29,0
600,2416,30,0
600,2417,31,0
600,2418,32,0
600,2419,33,0
600,2420,34,0
600,2421,35,0
600,2422,36,0
600,3657,37,0
600,2423,38,0
600,2020,39,0
600,2021,40,0
600,2424,41,0
600,2022,42,0
600,2023,43,0
600,4031,44,0
600,4033,45,0
600,3673,46,0
600,4034,47,0
600,3789,48,0
600,3790,49,0
600,1925,50,0
600,4037,51,0
600,4028,52,0
600,4016,53,0
600,4050,54,0
600,4009,55,0
600,2088,56,0
600,4043,57,0
600,1212,58,0
600,1126,59,1
601,1126,1,0
601,2809,2,0
601,2810,3,0
601,4042,4,0
601,1920,5,0
601,4008,6,0
601,4051,7,0
601,4038,8,0
601,4029,9,0
601,4036,10,0
601,4035,11,0
601,3783,12,0
601,3784,13,0
601,3679,14,0
601,3680,15,0
601,4032,16,0
601,4030,17,0
601,1941,18,0
601,1942,19,0
601,1943,20,0
601,1944,21,0
601,1945,22,0
601,2440,23,0
601,2441,24,0
601,2442,25,0
601,2443,26,0
601,2444,27,0
601,2445,28,0
601,2446,29,0
601,2447,30,0
601,2448,31,0
601,2449,32,0
601,2450,33,0
601,3744,34,0
601,2451,35,0
601,2453,36,0
601,2454,37,0
601,1901,38,0
601,1273,39,0
601,2555,40,0
601,2713,41,0
601,2714,42,0
601,2715,43,0
601,2716,44,0
601,3618,45,0
601,2718,46,0
601,2719,47,0
601,2721,48,0
601,2722,49,0
601,2724,50,0
601,2725,51,0
601,2115,52,0
601,1463,53,0
601,2452,54,0
601,2732,55,0
601,2733,56,0
601,2734,57,0
601,2735,58,0
601,2594,59,0
601,2595,60,0
601,3493,61,1
700,3490,1,0
700,1555,2,0
700,2584,3,0
700,2585,4,0
700,2596,5,0
700,2597,6,0
700,2599,7,0
700,2600,8,0
700,2601,9,0
700,2602,10,0
700,2586,11,0
700,2587,12,0
700,2589,13,0
700,2590,14,0
700,2603,15,0
700,2605,16,0
700,2606,17,0
700,1878,18,0
700,1552,19,0
700,1047,20,0
700,2621,21,0
700,2622,22,0
700,2623,23,0
700,1870,24,0
700,1871,25,0
700,1872,26,0
700,1873,27,0
700,1874,28,0
700,1875,29,0
700,1876,30,0
700,3715,31,0
700,1880,32,0
700,1881,33,0
700,1882,34,0
700,1883,35,0
700,1884,36,0
700,1885,37,0
700,1886,38,0
700,2564,39,0
700,5001,40,0
700,1089,41,0
700,2551,42,0
700,2550,43,0
700,1292,44,0
700,1888,45,0
700,1889,46,0
700,1890,47,0
700,1891,48,0
700,1892,49,0
700,1893,50,0
700,1896,51,0
700,1897,52,0
700,1898,53,0
700,1900,54,0
700,1902,55,0
700,1904,56,0
700,1907,57,0
700,5060,58,0
700,5007,59,0
700,5008,60,0
700,1913,61,0
700,1914,62,0
700,1915,63,0
700,1916,64,0
700,1917,65,0
700,1918,66,0
700,1919,67,0
700,1125,68,0
700,1130,69,0
700,1166,70,0
700,3619,71,0
700,2673,72,0
700,2674,73,0
700,2675,74,0
700,2515,75,0
700,2516,76,0
700,2517,77,0
700,2518,78,0
700,2519,79,0
700,4072,80,0
700,2511,81,0
700,2512,82,0
700,2513,83,0
700,2514,84,0
700,1093,85,0
700,1094,86,0
700,1122,87,0
700,1123,88,0
700,3621,89,1
701,1125,1,0
701,1130,2,0
701,2504,3,0
701,2505,4,0
701,2507,5,0
701,2508,6,0
701,2509,7,0
701,2532,8,0
701,2519,9,0
701,2520,10,0
701,2521,11,0
701,2522,12,0
701,2523,13,0
701,2524,14,0
701,2525,15,0
701,2526,16,0
701,2527,17,0
701,2528,18,0
701,2529,19,0
701,1165,20,0
701,1123,21,0
701,1124,22,0
701,3943,23,0
701,3945,24,0
701,2783,25,0
701,3620,26,0
701,2785,27,0
701,2533,28,0
701,3581,29,0
701,5010,30,0
701,4099,31,0
701,1270,32,0
701,3743,33,0
701,1907,34,0
701,4048,35,0
701,4015,36,0
701,1959,37,0
701,2536,38,0
701,2538,39,0
701,2540,40,0
701,2542,41,0
701,2543,42,0
701,2544,43,0
701,1901,44,0
701,2457,45,0
701,2458,46,0
701,1273,47,0
701,2554,48,0
701,2547,49,0
701,2562,50,0
701,2561,51,0
701,3730,52,0
701,1887,53,0
701,2565,54,0
701,3579,55,0
701,2567,56,0
701,2568,57,0
701,2569,58,0
701,2570,59,0
701,2571,60,0
701,2572,61,0
701,2609,62,0
701,2610,63,0
701,2611,64,0
701,3642,65,0
701,2612,66,0
701,2613,67,0
701,2614,68,0
701,2861,69,0
701,2862,70,0
701,1043,71,0
701,1044,72,0
701,1045,73,0
701,1555,74,0
701,3661,75,0
701,2573,76,0
701,2575,77,0
701,2576,78,0
701,2577,79,0
701,2578,80,0
701,2580,81,0
701,2581,82,0
701,2582,83,0
701,2583,84,0
701,2591,85,0
701,2592,86,0
701,2593,87,0
701,2594,88,0
701,2595,89,0
701,1552,90,0
701,3490,91,0
701,2551,92,1
800,3498,1,0
800,3228,2,0
800,1047,3,0
800,2621,4,0
800,2622,5,0
800,2623,6,0
800,1870,7,0
800,1871,8,0
800,1872,9,0
800,1873,10,0
800,2624,11,0
800,2625,12,0
800,2626,13,0
800,2627,14,0
800,2628,15,0
800,2629,16,0
800,2630,17,0
800,2631,18,0
800,2633,19,0
800,2634,20,0
800,2635,21,0
800,1874,22,0
800,1875,23,0
800,1876,24,0
800,3715,25,0
800,2615,26,0
800,2616,27,0
800,2563,28,0
800,2636,29,0
800,2649,30,0
800,2651,31,0
800,2653,32,0
800,2408,33,0
800,1375,34,0
800,1879,35,0
800,1893,36,0
800,2541,37,0
800,2462,38,0
800,2463,39,0
800,2464,40,0
800,2465,41,0
800,2466,42,0
800,2537,43,0
800,1554,44,0
800,2584,45,0
800,2585,46,0
800,2596,47,0
800,2736,48,0
800,2737,49,0
800,2738,50,0
800,2470,51,0
800,2026,52,0
800,2296,53,0
800,2745,54,0
800,2746,55,0
800,2748,56,0
800,2749,57,0
800,2750,58,0
800,2751,59,0
800,2752,60,0
800,2753,61,0
800,2707,62,0
800,2553,63,0
800,5005,64,0
800,5015,65,0
800,2656,66,0
800,2657,67,0
800,2658,68,0
800,2659,69,0
800,2491,70,0
800,2492,71,0
800,2493,72,0
800,2660,73,0
800,2661,74,0
800,2663,75,0
800,2664,76,0
800,2665,77,0
800,2666,78,0
800,2668,79,0
800,2667,80,0
800,2670,81,0
800,2671,82,0
800,1166,83,0
800,3621,84,0
800,5036,85,0
800,5006,86,0
800,2545,87,0
800,3068,88,0
800,2754,89,0
800,3069,90,0
800,2755,91,0
800,2756,92,0
800,2757,93,0
800,2758,94,0
800,2759,95,0
800,2760,96,0
800,2761,97,0
800,2762,98,0
800,2763,99,0
800,2764,100,0
800,2765,101,0
800,2766,102,0
800,2767,103,0
800,2768,104,0
800,2769,105,0
800,3914,106,0
800,2772,107,0
800,2773,108,0
800,2774,109,0
800,2775,110,0
800,4053,111,0
800,2777,112,0
800,2778,113,0
800,2779,114,0
800,2780,115,0
800,1090,116,0
800,3943,117,0
800,3945,118,0
800,2783,119,0
800,3620,120,0
800,2785,121,1
801,1166,1,0
801,3619,2,0
801,2673,3,0
801,2674,4,0
801,2675,5,0
801,2676,6,0
801,2677,7,0
801,2678,8,0
801,2679,9,0
801,2680,10,0
801,2681,11,0
801,2682,12,0
801,2683,13,0
801,2685,14,0
801,2686,15,0
801,2687,16,0
801,2688,17,0
801,2689,18,0
801,3897,19,0
801,2692,20,0
801,2693,21,0
801,2694,22,0
801,2695,23,0
801,2696,24,0
801,2697,25,0
801,2698,26,0
801,2699,27,0
801,2701,28,0
801,2702,29,0
801,2703,30,0
801,1982,31,0
801,2705,32,0
801,2706,33,0
801,2707,34,0
801,2552,35,0
801,1385,36,0
801,5039,37,0
801,3578,38,0
801,2785,39,0
801,2786,40,0
801,2787,41,0
801,2833,42,0
801,2834,43,0
801,2835,44,0
801,3606,45,0
801,2836,46,0
801,2837,47,0
801,2467,48,0
801,2468,49,0
801,2469,50,0
801,2471,51,0
801,2472,52,0
801,2838,53,0
801,2839,54,0
801,1023,55,0
801,2500,56,0
801,5006,57,0
801,2546,58,0
801,2713,59,0
801,5022,60,0
801,2715,61,0
801,2716,62,0
801,3618,63,0
801,2718,64,0
801,2719,65,0
801,2721,66,0
801,2722,67,0
801,2724,68,0
801,2725,69,0
801,2115,70,0
801,1463,71,0
801,2452,72,0
801,2732,73,0
801,2733,74,0
801,2734,75,0
801,2735,76,0
801,2595,77,0
801,1554,78,0
801,3228,79,0
801,2534,80,0
801,2494,81,0
801,2495,82,0
801,2496,83,0
801,2498,84,0
801,2499,85,0
801,2539,86,0
801,1474,87,0
801,1901,88,0
801,1899,89,0
801,3575,90,0
801,2359,91,0
801,2843,92,0
801,2844,93,0
801,2845,94,0
801,2847,95,0
801,2848,96,0
801,2566,97,0
801,2617,98,0
801,2618,99,0
801,3576,100,0
801,2610,101,0
801,2611,102,0
801,3642,103,0
801,1939,104,0
801,2850,105,0
801,2851,106,0
801,2853,107,0
801,2854,108,0
801,2855,109,0
801,2856,110,0
801,2857,111,0
801,2858,112,0
801,2859,113,0
801,2860,114,0
801,2612,115,0
801,2613,116,0
801,2614,117,0
801,2861,118,0
801,2862,119,0
801,1043,120,0
801,1044,121,0
801,1045,122,0
801,3498,123,0
801,3614,124,1
900,1123,1,0
900,1124,2,0
900,1090,3,0
900,3943,4,0
900,3945,5,0
900,2783,6,0
900,3620,7,0
900,2785,8,0
900,1166,9,0
900,1167,10,0
900,1168,11,0
900,1171,12,0
900,1172,13,0
900,1173,14,0
900,1174,15,0
900,1175,16,0
900,1176,17,0
900,1178,18,0
900,1179,19,0
900,2515,20,0
900,2516,21,0
900,2530,22,0
900,2518,23,0
900,4074,24,0
900,3865,25,0
900,3630,26,0
900,3866,27,0
900,3867,28,0
900,3626,29,0
900,1181,30,0
900,1182,31,0
900,1183,32,0
900,1184,33,0
900,1185,34,0
900,1186,35,0
900,1187,36,0
900,1188,37,0
900,1189,38,0
900,1190,39,0
900,1191,40,0
900,1193,41,0
900,1194,42,0
900,1195,43,0
900,1196,44,0
900,1197,45,0
900,1198,46,0
900,1199,47,0
900,1200,48,0
900,1257,49,0
900,1201,50,0
900,1202,51,0
900,1212,52,0
900,1128,53,0
900,4042,54,0
900,1204,55,0
900,3393,56,0
900,1125,57,1
901,1125,1,0
901,1128,2,0
901,2809,3,0
901,2810,4,0
901,1131,5,0
901,1132,6,0
901,1255,7,0
901,1227,8,0
901,1228,9,0
901,1229,10,0
901,3605,11,0
901,1256,12,0
901,1135,13,0
901,1136,14,0
901,1137,15,0
901,1138,16,0
901,1139,17,0
901,1140,18,0
901,1141,19,0
901,1142,20,0
901,1143,21,0
901,1144,22,0
901,1145,23,0
901,1146,24,0
901,1147,25,0
901,1148,26,0
901,1149,27,0
901,1150,28,0
901,1152,29,0
901,3627,30,0
901,3868,31,0
901,3869,32,0
901,3629,33,0
901,3870,34,0
901,4075,35,0
901,1123,36,0
901,1153,37,0
901,1154,38,0
901,1155,39,0
901,1157,40,0
901,1158,41,0
901,1159,42,0
901,1160,43,0
901,1161,44,0
901,3623,45,0
901,1162,46,0
901,1163,47,0
901,3682,48,0
901,2673,49,0
901,2674,50,0
901,2675,51,0
901,3683,52,0
901,2516,53,0
901,2517,54,0
901,1164,55,0
901,1166,56,1
1000,1732,1,0
1000,1733,2,0
1000,1734,3,0
1000,1728,4,0
1000,2308,5,0
1000,1868,6,0
1000,1828,7,0
1000,1829,8,0
1000,1830,9,0
1000,1729,10,0
1000,3641,11,0
1000,1735,12,0
1000,1736,13,0
1000,1737,14,0
1000,1738,15,0
1000,1739,16,0
1000,1740,17,0
1000,1741,18,0
1000,1742,19,0
1000,1743,20,0
1000,1744,21,0
1000,1746,22,0
1000,1747,23,0
1000,1748,24,0
1000,1749,25,0
1000,1750,26,0
1000,1751,27,0
1000,1752,28,0
1000,1753,29,0
1000,1754,30,0
1000,1755,31,0
1000,1756,32,0
1000,1757,33,0
1000,1758,34,0
1000,1759,35,0
1000,1760,36,0
1000,1761,37,0
1000,1762,38,0
1000,1763,39,0
1000,1764,40,0
1000,3489,41,0
1000,1553,42,1
1001,1553,1,0
1001,1559,2,0
1001,3489,3,0
1001,1697,4,0
1001,1698,5,0
1001,1699,6,0
1001,1700,7,0
1001,1701,8,0
1001,1702,9,0
1001,1703,10,0
1001,1704,11,0
1001,5038,12,0
1001,1705,13,0
1001,1706,14,0
1001,1707,15,0
1001,1708,16,0
1001,1709,17,0
1001,1710,18,0
1001,1711,19,0
1001,1712,20,0
1001,1713,21,0
1001,1714,22,0
1001,1715,23,0
1001,1745,24,0
1001,1824,25,0
1001,1825,26,0
1001,1826,27,0
1001,1827,28,0
1001,1867,29,0
1001,3641,30,0
1001,1717,31,0
1001,1718,32,0
1001,1719,33,0
1001,1720,34,0
1001,1721,35,0
1001,1722,36,0
1001,1723,37,0
1001,1724,38,0
1001,1725,39,0
1001,1726,40,0
1001,1727,41,0
1001,1731,42,0
1001,1732,43,0
1001,1733,44,0
1001,1734,45,0
1001,1728,46,0
1001,1729,47,1
1100,1765,1,0
1100,3037,2,0
1100,3038,3,0
1100,3039,4,0
1100,3040,5,0
1100,3041,6,0
1100,3042,7,0
1100,3043,8,0
1100,3044,9,0
1100,3045,10,0
1100,3046,11,0
1100,3047,12,0
1100,3048,13,0
1100,3049,14,0
1100,3050,15,0
1100,3051,16,0
1100,2906,17,0
1100,2907,18,0
1100,3053,19,0
1100,5052,20,0
1100,3058,21,0
1100,3059,22,0
1100,2913,23,0
1100,2914,24,0
1100,2915,25,0
1100,1386,26,0
1100,2919,27,0
1100,2920,28,0
1100,1376,29,0
1100,2556,30,1
1101,2560,1,0
1101,1385,2,0
1101,2924,3,0
1101,2925,4,0
1101,1387,5,0
1101,2927,6,0
1101,2928,7,0
1101,2929,8,0
1101,2930,9,0
1101,3060,10,0
1101,3061,11,0
1101,3062,12,0
1101,5053,13,0
1101,2937,14,0
1101,2938,15,0
1101,3021,16,0
1101,3052,17,0
1101,3022,18,0
1101,3023,19,0
1101,3024,20,0
1101,3025,21,0
1101,3026,22,0
1101,3027,23,0
1101,3028,24,0
1101,3029,25,0
1101,3030,26,0
1101,3031,27,0
1101,3032,28,0
1101,3033,29,0
1101,3034,30,0
1101,3035,31,0
1101,3036,32,0
1101,1765,33,1
1200,1558,1,0
1200,1559,2,0
1200,3492,3,0
1200,1854,4,0
1200,1855,5,0
1200,1856,6,0
1200,1857,7,0
1200,1858,8,0
1200,1860,9,0
1200,1861,10,0
1200,3608,11,0
1200,1862,12,0
1200,1863,13,0
1200,2061,14,0
1200,2062,15,0
1200,2063,16,0
1200,2064,17,0
1200,3667,18,0
1200,3668,19,0
1200,2065,20,0
1200,2066,21,0
1200,1864,22,0
1200,1865,23,0
1200,1769,24,0
1200,2885,25,0
1200,2886,26,0
1200,2887,27,0
1200,2888,28,0
1200,3188,29,0
1200,3189,30,0
1200,3190,31,0
1200,1695,32,0
1200,3191,33,0
1200,3192,34,0
1200,1428,35,0
1200,3193,36,0
1200,3194,37,0
1200,3195,38,0
1200,3196,39,0
1200,3197,40,0
1200,3909,41,0
1200,3910,42,0
1200,3911,43,0
1200,3912,44,0
1200,3913,45,0
1200,3914,46,0
1200,2772,47,0
1200,2773,48,0
1200,2774,49,0
1200,2775,50,0
1200,4053,51,0
1200,2777,52,0
1200,2778,53,0
1200,2779,54,0
1200,2780,55,0
1200,1090,56,0
1200,3943,57,0
1200,3945,58,0
1200,2783,59,0
1200,1167,60,0
1200,1164,61,0
1200,3621,62,0
1200,3620,63,0
1200,2785,64,0
1200,2786,65,0
1200,2787,66,0
1200,2833,67,0
1200,2834,68,0
1200,4058,69,0
1200,4059,70,0
1200,4061,71,0
1200,2793,72,0
1200,2794,73,0
1200,2795,74,0
1200,3672,75,0
1200,3673,76,0
1200,3674,77,0
1200,3675,78,0
1200,2821,79,0
1200,3676,80,0
1200,2804,81,0
1200,2805,82,0
1200,2806,83,0
1200,2807,84,0
1200,2808,85,0
1200,3882,86,0
1200,1129,87,1
1201,1129,1,0
1201,2811,2,0
1201,2812,3,0
1201,2813,4,0
1201,2814,5,0
1201,2815,6,0
1201,2817,7,0
1201,3677,8,0
1201,3678,9,0
1201,2800,10,0
1201,2801,11,0
1201,3679,12,0
1201,3680,13,0
1201,4054,14,0
1201,2826,15,0
1201,2827,16,0
1201,4062,17,0
1201,4060,18,0
1201,4057,19,0
1201,2666,20,0
1201,2668,21,0
1201,2667,22,0
1201,2670,23,0
1201,2671,24,0
1201,3621,25,0
1201,3619,26,0
1201,2673,27,0
1201,2674,28,0
1201,2675,29,0
1201,2676,30,0
1201,2677,31,0
1201,2678,32,0
1201,2679,33,0
1201,2680,34,0
1201,2681,35,0
1201,2682,36,0
1201,2683,37,0
1201,2685,38,0
1201,3920,39,0
1201,3919,40,0
1201,3918,41,0
1201,3917,42,0
1201,3916,43,0
1201,3915,44,0
1201,3178,45,0
1201,3179,46,0
1201,3180,47,0
1201,3086,48,0
1201,3181,49,0
1201,3182,50,0
1201,3183,51,0
1201,3184,52,0
1201,1696,53,0
1201,3185,54,0
1201,2057,55,0
1201,3503,56,0
1201,3504,57,0
1201,3505,58,0
1201,2058,59,0
1201,2059,60,0
1201,2060,61,0
1201,2105,62,0
1201,3004,63,0
1201,3186,64,0
1201,2881,65,0
1201,2882,66,0
1201,2883,67,0
1201,2884,68,0
1201,1771,69,0
1201,1773,70,0
1201,1774,71,0
1201,1846,72,0
1201,1847,73,0
1201,3607,74,0
1201,1848,75,0
1201,1849,76,0
1201,1850,77,0
1201,1851,78,0
1201,1852,79,0
1201,1853,80,0
1201,3492,81,0
1201,1558,82,0
1201,4094,83,1
1300,4002,1,0
1300,1040,2,0
1300,1037,3,0
1300,3903,4,0
1300,3905,5,0
1300,3689,6,0
1300,3690,7,0
1300,3691,8,0
1300,3451,9,0
1300,3452,10,0
1300,4088,11,0
1300,3453,12,0
1300,1106,13,0
1300,3392,14,0
1300,4085,15,0
1300,4083,16,0
1300,4014,17,0
1300,1107,18,0
1300,1108,19,0
1300,1109,20,0
1300,1110,21,0
1300,1111,22,0
1300,1112,23,0
1300,3949,24,0
1300,1113,25,0
1300,1114,26,0
1300,1115,27,0
1300,1116,28,0
1300,1117,29,0
1300,1118,30,0
1300,1119,31,0
1300,1120,32,0
1300,3899,33,0
1300,1123,34,1
1301,2517,1,0
1301,1123,2,0
1301,2515,3,0
1301,2516,4,0
1301,2530,5,0
1301,2518,6,0
1301,2531,7,0
1301,1096,8,0
1301,1097,9,0
1301,1098,10,0
1301,1099,11,0
1301,4026,12,0
1301,4076,13,0
1301,4077,14,0
1301,4078,15,0
1301,4079,16,0
1301,4080,17,0
1301,4081,18,0
1301,4082,19,0
1301,4083,20,0
1301,4014,21,0
1301,4084,22,0
1301,4086,23,0
1301,3454,24,0
1301,3455,25,0
1301,4087,26,0
1301,3456,27,0
1301,3446,28,0
1301,1979,29,0
1301,1980,30,0
1301,1981,31,0
1301,3685,32,0
1301,3906,33,0
1301,3904,34,0
1301,1293,35,0
1301,3901,36,0
1301,4002,37,1
1400,3800,1,0
1400,1205,2,0
1400,1206,3,0
1400,1207,4,0
1400,1208,5,0
1400,1209,6,0
1400,1210,7,0
1400,1215,8,0
1400,1216,9,0
1400,1217,10,0
1400,1218,11,0
1400,1219,12,0
1400,1220,13,0
1400,1221,14,0
1400,1226,15,0
1400,1255,16,0
1400,1227,17,0
1400,1228,18,0
1400,3886,19,0
1400,1230,20,0
1400,1231,21,0
1400,2084,22,0
1400,1199,23,0
1400,1200,24,0
1400,1257,25,0
1400,1201,26,0
1400,1202,27,1
1401,3800,1,0
1401,1205,2,0
1401,1206,3,0
1401,1207,4,0
1401,1208,5,0
1401,1209,6,0
1401,1210,7,0
1401,1215,8,0
1401,1216,9,0
1401,1217,10,0
1401,1218,11,0
1401,1219,12,0
1401,1220,13,0
1401,3847,14,1
1600,1767,1,0
1600,1773,2,0
1600,1774,3,0
1600,1776,4,0
1600,1804,5,0
1600,1805,6,0
1600,1806,7,0
1600,1807,8,0
1600,1022,9,0
1600,3844,10,0
1600,1809,11,0
1600,1810,12,0
1600,1811,13,0
1600,1812,14,0
1600,1820,15,0
1600,1821,16,0
1600,1822,17,0
1600,1751,18,0
1600,1752,19,0
1600,1823,20,0
1600,1745,21,0
1600,1824,22,0
1600,1825,23,0
1600,1826,24,0
1600,1827,25,0
1600,1867,26,0
1600,3641,27,0
1600,1731,28,0
1600,1732,29,0
1600,1733,30,0
1600,1734,31,0
1600,2308,32,0
1600,1868,33,0
1600,1828,34,0
1600,1829,35,0
1600,1830,36,0
1600,3746,37,0
1600,1831,38,0
1600,1709,39,0
1600,1710,40,0
1600,1711,41,0
1600,1832,42,0
1600,1833,43,0
1600,1834,44,0
1600,1835,45,0
1600,1836,46,0
1600,1837,47,0
1600,1838,48,0
1600,3843,49,0
1600,1839,50,0
1600,1840,51,0
1600,1841,52,0
1600,1842,53,0
1600,1843,54,0
1600,1844,55,0
1600,1845,56,0
1600,1864,57,0
1600,1865,58,0
1600,1666,59,0
1600,3017,60,0
1600,3018,61,0
1600,3019,62,0
1600,3020,63,0
1600,2906,64,0
1600,2907,65,0
1600,2908,66,0
1600,3054,67,0
1600,3055,68,0
1600,3056,69,0
1600,3057,70,0
1600,3058,71,0
1600,2338,72,0
1600,2401,73,0
1600,3105,74,0
1600,2830,75,0
1600,2367,76,0
1600,2757,77,0
1600,2758,78,0
1600,2759,79,0
1600,2760,80,0
1600,2761,81,0
1600,2762,82,0
1600,2763,83,0
1600,2764,84,0
1600,2765,85,0
1600,2766,86,0
1600,2767,87,0
1600,1958,88,0
1600,3281,89,0
1600,1934,90,0
1600,1904,91,0
1600,1907,92,1
1601,1907,1,0
1601,4099,2,0
1601,1270,3,0
1601,3743,4,0
1601,2536,5,0
1601,2538,6,0
1601,1272,7,0
1601,1922,8,0
1601,2689,9,0
1601,3897,10,0
1601,2692,11,0
1601,2693,12,0
1601,2694,13,0
1601,2695,14,0
1601,2696,15,0
1601,2697,16,0
1601,2698,17,0
1601,2699,18,0
1601,2701,19,0
1601,2702,20,0
1601,2368,21,0
1601,2829,22,0
1601,2820,23,0
1601,2402,24,0
1601,2334,25,0
1601,2406,26,0
1601,3063,27,0
1601,3064,28,0
1601,3065,29,0
1601,3066,30,0
1601,3067,31,0
1601,2935,32,0
1601,2937,33,0
1601,3229,34,0
1601,2938,35,0
1601,2939,36,0
1601,2940,37,0
1601,2941,38,0
1601,2884,39,0
1601,1548,40,0
1601,1773,41,0
1601,1774,42,0
1601,1776,43,0
1601,1804,44,0
1601,1805,45,0
1601,1806,46,0
1601,1807,47,0
1601,1808,48,0
1601,1022,49,0
1601,3844,50,0
1601,1809,51,0
1601,1810,52,0
1601,1811,53,0
1601,1812,54,0
1601,1820,55,0
1601,1821,56,0
1601,1822,57,0
1601,1751,58,0
1601,1752,59,0
1601,1823,60,0
1601,1745,61,0
1601,1824,62,0
1601,1825,63,0
1601,1826,64,0
1601,1827,65,0
1601,1867,66,0
1601,3641,67,0
1601,1731,68,0
1601,1732,69,0
1601,1733,70,0
1601,1734,71,0
1601,1728,72,0
1601,1868,73,0
1601,1828,74,0
1601,1829,75,0
1601,1830,76,0
1601,3746,77,0
1601,1831,78,0
1601,1709,79,0
1601,1710,80,0
1601,1711,81,0
1601,1832,82,0
1601,1833,83,0
1601,1834,84,0
1601,1835,85,0
1601,1836,86,0
1601,1837,87,0
1601,1838,88,0
1601,3843,89,0
1601,1839,90,0
1601,1840,91,0
1601,1841,92,0
1601,1842,93,0
1601,1843,94,0
1601,1844,95,0
1601,1845,96,0
1601,1864,97,0
1601,1865,98,0
1601,1767,99,1
1900,1123,1,0
1900,1090,2,0
1900,3943,3,0
1900,3945,4,0
1900,2783,5,0
1900,1167,6,0
1900,1168,7,0
1900,1171,8,0
1900,1172,9,0
1900,1173,10,0
1900,1174,11,0
1900,1175,12,0
1900,1176,13,0
1900,1177,14,0
1900,1178,15,0
1900,2460,16,0
1900,3776,17,0
1900,3777,18,0
1900,3324,19,0
1900,3325,20,0
1900,3326,21,0
1900,3319,22,0
1900,3320,23,0
1900,3321,24,0
1900,3322,25,0
1900,3327,26,0
1900,2353,27,0
1900,3833,28,1
1901,3833,1,0
1901,2354,2,0
1901,2355,3,0
1901,2356,4,0
1901,2357,5,0
1901,2364,6,0
1901,2365,7,0
1901,3322,8,0
1901,3323,9,0
1901,1256,10,0
1901,2574,11,0
1901,2455,12,0
1901,2456,13,0
1901,1155,14,0
1901,1156,15,0
1901,1157,16,0
1901,1158,17,0
1901,1159,18,0
1901,1160,19,0
1901,1161,20,0
1901,3623,21,0
1901,1162,22,0
1901,1163,23,0
1901,3682,24,0
1901,2673,25,0
1901,2674,26,0
1901,2675,27,0
1901,3683,28,0
1901,2516,29,0
1901,2530,30,0
1901,2518,31,0
1901,2519,32,0
1901,1123,33,1
2000,3881,1,0
2000,3554,2,0
2000,3553,3,0
2000,3555,4,0
2000,3208,5,0
2000,3210,6,0
2000,3142,7,0
2000,3212,8,0
2000,3214,9,0
2000,3215,10,0
2000,3216,11,0
2000,3217,12,0
2000,3218,13,0
2000,3219,14,0
2000,3220,15,0
2000,3564,16,0
2000,3221,17,0
2000,3222,18,0
2000,3565,19,0
2000,3224,20,0
2000,3225,21,0
2000,3227,22,0
2000,3226,23,0
2000,1899,24,0
2000,3575,25,0
2000,1001,26,0
2000,5011,27,0
2000,5005,28,0
2000,5015,29,0
2000,2840,30,0
2000,2841,31,0
2000,1002,32,0
2000,1003,33,0
2000,1004,34,0
2000,1006,35,0
2000,1007,36,0
2000,1008,37,0
2000,1009,38,0
2000,1010,39,0
2000,3559,40,0
2000,2333,41,0
2000,2335,42,0
2000,2336,43,0
2000,1680,44,0
2000,1681,45,0
2000,1682,46,0
2000,1683,47,0
2000,1684,48,0
2000,2394,49,0
2000,1014,50,0
2000,1015,51,0
2000,1016,52,0
2000,1017,53,0
2000,1668,54,0
2000,1667,55,1
2001,1668,1,0
2001,1667,2,0
2001,1071,3,0
2001,1072,4,0
2001,3574,5,0
2001,2373,6,0
2001,2389,7,0
2001,3561,8,0
2001,2344,9,0
2001,2345,10,0
2001,2346,11,0
2001,2347,12,0
2001,2348,13,0
2001,3560,14,0
2001,2350,15,0
2001,1076,16,0
2001,1077,17,0
2001,1079,18,0
2001,1081,19,0
2001,1080,20,0
2001,1082,21,0
2001,1084,22,0
2001,1085,23,0
2001,1086,24,0
2001,1375,25,0
2001,1879,26,0
2001,1474,27,0
2001,2654,28,0
2001,2690,29,0
2001,5016,30,0
2001,5006,31,0
2001,5000,32,0
2001,3110,33,0
2001,3111,34,0
2001,3112,35,0
2001,3566,36,0
2001,3113,37,0
2001,3114,38,0
2001,3115,39,0
2001,3116,40,0
2001,3117,41,0
2001,3118,42,0
2001,3119,43,0
2001,3126,44,0
2001,3128,45,0
2001,3129,46,0
2001,3130,47,0
2001,3132,48,0
2001,3556,49,0
2001,3552,50,0
2001,1101,51,0
2001,3881,52,1
2100,3798,1,0
2100,4004,2,0
2100,2089,3,0
2100,3848,4,0
2100,2090,5,0
2100,3727,6,0
2100,3807,7,0
2100,2091,8,0
2100,4040,9,0
2100,3836,10,0
2100,3808,11,0
2100,2092,12,0
2100,4090,13,0
2100,2093,14,0
2100,2094,15,0
2100,3809,16,0
2100,3729,17,0
2100,3837,18,0
2100,3884,19,0
2100,3838,20,0
2100,3810,21,0
2100,3811,22,0
2100,3812,23,0
2100,3813,24,0
2100,3873,25,0
2100,3814,26,0
2100,3815,27,0
2100,3816,28,0
2100,3817,29,0
2100,3833,30,1
2101,3817,1,0
2101,3818,2,0
2101,3819,3,0
2101,3820,4,0
2101,3821,5,0
2101,3822,6,0
2101,3823,7,0
2101,3824,8,0
2101,3825,9,0
2101,3826,10,0
2101,3827,11,0
2101,3839,12,0
2101,3885,13,0
2101,3840,14,0
2101,3828,15,0
2101,3829,16,0
2101,3830,17,0
2101,4089,18,0
2101,3831,19,0
2101,3832,20,0
2101,3841,21,0
2101,4039,22,0
2101,3833,23,0
2101,3834,24,0
2101,3728,25,0
2101,2095,26,0
2101,3847,27,0
2101,3798,28,1
2200,2974,1,0
2200,2981,2,0
2200,2982,3,0
2200,2983,4,0
2200,2984,5,0
2200,2985,6,0
2200,2076,7,0
2200,2987,8,0
2200,5019,9,0
2200,1676,10,0
2200,2990,11,0
2200,2991,12,0
2200,2992,13,0
2200,2993,14,0
2200,2994,15,0
2200,2995,16,0
2200,2996,17,0
2200,2997,18,0
2200,2998,19,0
2200,2999,20,0
2200,3000,21,0
2200,3001,22,0
2200,3002,23,0
2200,2065,24,0
2200,3005,25,0
2200,3006,26,0
2200,2328,27,0
2200,2329,28,0
2200,2330,29,0
2200,2331,30,0
2200,3015,31,0
2200,2332,32,0
2200,3016,33,0
2200,1768,34,0
2200,3017,35,0
2200,3018,36,0
2200,3019,37,0
2200,3020,38,0
2200,2906,39,0
2200,2907,40,0
2200,2908,41,0
2200,2909,42,0
2200,2910,43,0
2200,2911,44,0
2200,2912,45,0
2200,2913,46,0
2200,2914,47,0
2200,2915,48,0
2200,1386,49,0
2200,2919,50,0
2200,2920,51,0
2200,1376,52,0
2200,2556,53,0
2200,2884,54,0
2200,1548,55,0
2200,3037,56,0
2200,3038,57,0
2200,1662,58,0
2200,3043,59,0
2200,3044,60,0
2200,1028,61,0
2200,2024,62,0
2200,2025,63,0
2200,1669,64,0
2200,1670,65,0
2200,1463,66,1
2201,2556,1,0
2201,1385,2,0
2201,2924,3,0
2201,2925,4,0
2201,1387,5,0
2201,2927,6,0
2201,2928,7,0
2201,2929,8,0
2201,2930,9,0
2201,3060,10,0
2201,3061,11,0
2201,3062,12,0
2201,5053,13,0
2201,2937,14,0
2201,2938,15,0
2201,2939,16,0
2201,2940,17,0
2201,2941,18,0
2201,1766,19,0
2201,1463,20,0
2201,3474,21,0
2201,1033,22,0
2201,2086,23,0
2201,3028,24,0
2201,3029,25,0
2201,1663,26,0
2201,3035,27,0
2201,3036,28,0
2201,1666,29,0
2201,2885,30,0
2201,2942,31,0
2201,2943,32,0
2201,2944,33,0
2201,2305,34,0
2201,2306,35,0
2201,2307,36,0
2201,2951,37,0
2201,2952,38,0
2201,2953,39,0
2201,2954,40,0
2201,2955,41,0
2201,2956,42,0
2201,2957,43,0
2201,2958,44,0
2201,2959,45,0
2201,5020,46,0
2201,5021,47,0
2201,3893,48,0
2201,2969,49,0
2201,2970,50,0
2201,2971,51,0
2201,2972,52,0
2201,2986,53,0
2201,2974,54,0
2201,2960,55,0
2201,2961,56,0
2201,2962,57,0
2201,2963,58,0
2201,1676,59,1
2300,3491,1,0
2300,1046,2,0
2300,1047,3,0
2300,1048,4,0
2300,1049,5,0
2300,1050,6,0
2300,1052,7,0
2300,3568,8,0
2300,1053,9,0
2300,3725,10,0
2300,2029,11,0
2300,2031,12,0
2300,2032,13,0
2300,2033,14,0
2300,2034,15,0
2300,2036,16,0
2300,2037,17,0
2300,2042,18,0
2300,2043,19,0
2300,3507,20,0
2300,2056,21,0
2300,1026,22,0
2300,1027,23,0
2300,3395,24,0
2300,1689,25,0
2300,1690,26,0
2300,2379,27,0
2300,2380,28,0
2300,2381,29,0
2300,1668,30,1
2301,1668,1,0
2301,2382,2,0
2301,2383,3,0
2301,2384,4,0
2301,1671,5,0
2301,1030,6,0
2301,1334,7,0
2301,1059,8,0
2301,1060,9,0
2301,2017,10,0
2301,1061,11,0
2301,1062,12,0
2301,2018,13,0
2301,2019,14,0
2301,1990,15,0
2301,1991,16,0
2301,1993,17,0
2301,2008,18,0
2301,2028,19,0
2301,2030,20,0
2301,3726,21,0
2301,1038,22,0
2301,3570,23,0
2301,1039,24,0
2301,3731,25,0
2301,3481,26,0
2301,1041,27,0
2301,1042,28,0
2301,1043,29,0
2301,1044,30,0
2301,3614,31,0
2301,1661,32,0
2301,1046,33,0
2301,3491,34,1
2600,1781,1,0
2600,3724,2,0
2600,1782,3,0
2600,1783,4,0
2600,1784,5,0
2600,1785,6,0
2600,1786,7,0
2600,1787,8,0
2600,1788,9,0
2600,2385,10,0
2600,2386,11,0
2600,2387,12,0
2600,2024,13,0
2600,2025,14,0
2600,1463,15,0
2600,1790,16,0
2600,1791,17,0
2600,1792,18,0
2600,1793,19,0
2600,1794,20,0
2600,1795,21,0
2600,1796,22,0
2600,1797,23,0
2600,1798,24,0
2600,3723,25,0
2600,1799,26,0
2600,1800,27,0
2600,1801,28,0
2600,1802,29,0
2600,1803,30,0
2600,1845,31,0
2600,1864,32,0
2600,1865,33,0
2600,1765,34,1
2601,1463,1,0
2601,3474,2,0
2601,1033,3,0
2601,2398,4,0
2601,2399,5,0
2601,1792,6,0
2601,1793,7,0
2601,1794,8,0
2601,1691,9,0
2601,1843,10,0
2601,1765,11,0
2601,1773,12,0
2601,1774,13,0
2601,1776,14,0
2601,1777,15,0
2601,1778,16,0
2601,1779,17,0
2601,1780,18,0
2601,1781,19,0
2601,3724,20,0
2601,1782,21,0
2601,1783,22,0
2601,1784,23,0
2601,1785,24,0
2601,1786,25,0
2601,1787,26,0
2601,1788,27,0
2601,1789,28,0
2601,1790,29,1
2700,3491,1,0
2700,1046,2,0
2700,1047,3,0
2700,1561,4,0
2700,1562,5,0
2700,1563,6,0
2700,1564,7,0
2700,1565,8,0
2700,2621,9,0
2700,2473,10,0
2700,2474,11,0
2700,2475,12,0
2700,2476,13,0
2700,2477,14,0
2700,1647,15,0
2700,1648,16,0
2700,1649,17,0
2700,1650,18,0
2700,1651,19,1
2701,1651,1,0
2701,1652,2,0
2701,1653,3,0
2701,2479,4,0
2701,2480,5,0
2701,2481,6,0
2701,1655,7,0
2701,1656,8,0
2701,1657,9,0
2701,1658,10,0
2701,1659,11,0
2701,1660,12,0
2701,1042,13,0
2701,1043,14,0
2701,1044,15,0
2701,1045,16,0
2701,1558,17,0
2701,3491,18,1
2800,3493,1,0
2800,2497,2,0
2800,2506,3,0
2800,2597,4,0
2800,2599,5,0
2800,2600,6,0
2800,2601,7,0
2800,2602,8,0
2800,2603,9,0
2800,2968,10,0
2800,2628,11,0
2800,2629,12,0
2800,2630,13,0
2800,1953,14,0
2800,2922,15,0
2800,2923,16,0
2800,1668,17,1
2801,1668,1,0
2801,2926,2,0
2801,2853,3,0
2801,2854,4,0
2801,2855,5,0
2801,2856,6,0
2801,2857,7,0
2801,2967,8,0
2801,2575,9,0
2801,2576,10,0
2801,2591,11,0
2801,2592,12,0
2801,2593,13,0
2801,2594,14,0
2801,2595,15,0
2801,3493,16,1
2900,4003,1,0
2900,1040,2,0
2900,1037,3,0
2900,3903,4,0
2900,3905,5,0
2900,3689,6,0
2900,3690,7,0
2900,3691,8,0
2900,3692,9,0
2900,3693,10,0
2900,3694,11,0
2900,3695,12,0
2900,3463,13,0
2900,3464,14,0
2900,3149,15,0
2900,3150,16,0
2900,3151,17,0
2900,3153,18,0
2900,3631,19,0
2900,2780,20,0
2900,1090,21,0
2900,3943,22,0
2900,3945,23,0
2900,2783,24,0
2900,1167,25,0
2900,1164,26,0
2900,1166,27,0
2900,3620,28,0
2900,2785,29,0
2900,2786,30,0
2900,2787,31,0
2900,2833,32,0
2900,2834,33,0
2900,4058,34,0
2900,4059,35,0
2900,4061,36,0
2900,2793,37,0
2900,2794,38,0
2900,2795,39,0
2900,3672,40,0
2900,3673,41,0
2900,3674,42,0
2900,3675,43,0
2900,2821,44,0
2900,3676,45,0
2900,2803,46,0
2900,2804,47,0
2900,2805,48,0
2900,2806,49,0
2900,2807,50,0
2900,2808,51,0
2900,3882,52,0
2900,1129,53,1
2901,1129,1,0
2901,2811,2,0
2901,2812,3,0
2901,2813,4,0
2901,2814,5,0
2901,2815,6,0
2901,2817,7,0
2901,3677,8,0
2901,3678,9,0
2901,2800,10,0
2901,2801,11,0
2901,3679,12,0
2901,3680,13,0
2901,4054,14,0
2901,2826,15,0
2901,2827,16,0
2901,4062,17,0
2901,4060,18,0
2901,4057,19,0
2901,2666,20,0
2901,2668,21,0
2901,2667,22,0
2901,2670,23,0
2901,2671,24,0
2901,1166,25,0
2901,3619,26,0
2901,2673,27,0
2901,2674,28,0
2901,2675,29,0
2901,2676,30,0
2901,2677,31,0
2901,3589,32,0
2901,3156,33,0
2901,3158,34,0
2901,3159,35,0
2901,3160,36,0
2901,3907,37,0
2901,1974,38,0
2901,1975,39,0
2901,1976,40,0
2901,1977,41,0
2901,1978,42,0
2901,1979,43,0
2901,1980,44,0
2901,1981,45,0
2901,3685,46,0
2901,3906,47,0
2901,3904,48,0
2901,1293,49,0
2901,3901,50,0
2901,4003,51,1
3100,4005,1,0
3100,1205,2,0
3100,1206,3,0
3100,1207,4,0
3100,1208,5,0
3100,1209,6,0
3100,1210,7,0
3100,3760,8,0
3100,3593,9,0
3100,4051,10,0
3100,3781,11,0
3100,1133,12,0
3100,3780,13,0
3100,3782,14,0
3100,3594,15,0
3100,3595,16,0
3100,2038,17,0
3100,2039,18,0
3100,2040,19,0
3100,2041,20,0
3100,3783,21,0
3100,3768,22,0
3100,3764,23,0
3100,2803,24,0
3100,3900,25,0
3100,3769,26,0
3100,3770,27,0
3100,3771,28,0
3100,3772,29,0
3100,4072,30,0
3100,2511,31,0
3100,2512,32,0
3100,2513,33,0
3100,2514,34,0
3100,1093,35,0
3100,5026,36,0
3100,1094,37,0
3100,3898,38,0
3100,1096,39,0
3100,1097,40,0
3100,1098,41,0
3100,1099,42,0
3100,4026,43,0
3100,1100,44,0
3100,1102,45,0
3100,1104,46,0
3100,1105,47,0
3100,4017,48,0
3100,4022,49,0
3100,4020,50,0
3100,1213,51,0
3100,4023,52,1
3101,4023,1,0
3101,4019,2,0
3101,4021,3,0
3101,4018,4,0
3101,4012,5,0
3101,4013,6,0
3101,4024,7,0
3101,4025,8,0
3101,1116,9,0
3101,1117,10,0
3101,1118,11,0
3101,1119,12,0
3101,1120,13,0
3101,3899,14,0
3101,5025,15,0
3101,2520,16,0
3101,2521,17,0
3101,2522,18,0
3101,2523,19,0
3101,2524,20,0
3101,2525,21,0
3101,2526,22,0
3101,3773,23,0
3101,3747,24,0
3101,3622,25,0
3101,3748,26,0
3101,2817,27,0
3101,3677,28,0
3101,2819,29,0
3101,3749,30,0
3101,3790,31,0
3101,1925,32,0
3101,1926,33,0
3101,1927,34,0
3101,1928,35,0
3101,1929,36,0
3101,3598,37,0
3101,3599,38,0
3101,3443,39,0
3101,1121,40,0
3101,4016,41,0
3101,4050,42,0
3101,3757,43,0
3101,3758,44,0
3101,3759,45,0
3101,2067,46,0
3101,1204,47,0
3101,3393,48,0
3101,4005,49,1
3300,5037,1,0
3300,1676,2,0
3300,2965,3,0
3300,2966,4,0
3300,3894,5,0
3300,3502,6,0
3300,3896,7,0
3300,3503,8,0
3300,3504,9,0
3300,3505,10,0
3300,3506,11,0
3300,3700,12,0
3300,3701,13,0
3300,3702,14,0
3300,3703,15,0
3300,3704,16,0
3300,3705,17,0
3300,3706,18,0
3300,3707,19,0
3300,3708,20,0
3300,3709,21,0
3300,3710,22,0
3300,3711,23,0
3300,2016,24,0
3300,1840,25,0
3300,1841,26,0
3300,1842,27,0
3300,1843,28,0
3300,1844,29,0
3300,1845,30,0
3300,1864,31,0
3300,1865,32,0
3300,1666,33,0
3300,1766,34,0
3300,1973,35,0
3300,1025,36,0
3300,1028,37,0
3300,2024,38,0
3300,2025,39,0
3300,2349,40,0
3300,2026,41,1
3301,2026,1,0
3301,2027,2,0
3301,2085,3,0
3301,1032,4,0
3301,3474,5,0
3301,1033,6,0
3301,2086,7,0
3301,2087,8,0
3301,2884,9,0
3301,1768,10,0
3301,1548,11,0
3301,1773,12,0
3301,1774,13,0
3301,1776,14,0
3301,1804,15,0
3301,1805,16,0
3301,1806,17,0
3301,1807,18,0
3301,1808,19,0
3301,3733,20,0
3301,3734,21,0
3301,3735,22,0
3301,3736,23,0
3301,3737,24,0
3301,3738,25,0
3301,3739,26,0
3301,3632,27,0
3301,3633,28,0
3301,3634,29,0
3301,3635,30,0
3301,3636,31,0
3301,3666,32,0
3301,3667,33,0
3301,3668,34,0
3301,3895,35,0
3301,3669,36,0
3301,3670,37,0
3301,2076,38,0
3301,2987,39,0
3301,2988,40,0
3301,2989,41,0
3301,5037,42,0
3301,5013,43,1
3400,2555,1,0
3400,1292,2,0
3400,1893,3,0
3400,2541,4,0
3400,1930,5,0
3400,2656,6,0
3400,2414,7,0
3400,2415,8,0
3400,3438,9,0
3400,3439,10,0
3400,3440,11,0
3400,3441,12,0
3400,3442,13,0
3400,3447,14,0
3400,3449,15,0
3400,3457,16,0
3400,3458,17,0
3400,3459,18,0
3400,3460,19,0
3400,3147,20,0
3400,3148,21,0
3400,3163,22,0
3400,3164,23,0
3400,3571,24,0
3400,3572,25,0
3400,4011,26,0
3400,3573,27,0
3400,3431,28,1
3401,3431,1,0
3401,3145,2,0
3401,3421,3,0
3401,3420,4,0
3401,3419,5,0
3401,3417,6,0
3401,3406,7,0
3401,3405,8,0
3401,3404,9,0
3401,3403,10,0
3401,3402,11,0
3401,2447,12,0
3401,2448,13,0
3401,2449,14,0
3401,1023,15,0
3401,1921,16,0
3401,2539,17,0
3401,1474,18,0
3401,1901,19,0
3401,1273,20,0
3401,2555,21,1
5100,3411,1,0
5100,1265,2,0
5100,1266,3,0
5100,1267,4,0
5100,1268,5,0
5100,1269,6,0
5100,2106,7,0
5100,1484,8,0
5100,1315,9,0
5100,1316,10,0
5100,1317,11,0
5100,1307,12,0
5100,1308,13,0
5100,1250,14,0
5100,1251,15,0
5100,1252,16,0
5100,1274,17,0
5100,1253,18,0
5100,1278,19,0
5100,1456,20,0
5100,1457,21,0
5100,6023,22,0
5100,1459,23,0
5100,1486,24,0
5100,1426,25,0
5100,1427,26,0
5100,6020,27,0
5100,6021,28,0
5100,3539,29,0
5100,1460,30,0
5100,1461,31,0
5100,1462,32,0
5100,6022,33,0
5100,1464,34,0
5100,1465,35,0
5100,1466,36,0
5100,1467,37,0
5100,1511,38,1
5101,1511,1,0
5101,1468,2,0
5101,1469,3,0
5101,1470,4,0
5101,1471,5,0
5101,1472,6,0
5101,1473,7,0
5101,6102,8,0
5101,1475,9,0
5101,3527,10,0
5101,1476,11,0
5101,1384,12,0
5101,6103,13,0
5101,6104,14,0
5101,1477,15,0
5101,1478,16,0
5101,1479,17,0
5101,1480,18,0
5101,1409,19,0
5101,6105,20,0
5101,1482,21,0
5101,1483,22,0
5101,1278,23,0
5101,1254,24,0
5101,1235,25,0
5101,3511,26,0
5101,1236,27,0
5101,3540,28,0
5101,1300,29,0
5101,1301,30,0
5101,1302,31,0
5101,1303,32,0
5101,1304,33,0
5101,1305,34,0
5101,1306,35,0
5101,1246,36,0
5101,3852,37,0
5101,3853,38,0
5101,3854,39,0
5101,3855,40,0
5101,3856,41,0
5101,3541,42,0
5101,1307,43,0
5101,1276,44,0
5101,1294,45,0
5101,1295,46,0
5101,1297,47,0
5101,1298,48,0
5101,2107,49,0
5101,3922,50,0
5101,3923,51,0
5101,3924,52,0
5101,3925,53,0
5101,3926,54,0
5101,1247,55,0
5101,1248,56,0
5101,1249,57,0
5101,1029,58,0
5101,1237,59,0
5101,1238,60,0
5101,1239,61,0
5101,1240,62,0
5101,1241,63,0
5101,1242,64,0
5101,1243,65,0
5101,3542,66,0
5101,1244,67,0
5101,3512,68,0
5101,3930,69,0
5101,3931,70,0
5101,3932,71,0
5101,3411,72,1
5200,1512,1,0
5200,1605,2,0
5200,1606,3,0
5200,1607,4,0
5200,1608,5,0
5200,1609,6,0
5200,1610,7,0
5200,1611,8,0
5200,1612,9,0
5200,1613,10,0
5200,1614,11,0
5200,1615,12,0
5200,1616,13,0
5200,1617,14,0
5200,1618,15,0
5200,1619,16,0
5200,1620,17,0
5200,1621,18,0
5200,1622,19,0
5200,1623,20,0
5200,1624,21,0
5200,5032,22,0
5200,5033,23,0
5200,5034,24,0
5200,1625,25,0
5200,1455,26,0
5200,1626,27,0
5200,1627,28,0
5200,1628,29,0
5200,3934,30,0
5200,3742,31,0
5200,3935,32,0
5200,3936,33,0
5200,3937,34,0
5200,2318,35,0
5200,1629,36,0
5200,1630,37,0
5200,1631,38,0
5200,1632,39,0
5200,1633,40,0
5200,1634,41,0
5200,1635,42,0
5200,1636,43,0
5200,1637,44,0
5200,1638,45,0
5200,1590,46,0
5200,1639,47,0
5200,1640,48,0
5200,1641,49,0
5200,1642,50,0
5200,1643,51,0
5200,1644,52,0
5200,1645,53,0
5200,1646,54,0
5200,1043,55,0
5200,1044,56,0
5200,1045,57,0
5200,1557,58,0
5200,3499,59,1
5201,3499,1,0
5201,1557,2,0
5201,1559,3,0
5201,1560,4,0
5201,1047,5,0
5201,1561,6,0
5201,1562,7,0
5201,1563,8,0
5201,1564,9,0
5201,1565,10,0
5201,1566,11,0
5201,1567,12,0
5201,1568,13,0
5201,1569,14,0
5201,1573,15,0
5201,1574,16,0
5201,1575,17,0
5201,1576,18,0
5201,1577,19,0
5201,1578,20,0
5201,1579,21,0
5201,1580,22,0
5201,1581,23,0
5201,1582,24,0
5201,1583,25,0
5201,3939,26,0
5201,2310,27,0
5201,3940,28,0
5201,2312,29,0
5201,3941,30,0
5201,3942,31,0
5201,1584,32,0
5201,1585,33,0
5201,1586,34,0
5201,1587,35,0
5201,1588,36,0
5201,1589,37,0
5201,1443,38,0
5201,1591,39,0
5201,1592,40,0
5201,1593,41,0
5201,1594,42,0
5201,1595,43,0
5201,3609,44,0
5201,1596,45,0
5201,1597,46,0
5201,1598,47,0
5201,1599,48,0
5201,1600,49,0
5201,1601,50,0
5201,1602,51,0
5201,1603,52,0
5201,1604,53,0
5201,3536,54,0
5201,1512,55,1
5300,1066,1,0
5300,1275,2,0
5300,1328,3,0
5300,1311,4,0
5300,1011,5,0
5300,3659,6,0
5300,1491,7,0
5300,1492,8,0
5300,1493,9,0
5300,1494,10,0
5300,1495,11,0
5300,1496,12,0
5300,1497,13,0
5300,1498,14,0
5300,1499,15,0
5300,1500,16,0
5300,1501,17,0
5300,1502,18,0
5300,1503,19,0
5300,1504,20,0
5300,1505,21,0
5300,1506,22,0
5300,1507,23,0
5300,1508,24,0
5300,1509,25,0
5300,1510,26,0
5300,2159,27,0
5300,1521,28,1
5301,1521,1,0
5301,1523,2,0
5301,1524,3,0
5301,1525,4,0
5301,1526,5,0
5301,2216,6,0
5301,1527,7,0
5301,1528,8,0
5301,1529,9,0
5301,1530,10,0
5301,1531,11,0
5301,1532,12,0
5301,1533,13,0
5301,1534,14,0
5301,1535,15,0
5301,1536,16,0
5301,1537,17,0
5301,1245,18,0
5301,1538,19,0
5301,1539,20,0
5301,1540,21,0
5301,1541,22,0
5301,1542,23,0
5301,3660,24,0
5301,1543,25,0
5301,1351,26,0
5301,1353,27,0
5301,2005,28,0
5301,1320,29,0
5301,1066,30,1
6100,1732,1,0
6100,1733,2,0
6100,1734,3,0
6100,1728,4,0
6100,3802,5,0
6100,3804,6,0
6100,3888,7,0
6100,3525,8,0
6100,3562,9,0
6100,3563,10,0
6100,1582,11,0
6100,1583,12,0
6100,1584,13,0
6100,1585,14,0
6100,1586,15,0
6100,1587,16,0
6100,1588,17,0
6100,1589,18,0
6100,1443,19,0
6100,1444,20,0
6100,3835,21,0
6100,2327,22,0
6100,3877,23,0
6100,1054,24,0
6100,3851,25,0
6100,3806,26,0
6100,1063,27,1
6101,1063,1,0
6101,1321,2,0
6101,3850,3,0
6101,1051,4,0
6101,3878,5,0
6101,2313,6,0
6101,1445,7,0
6101,1401,8,0
6101,1623,9,0
6101,1624,10,0
6101,5032,11,0
6101,5033,12,0
6101,5034,13,0
6101,1625,14,0
6101,1455,15,0
6101,1626,16,0
6101,1627,17,0
6101,1628,18,0
6101,1629,19,0
6101,3515,20,0
6101,3516,21,0
6101,3524,22,0
6101,3888,23,0
6101,3803,24,0
6101,3801,25,0
6101,3641,26,0
6101,1731,27,0
6101,1732,28,1
6700,1067,1,0
6700,1321,2,0
6700,1322,3,0
6700,1323,4,0
6700,1066,5,0
6700,1275,6,0
6700,3986,7,0
6700,3985,8,0
6700,3984,9,0
6700,3983,10,0
6700,3982,11,0
6700,3981,12,0
6700,3980,13,0
6700,3979,14,0
6700,3978,15,0
6700,3977,16,0
6700,3976,17,0
6700,3975,18,0
6700,3974,19,0
6700,3973,20,0
6700,3972,21,0
6700,3971,22,0
6700,3970,23,0
6700,3968,24,0
6700,3967,25,0
6700,6023,26,0
6700,1459,27,0
6700,1486,28,0
6700,3518,29,0
6700,1324,30,0
6700,3544,31,0
6700,3545,32,0
6700,1325,33,0
6700,3600,34,0
6700,1326,35,0
6700,1327,36,0
6700,3543,37,0
6700,3514,38,0
6700,1329,39,0
6700,1330,40,0
6700,1331,41,0
6700,3989,42,0
6700,3988,43,0
6700,3987,44,0
6700,1332,45,0
6700,1333,46,0
6700,3546,47,0
6700,1335,48,0
6700,1336,49,0
6700,3547,50,0
6700,1337,51,0
6700,1338,52,0
6700,1339,53,0
6700,1340,54,0
6700,1341,55,0
6700,3845,56,0
6700,1170,57,0
6700,1358,58,0
6700,3517,59,1
7300,3408,1,0
7300,3409,2,0
7300,3444,3,0
7300,2077,4,0
7300,2078,5,0
7300,2079,6,0
7300,2080,7,0
7300,2081,8,0
7300,2082,9,0
7300,2083,10,0
7300,3318,11,0
7300,3319,12,0
7300,3320,13,0
7300,3321,14,0
7300,3322,15,0
7300,3323,16,0
7300,1256,17,1
7301,1256,1,0
7301,3324,2,0
7301,3325,3,0
7301,1135,4,0
7301,2068,5,0
7301,3326,6,0
7301,3327,7,0
7301,3328,8,0
7301,2069,9,0
7301,2070,10,0
7301,2071,11,0
7301,2072,12,0
7301,2073,13,0
7301,2074,14,0
7301,2075,15,0
7301,3745,16,0
7301,3407,17,0
7301,3408,18,1
7600,1732,1,0
7600,1733,2,0
7600,1734,3,0
7600,1728,4,0
7600,3802,5,0
7600,3804,6,0
7600,3990,7,0
7600,3991,8,0
7600,3992,9,0
7600,3993,10,0
7600,3994,11,0
7600,3995,12,0
7600,3996,13,0
7600,3997,14,0
7600,2045,15,0
7600,3998,16,0
7600,3953,17,0
7600,3956,18,0
7600,3955,19,0
7600,3954,20,0
7600,1823,21,0
7600,1745,22,0
7600,1824,23,0
7600,1744,24,0
7600,2052,25,0
7600,1828,26,0
7600,1829,27,0
7600,1830,28,1
7601,1830,1,0
7601,3746,2,0
7601,1744,3,0
7601,1746,4,0
7601,1831,5,0
7601,3961,6,0
7601,3962,7,0
7601,3963,8,0
7601,3999,9,0
7601,2044,10,0
7601,3995,11,0
7601,3996,12,0
7601,3997,13,0
7601,2045,14,0
7601,2046,15,0
7601,2047,16,0
7601,2048,17,0
7601,2049,18,0
7601,2050,19,0
7601,2051,20,0
7601,3803,21,0
7601,3801,22,0
7601,3641,23,0
7601,1731,24,0
7601,1732,25,1
7700,7033,1,0
7700,7025,2,0
7700,7023,3,0
7700,7021,4,0
7700,7019,5,0
7700,7017,6,0
7700,7035,7,0
7700,7010,8,0
7700,7008,9,0
7700,7007,10,0
7700,7005,11,0
7700,7003,12,0
7700,7039,13,0
7700,7001,14,0
7700,7040,15,0
7700,4002,16,1
7701,4002,1,0
7701,7037,2,0
7701,7000,3,0
7701,7038,4,0
7701,7002,5,0
7701,7004,6,0
7701,7006,7,0
7701,7008,8,0
7701,7009,9,0
7701,7011,10,0
7701,7016,11,0
7701,7018,12,0
7701,7020,13,0
7701,7022,14,0
7701,7024,15,0
7701,7033,16,1
11000,1732,1,0
11000,1733,2,0
11000,3488,3,0
11000,1553,4,1
11001,1553,1,0
11001,3488,2,0
11001,1731,3,0
11001,1732,4,1
11600,1732,1,0
11600,1733,2,0
11600,1767,3,1
11601,1767,1,0
11601,1731,2,0
11601,1732,3,1
20000,6101,1,0
20000,6102,2,0
20000,6103,3,0
20000,6104,4,0
20000,6105,5,0
20000,1570,6,0
20000,1556,7,0
20000,1388,8,0
20000,2920,9,0
20000,2549,10,0
20000,3110,11,0
20000,3279,12,0
20000,1907,13,0
20000,3619,14,0
20000,2530,15,0
20000,4074,16,0
20000,3630,17,0
20000,3628,18,0
20000,1257,19,0
20000,1128,20,1
20001,1128,1,0
20001,1256,2,0
20001,3627,3,0
20001,3629,4,0
20001,4075,5,0
20001,1123,6,0
20001,3620,7,0
20001,4015,8,0
20001,3243,9,0
20001,3227,10,0
20001,2548,11,0
20001,2924,12,0
20001,1389,13,0
20001,1551,14,0
20001,1571,15,0
20001,6019,16,0
20001,6020,17,0
20001,6021,18,0
20001,6022,19,0
20001,6101,20,1
20100,1342,1,0
20100,2308,2,0
20100,1868,3,0
20100,2053,4,0
20100,1756,5,0
20100,1758,6,0
20100,2055,7,0
20100,2054,8,0
20100,1463,9,0
20100,1033,10,0
20100,2086,11,0
20100,2885,12,0
20100,2888,13,0
20100,3189,14,0
20100,3895,15,0
20100,3893,16,0
20100,2969,17,0
20100,2971,18,0
20100,2986,19,0
20100,3891,20,0
20100,3143,21,0
20100,3144,22,0
20100,3146,23,0
20100,1992,24,0
20100,1972,25,0
20100,3465,26,0
20100,3890,27,0
20100,1117,28,0
20100,3899,29,0
20100,5025,30,0
20100,2521,31,0
20100,2524,32,0
20100,4073,33,0
20100,1916,34,0
20100,1918,35,0
20100,3799,36,0
20100,2505,37,0
20100,2508,38,0
20100,4072,39,0
20100,2512,40,0
20100,1093,41,0
20100,3898,42,0
20100,1099,43,0
20100,3445,44,0
20100,3162,45,0
20100,3590,46,0
20100,3165,47,0
20100,3167,48,0
20100,3169,49,0
20100,3170,50,0
20100,3892,51,0
20100,2981,52,0
20100,2983,53,0
20100,2985,54,0
20100,3894,55,0
20100,3896,56,0
20100,3004,57,0
20100,2881,58,0
20100,1772,59,1
20101,1772,1,0
20101,2888,2,0
20101,3189,3,0
20101,3895,4,0
20101,3893,5,0
20101,2969,6,0
20101,2971,7,0
20101,2986,8,0
20101,3891,9,0
20101,3143,10,0
20101,3144,11,0
20101,3146,12,0
20101,1992,13,0
20101,1972,14,0
20101,3465,15,0
20101,3890,16,0
20101,1117,17,0
20101,3899,18,0
20101,2521,19,0
20101,2524,20,0
20101,4073,21,0
20101,1916,22,0
20101,1918,23,0
20101,1127,24,0
20101,3799,25,0
20101,2505,26,0
20101,2508,27,0
20101,4072,28,0
20101,2512,29,0
20101,1093,30,0
20101,5026,31,0
20101,3898,32,0
20101,1099,33,0
20101,3445,34,0
20101,3162,35,0
20101,3590,36,0
20101,3165,37,0
20101,3167,38,0
20101,3169,39,0
20101,3170,40,0
20101,3892,41,0
20101,2981,42,0
20101,2983,43,0
20101,2985,44,0
20101,3894,45,0
20101,3896,46,0
20101,2065,47,0
20101,3004,48,0
20101,2881,49,0
20101,3017,50,0
20101,1973,51,0
20101,1028,52,0
20101,2024,53,0
20101,1458,54,0
20101,1857,55,0
20101,1860,56,0
20101,1703,57,0
20101,1859,58,0
20101,2052,59,0
20101,3641,60,0
20101,1342,61,1
20200,1127,1,0
20200,4042,2,0
20200,4051,3,0
20200,4044,4,0
20200,3765,5,0
20200,3766,6,0
20200,1931,7,0
20200,4046,8,0
20200,3671,9,0
20200,4054,10,0
20200,4049,11,0
20200,2832,12,0
20200,2670,13,0
20200,1166,14,0
20200,3619,15,0
20200,2675,16,0
20200,2676,17,0
20200,1966,18,0
20200,1969,19,0
20200,4056,20,0
20200,3687,21,0
20200,3906,22,0
20200,3904,23,0
20200,4001,24,1
20201,4001,1,0
20201,3903,2,0
20201,3905,3,0
20201,1983,4,0
20201,1994,5,0
20201,1997,6,0
20201,4053,7,0
20201,2780,8,0
20201,1090,9,0
20201,3943,10,0
20201,3620,11,0
20201,2785,12,0
20201,2787,13,0
20201,2788,14,0
20201,4052,15,0
20201,4055,16,0
20201,3665,17,0
20201,4047,18,0
20201,2035,19,0
20201,3750,20,0
20201,3752,21,0
20201,4045,22,0
20201,4050,23,0
20201,4043,24,0
20201,3799,25,1
20300,1065,1,0
20300,1170,2,0
20300,1280,3,0
20300,3660,4,0
20300,1543,5,0
20300,1544,6,0
20300,1546,7,0
20300,1547,8,0
20300,1549,9,0
20300,1550,10,0
20300,2107,11,0
20300,1258,12,0
20300,1259,13,0
20300,1281,14,0
20300,1299,15,0
20300,1300,16,0
20300,1291,17,0
20300,4100,18,0
20300,1020,19,0
20300,3647,20,0
20300,1169,21,0
20300,3648,22,0
20300,3649,23,0
20300,2317,24,0
20300,3531,25,0
20300,2318,26,0
20300,1572,27,0
20300,1569,28,1
20301,1572,1,0
20301,1288,2,0
20301,1287,3,0
20301,1036,4,0
20301,3849,5,0
20301,3646,6,0
20301,3647,7,0
20301,1169,8,0
20301,1021,9,0
20301,4101,10,0
20301,1296,11,0
20301,1308,12,0
20301,5002,13,0
20301,1309,14,0
20301,1310,15,0
20301,3857,16,0
20301,1312,17,0
20301,2106,18,0
20301,1484,19,0
20301,1485,20,0
20301,1487,21,0
20301,1488,22,0
20301,1490,23,0
20301,1357,24,0
20301,1279,25,0
20301,1358,26,0
20301,1065,27,1
20400,4000,1,0
20400,1095,2,0
20400,1180,3,0
20400,1211,4,0
20400,1406,5,0
20400,3173,6,0
20400,3175,7,0
20400,3389,8,0
20400,3390,9,0
20400,3391,10,0
20400,1982,11,0
20400,2706,12,0
20400,2709,13,0
20400,5005,14,0
20400,3580,15,0
20400,1000,16,0
20400,1879,17,0
20400,1893,18,0
20400,1930,19,0
20400,1903,20,0
20400,1923,21,0
20400,1987,22,0
20400,1936,23,0
20400,2333,24,0
20400,2337,25,0
20400,2339,26,0
20400,1932,27,0
20400,1057,28,1
20401,1277,1,0
20401,1933,2,0
20401,1678,3,0
20401,1989,4,0
20401,1935,5,0
20401,1937,6,0
20401,2352,7,0
20401,1924,8,0
20401,1912,9,0
20401,1921,10,0
20401,1901,11,0
20401,1899,12,0
20401,1089,13,0
20401,2500,14,0
20401,5006,15,0
20401,2558,16,0
20401,2754,17,0
20401,2755,18,0
20401,3356,19,0
20401,3357,20,0
20401,3198,21,0
20401,3199,22,0
20401,1716,23,0
20401,1654,24,0
20401,1314,25,0
20401,1203,26,0
20401,1101,27,0
20401,4000,28,1
20500,1676,1,0
20500,5013,2,0
20500,4096,3,0
20500,4094,4,0
20500,4092,5,0
20500,2906,6,0
20500,2907,7,0
20500,1440,8,0
20500,2748,9,0
20500,1391,10,0
20500,1939,11,0
20500,2851,12,0
20500,1953,13,0
20500,4098,14,0
20500,1671,15,0
20500,1277,16,1
20501,1057,1,0
20501,1690,2,0
20501,4097,3,0
20501,1940,4,0
20501,2633,5,0
20501,2635,6,0
20501,1390,7,0
20501,1481,8,0
20501,1434,9,0
20501,2937,10,0
20501,3229,11,0
20501,4091,12,0
20501,2869,13,0
20501,4095,14,0
20501,5013,15,1
30200,6101,1,0
30200,6102,2,0
30200,6103,3,0
30200,6104,4,0
30200,6105,5,0
30200,6107,6,0
30200,6024,7,1
30201,6024,1,0
30201,6017,2,0
30201,6019,3,0
30201,6020,4,0
30201,6021,5,0
30201,6022,6,0
30201,6101,7,1
980101,1359,1,0
980101,1360,2,0
980101,1361,3,0
980101,1362,4,0
980101,1363,5,0
980101,1364,6,0
980101,1365,7,0
980101,1366,8,0
980101,1356,9,0
980101,1378,10,0
980101,1379,11,0
980101,1380,12,0
980101,1381,13,0
980101,1382,14,0
980101,1383,15,0
980101,1460,16,0
980101,1461,17,0
980101,1462,18,0
980101,6022,19,0
980101,1464,20,0
980101,1466,21,0
980101,1467,22,0
980101,1514,23,1
980201,1575,1,0
980201,1576,2,0
980201,1577,3,0
980201,1578,4,0
980201,1579,5,0
980201,1580,6,0
980201,1581,7,0
980201,3515,8,0
980201,3516,9,0
980201,3524,10,0
980201,3888,11,0
980201,3641,12,0
980201,1731,13,0
980201,1732,14,1
985101,1464,1,0
985101,1363,2,0
985101,1364,3,0
985101,1365,4,0
985101,1378,5,0
985101,1379,6,0
985101,1380,7,0
985101,1381,8,0
985101,1382,9,0
985101,1383,10,1
990400,1555,1,0
990400,2584,2,0
990400,2585,3,0
990400,2596,4,0
990400,2597,5,0
990400,2599,6,0
990400,1874,7,0
990400,1875,8,0
990400,1876,9,0
990400,1877,10,0
990400,1048,11,0
990400,1049,12,0
990400,1050,13,0
990400,1866,14,0
990400,1869,15,0
990400,3715,16,1
993100,2548,1,0
993100,1554,2,0
993100,1559,3,0
993100,1697,4,0
993100,1698,5,0
993100,1699,6,0
993100,1700,7,0
993100,1701,8,0
993100,1702,9,0
993100,1703,10,0
993100,1704,11,0
993100,1705,12,0
993100,1791,13,0
993100,1792,14,0
993100,1793,15,0
993100,1794,16,0
993100,1795,17,0
993100,1796,18,0
993100,1802,19,0
993100,1803,20,0
993100,1845,21,0
993100,1765,22,1
993200,2552,1,0
993200,1292,2,0
993200,1893,3,0
993200,1896,4,0
993200,1897,5,0
993200,1898,6,0
993200,1900,7,0
993200,1902,8,0
993200,1904,9,0
993200,1907,10,0
993200,5060,11,0
993200,5007,12,0
993200,5008,13,0
993200,1913,14,0
993200,1914,15,0
993200,1915,16,0
993200,1916,17,0
993200,1917,18,0
993200,1918,19,0
993200,1919,20,0
993200,1131,21,0
993200,1132,22,0
993200,1255,23,0
993200,1227,24,0
993200,1228,25,0
993200,3886,26,0
993200,1230,27,0
993200,1231,28,0
993200,1125,29,1
995200,3576,1,0
995200,1553,2,1
995300,3576,1,0
995300,1553,2,1
995400,3576,1,0
995400,1553,2,1
996300,3715,1,0
996300,2559,2,1
996400,3715,1,0
996400,2559,2,1
998301,1227,1,0
998301,1228,2,0
998301,1229,3,0
998301,3605,4,0
998301,3886,5,0
998301,1230,6,0
998301,1231,7,0
998301,2508,8,0
998301,2509,9,0
998301,2532,10,0
998301,1165,11,0
998301,2533,12,0
998301,3581,13,0
998301,5010,14,0
998301,4015,15,0
998301,1959,16,0
998301,2536,17,0
998301,2538,18,0
998301,2540,19,0
998301,2542,20,0
998301,2543,21,0
998301,2544,22,0
998301,1901,23,0
998301,1273,24,0
998301,2554,25,1
5401000,1517,1,0
5401000,3535,2,0
5401000,2213,3,0
5401000,2214,4,0
5401000,2215,5,0
5401000,2216,6,0
5401000,1527,7,0
5401000,1528,8,0
5401000,2217,9,0
5401000,2174,10,0
5401000,2175,11,0
5401000,2218,12,0
5401000,2219,13,0
5401000,2220,14,0
5401000,2221,15,0
5401000,2222,16,0
5401000,2223,17,0
5401000,2224,18,0
5401000,2225,19,1
5402000,2225,1,0
5402000,2226,2,0
5402000,2227,3,0
5402000,2229,4,0
5402000,2230,5,0
5402000,2231,6,0
5402000,2233,7,0
5402000,2234,8,0
5402000,2235,9,0
5402000,2236,10,0
5402000,2237,11,0
5402000,2238,12,0
5402000,2239,13,0
5402000,2240,14,0
5402000,2241,15,0
5402000,2242,16,0
5402000,2243,17,0
5402000,2244,18,0
5402000,2159,19,0
5402000,1516,20,1
5501000,2257,1,0
5501000,2258,2,0
5501000,2259,3,0
5501000,2260,4,0
5501000,2261,5,0
5501000,2262,6,0
5501000,2263,7,0
5501000,2264,8,0
5501000,2265,9,0
5501000,2266,10,0
5501000,2148,11,0
5501000,2267,12,0
5501000,3861,13,0
5501000,3862,14,0
5501000,2159,15,0
5501000,1522,16,0
5501000,3534,17,0
5501000,2211,18,0
5501000,2268,19,0
5501000,2212,20,0
5501000,1511,21,1
5502000,1520,1,0
5502000,1523,2,0
5502000,3863,3,0
5502000,3864,4,0
5502000,2186,5,0
5502000,2245,6,0
5502000,2246,7,0
5502000,2247,8,0
5502000,2248,9,0
5502000,2249,10,0
5502000,2290,11,0
5502000,2250,12,0
5502000,2251,13,0
5502000,2252,14,0
5502000,2253,15,0
5502000,2254,16,0
5502000,2255,17,0
5502000,2256,18,0
5502000,2257,19,1
5601000,1410,1,0
5601000,1411,2,0
5601000,1412,3,0
5601000,1413,4,0
5601000,1414,5,0
5601000,1415,6,0
5601000,1416,7,0
5601000,3526,8,0
5601000,3522,9,0
5601000,1289,10,0
5601000,1290,11,0
5601000,1417,12,0
5601000,1418,13,0
5601000,1419,14,0
5601000,1420,15,0
5601000,1421,16,0
5601000,1422,17,0
5601000,1423,18,0
5601000,1424,19,0
5601000,1425,20,0
5601000,1426,21,0
5601000,1427,22,0
5601000,1058,23,1
5602000,1064,1,0
5602000,1392,2,0
5602000,1393,3,0
5602000,1394,4,0
5602000,1395,5,0
5602000,1396,6,0
5602000,1397,7,0
5602000,1398,8,0
5602000,1399,9,0
5602000,1400,10,0
5602000,1445,11,0
5602000,1401,12,0
5602000,1402,13,0
5602000,1403,14,0
5602000,1404,15,0
5602000,1405,16,0
5602000,1407,17,0
5602000,1408,18,0
5602000,1410,19,1
5701000,3792,1,0
5701000,3793,2,0
5701000,3794,3,0
5701000,3795,4,0
5701000,3796,5,0
5701000,2196,6,0
5701000,2197,7,0
5701000,2198,8,0
5701000,2199,9,0
5701000,5003,10,0
5701000,2200,11,0
5701000,2201,12,0
5701000,2202,13,0
5701000,2203,14,0
5701000,2204,15,0
5701000,2205,16,0
5701000,2206,17,0
5701000,2207,18,0
5701000,2208,19,0
5701000,2209,20,0
5701000,2210,21,0
5701000,2211,22,0
5701000,2159,23,0
5701000,2268,24,0
5701000,2212,25,0
5701000,1521,26,1
5702000,1517,1,0
5702000,1523,2,0
5702000,2186,3,0
5702000,2187,4,0
5702000,2188,5,0
5702000,2189,6,0
5702000,2190,7,0
5702000,2191,8,0
5702000,2192,9,0
5702000,2193,10,0
5702000,2194,11,0
5702000,2195,12,0
5702000,3805,13,0
5702000,3792,14,1
5803000,1516,1,0
5803000,1605,2,0
5803000,1606,3,0
5803000,1607,4,0
5803000,2097,5,0
5803000,2098,6,0
5803000,2099,7,0
5803000,2100,8,0
5803000,2101,9,0
5803000,2102,10,0
5803000,2103,11,0
5803000,3871,12,0
5803000,2104,13,0
5803000,3860,14,0
5803000,2108,15,1
5804000,2108,1,0
5804000,2109,2,0
5804000,2110,3,0
5804000,2111,4,0
5804000,2112,5,0
5804000,2113,6,0
5804000,2114,7,0
5804000,2116,8,0
5804000,2117,9,0
5804000,2118,10,0
5804000,2119,11,0
5804000,2120,12,0
5804000,2121,13,0
5804000,2122,14,0
5804000,2123,15,0
5804000,2124,16,0
5804000,2125,17,0
5804000,1518,18,1
5903000,2279,1,0
5903000,2280,2,0
5903000,2281,3,0
5903000,2282,4,0
5903000,2283,5,0
5903000,2284,6,0
5903000,3612,7,0
5903000,2285,8,0
5903000,2286,9,0
5903000,2287,10,0
5903000,2288,11,0
5903000,2289,12,0
5903000,2291,13,0
5903000,2292,14,0
5903000,2293,15,0
5903000,2294,16,0
5903000,2295,17,0
5903000,2299,18,0
5903000,2300,19,0
5903000,2297,20,0
5903000,2298,21,0
5903000,1527,22,0
5903000,1528,23,0
5903000,2217,24,0
5903000,2174,25,0
5903000,2175,26,0
5903000,2176,27,0
5903000,1506,28,0
5903000,1507,29,0
5903000,2301,30,0
5903000,2302,31,0
5903000,2303,32,0
5903000,2304,33,0
5903000,2125,34,0
5903000,1512,35,0
5903000,1522,36,1
5904000,1519,1,0
5904000,1523,2,0
5904000,1524,3,0
5904000,1525,4,0
5904000,2269,5,0
5904000,2270,6,0
5904000,2271,7,0
5904000,2272,8,0
5904000,2273,9,0
5904000,2274,10,0
5904000,2275,11,0
5904000,2276,12,0
5904000,2277,13,0
5904000,2278,14,0
5904000,2279,15,1
6001000,1058,1,0
6001000,6021,2,0
6001000,1359,3,0
6001000,1360,4,0
6001000,1361,5,0
6001000,1362,6,0
6001000,1363,7,0
6001000,1364,8,0
6001000,1365,9,0
6001000,1366,10,0
6001000,1367,11,0
6001000,1368,12,0
6001000,1369,13,0
6001000,1355,14,0
6001000,1370,15,0
6001000,1371,16,1
6002000,1371,1,0
6002000,1372,2,0
6002000,1373,3,0
6002000,1374,4,0
6002000,1356,5,0
6002000,1378,6,0
6002000,1379,7,0
6002000,1380,8,0
6002000,1381,9,0
6002000,1382,10,0
6002000,1383,11,0
6002000,1384,12,0
6002000,6103,13,0
6002000,1064,14,1
6201000,2290,1,0
6201000,2137,2,0
6201000,2138,3,0
6201000,2139,4,0
6201000,2140,5,0
6201000,2141,6,0
6201000,2142,7,0
6201000,2143,8,0
6201000,2144,9,0
6201000,2145,10,0
6201000,2146,11,0
6201000,2147,12,0
6201000,2148,13,0
6201000,2149,14,0
6201000,2150,15,0
6201000,2151,16,0
6201000,2152,17,0
6201000,2153,18,0
6201000,2154,19,0
6201000,2155,20,0
6201000,2156,21,0
6201000,2157,22,0
6201000,2158,23,0
6201000,2159,24,0
6201000,1517,25,1
6202000,1518,1,0
6202000,1523,2,0
6202000,2126,3,0
6202000,2127,4,0
6202000,2128,5,0
6202000,2129,6,0
6202000,2130,7,0
6202000,2131,8,0
6202000,2132,9,0
6202000,2133,10,0
6202000,2134,11,0
6202000,2135,12,0
6202000,2136,13,0
6202000,2137,14,1
6301000,1522,1,0
6301000,3535,2,0
6301000,2160,3,0
6301000,2161,4,0
6301000,2162,5,0
6301000,2163,6,0
6301000,2164,7,0
6301000,2165,8,0
6301000,2166,9,0
6301000,2167,10,0
6301000,2168,11,0
6301000,2169,12,0
6301000,2170,13,0
6301000,2171,14,0
6301000,2172,15,0
6301000,2173,16,0
6301000,1504,17,0
6301000,2174,18,0
6301000,2175,19,0
6301000,2176,20,1
6302000,2176,1,0
6302000,1506,2,0
6302000,2177,3,0
6302000,2178,4,0
6302000,2179,5,0
6302000,2180,6,0
6302000,2181,7,0
6302000,2182,8,0
6302000,2183,9,0
6302000,2184,10,0
6302000,2185,11,0
6302000,1509,12,0
6302000,1510,13,0
6302000,2159,14,0
6302000,1520,15,1
6401000,3520,1,0
6401000,3521,2,0
6401000,3532,3,0
6401000,1441,4,0
6401000,1442,5,0
6401000,1588,6,0
6401000,1589,7,0
6401000,5031,8,0
6401000,5035,9,0
6401000,1443,10,0
6401000,1444,11,0
6401000,3835,12,0
6401000,1446,13,0
6401000,1447,14,0
6401000,1448,15,0
6401000,1449,16,0
6401000,1450,17,0
6401000,1451,18,0
6401000,1452,19,0
6401000,3858,20,0
6401000,1453,21,0
6401000,1454,22,0
6401000,1067,23,1
6402000,1067,1,0
6402000,1321,2,0
6402000,1322,3,0
6402000,1323,4,0
6402000,1429,5,0
6402000,1430,6,0
6402000,3280,7,0
6402000,1431,8,0
6402000,1432,9,0
6402000,1433,10,0
6402000,3519,11,0
6402000,1282,12,0
6402000,1283,13,0
6402000,1284,14,0
6402000,1435,15,0
6402000,1436,16,0
6402000,1437,17,0
6402000,1438,18,0
6402000,1439,19,0
6402000,3520,20,1
7201000,1572,1,0
7201000,3939,2,0
7201000,2310,3,0
7201000,3940,4,0
7201000,2312,5,0
7201000,2314,6,0
7201000,2315,7,0
7201000,1036,8,0
7201000,1288,9,0
7201000,1287,10,0
7201000,3849,11,0
7201000,3646,12,1
7202000,3646,1,0
7202000,3647,2,0
7202000,1169,3,0
7202000,3648,4,0
7202000,3649,5,0
7202000,2316,6,0
7202000,2317,7,0
7202000,3531,8,0
7202000,2318,9,0
7202000,1572,10,1
7501000,1058,1,0
7501000,1275,2,0
7501000,3845,3,0
7501000,1170,4,0
7501000,1280,5,0
7501000,1343,6,0
7501000,1344,7,0
7501000,1345,8,0
7501000,1346,9,0
7501000,1347,10,0
7501000,1348,11,0
7501000,1349,12,0
7501000,4041,13,0
7501000,1350,14,0
7501000,3394,15,1
7502000,3394,1,0
7502000,4108,2,0
7502000,3396,3,0
7502000,3397,4,0
7502000,3398,5,0
7502000,3399,6,0
7502000,1352,7,0
7502000,1354,8,0
7502000,1356,9,0
7502000,1357,10,0
7502000,4093,11,0
7502000,1279,12,0
7502000,1318,13,0
7502000,1319,14,0
7502000,1320,15,0
7502000,1058,16,1
9103000,2551,1,0
9103000,1292,2,0
9103000,1893,3,0
9103000,1896,4,0
9103000,1897,5,0
9103000,1898,6,0
9103000,1900,7,0
9103000,1902,8,0
9103000,1904,9,0
9103000,1907,10,0
9103000,1909,11,0
9103000,1910,12,0
9103000,1911,13,0
9103000,1166,14,0
9103000,3619,15,0
9103000,2673,16,0
9103000,2674,17,0
9103000,2675,18,0
9103000,2515,19,0
9103000,2516,20,0
9103000,2517,21,0
9103000,2518,22,0
9103000,2519,23,1
9104000,2519,1,0
9104000,3630,2,0
9104000,1149,3,0
9104000,1150,4,0
9104000,1152,5,0
9104000,1153,6,0
9104000,1154,7,0
9104000,1155,8,0
9104000,1156,9,0
9104000,1157,10,0
9104000,1158,11,0
9104000,1159,12,0
9104000,1160,13,0
9104000,1161,14,0
9104000,2524,15,0
9104000,2525,16,0
9104000,2526,17,0
9104000,2532,18,0
9104000,1165,19,0
9104000,2533,20,0
9104000,3581,21,0
9104000,2535,22,0
9104000,1957,23,0
9104000,4015,24,0
9104000,1959,25,0
9104000,2536,26,0
9104000,2538,27,0
9104000,2540,28,0
9104000,2542,29,0
9104000,2543,30,0
9104000,2544,31,0
9104000,1901,32,0
9104000,1273,33,0
9104000,2551,34,1
90101000,7063,1,0
90101000,7062,2,0
90101000,7060,3,0
90101000,1046,4,0
90101000,3495,5,0
90101000,7064,6,1
90102000,7064,1,0
90102000,1046,2,0
90102000,7060,3,0
90102000,3495,4,0
90102000,7062,5,0
90102000,7063,6,1
90201000,1250,1,0
90201000,1029,2,0
90201000,1299,3,0
90201000,3540,4,0
90201000,5002,5,0
90201000,7066,6,0
90201000,7065,7,1
90202000,7065,1,0
90202000,7066,2,0
90202000,1299,3,0
90202000,5002,4,0
90202000,3540,5,0
90202000,1250,6,1
990303000,1143,1,0
990303000,1144,2,0
990303000,1145,3,0
990303000,1146,4,0
990303000,1147,5,0
990303000,1148,6,0
990303000,1149,7,0
990303000,1150,8,0
990303000,1152,9,0
990303000,3627,10,0
990303000,3629,11,0
990303000,4075,12,0
990303000,1122,13,0
990303000,1123,14,0
990303000,1124,15,1
990304000,3228,1,0
990304000,3474,2,1
995101000,3474,1,0
995101000,1554,2,1
995103000,1840,1,0
995103000,1771,2,1
