1301,'13-Holiday1-10000001',843,,13807,26,,,1,100,,13808,26,,,1,102,,13809,26,,,1,100,,13810,26,,,1,100,,13811,26,,,1,100,,13812,26,,,1,100,,13813,26,,,1,100,,13814,26,,,1,100,,13815,26,,,1,100,,13816,26,,,1,98,,13817,26,,,1,100,,13818,26,,,1,100,,13819,26,,,1,100,,13820,26,,,1,100,,13821,26,,,1,100,,13822,26,,,1
1301,'13-Saturday-10000010',715,,13824,26,,,1,30,,13825,26,,,1,70,,13826,26,,,1,30,,13827,26,,,1,70,,13828,26,,,1,31,,13829,26,,,1,70,,13830,26,,,1,30,,13831,26,,,1,70,,13832,26,,,1,30,,13833,26,,,1,70,,13823,26,,,1,30,,13834,26,,,1,70,,13835,26,,,1,30,,13836,26,,,1,70,,13837,26,,,1,30,,13838,26,,,1,70,,13839,26,,,1,30,,13840,26,,,1,70,,13841,26,,,1,30,,13842,26,,,1,70,,13843,26,,,1,30,,13844,26,,,1,70,,13845,26,,,1,29,,13846,26,,,1,70,,13847,26,,,1,30,,13848,26,,,1,70,,13856,26,,,1,30,,13849,26,,,1,70,,13850,26,,,1,30,,13851,26,,,1,70,,13852,26,,,1,30,,13853,26,,,1,70,,13854,26,,,1,30,,13855,26,,,1,70,,13857,26,,,1
1301,'13-Sunday-10000001',813,,13890,26,,,1,30,,13858,26,,,1,70,,13859,26,,,1,30,,13860,26,,,1,72,,13861,26,,,1,30,,13862,26,,,1,70,,13863,26,,,1,30,,13864,26,,,1,70,,13865,26,,,1,30,,13866,26,,,1,70,,13867,26,,,1,30,,13868,26,,,1,70,,13869,26,,,1,30,,13870,26,,,1,70,,13871,26,,,1,30,,13872,26,,,1,70,,13873,26,,,1,30,,13874,26,,,1,70,,13875,26,,,1,30,,13876,26,,,1,68,,13877,26,,,1,30,,13878,26,,,1,70,,13879,26,,,1,30,,13880,26,,,1,70,,13881,26,,,1,30,,13882,26,,,1,70,,13883,26,,,1,30,,13884,26,,,1,70,,13885,26,,,1,30,,13886,26,,,1,70,,13887,26,,,1,30,,13888,26,,,1,70,,13889,26,,,1
1301,'13-Weekday-11111100',613,,13921,26,,,1,28,,13924,26,,,1,14,,13927,26,,,1,74,,13916,26,,,1,75,,13915,26,,,1,36,,13891,26,,,1,72,,13892,26,,,1,27,,13893,26,,,1,73,,13894,26,,,1,28,,13895,26,,,1,68,,13896,26,,,1,32,,13897,26,,,1,68,,13898,26,,,1,32,,13899,26,,,1,68,,13900,26,,,1,32,,13901,26,,,1,68,,13902,26,,,1,35,,13903,26,,,1,10,,13928,13,,,1,4,,13929,26,,,1,56,,13904,26,,,1,32,,13905,26,,,1,70,,13917,26,,,1,33,,13906,26,,,1,67,,13907,26,,,1,33,,13914,26,,,1,64,,13908,26,,,1,29,,13909,26,,,1,80,,13910,26,,,1,30,,13911,26,,,1,70,,13923,26,,,1,30,,13922,26,,,1,70,,13912,26,,,1,30,,13913,26,,,1,69,,13918,26,,,1,27,,13926,26,,,1,70,,13919,26,,,1,30,,13920,26,,,1,70,,13925,26,,,1
2901,'29-Saturday-10000010',751,,15879,42,,,1,70,,15880,42,,,1,30,,15881,42,,,1,72,,15882,42,,,1,30,,15883,42,,,1,70,,15884,42,,,1,30,,15885,42,,,1,70,,15886,42,,,1,30,,15887,42,,,1,70,,15888,42,,,1,30,,15889,42,,,1,70,,15890,42,,,1,30,,15891,42,,,1,70,,15892,42,,,1,30,,15893,42,,,1,70,,15894,42,,,1,30,,15895,42,,,1,70,,15896,42,,,1,30,,15897,42,,,1,70,,15898,42,,,1,30,,15899,42,,,1,68,,15900,42,,,1,30,,15901,42,,,1,70,,15902,42,,,1,30,,15903,42,,,1,70,,15904,42,,,1,30,,15905,42,,,1,70,,15906,42,,,1,30,,15907,42,,,1,70,,15908,42,,,1,30,,15909,42,,,1,70,,15910,42,,,1,30,,15911,42,,,1,100,,15912,42,,,1
2901,'29-Sunday-10000001',846,,15913,42,,,1,70,,15914,42,,,1,30,,15915,42,,,1,71,,15916,42,,,1,30,,15917,42,,,1,70,,15918,42,,,1,30,,15919,42,,,1,70,,15920,42,,,1,30,,15921,42,,,1,70,,15922,42,,,1,30,,15923,42,,,1,70,,15924,42,,,1,30,,15925,42,,,1,70,,15926,42,,,1,30,,15927,42,,,1,70,,15928,42,,,1,30,,15929,42,,,1,70,,15930,42,,,1,30,,15931,42,,,1,70,,15932,42,,,1,30,,15933,42,,,1,70,,15934,42,,,1,30,,15935,42,,,1,70,,15936,42,,,1,30,,15937,42,,,1,70,,15938,42,,,1,30,,15939,42,,,1,69,,15940,42,,,1,30,,15941,42,,,1,70,,15942,42,,,1,30,,15943,42,,,1,100,,15944,42,,,1
2901,'29-Weekday-11111100',616,,15981,31,,,1,24,,15947,42,,,1,71,,15948,42,,,1,37,,15949,42,,,1,70,,15950,42,,,1,30,,15951,42,,,1,70,,15952,42,,,1,31,,15953,42,,,1,69,,15954,42,,,1,30,,15955,42,,,1,70,,15956,42,,,1,30,,15957,42,,,1,70,,15958,42,,,1,30,,15959,42,,,1,70,,15960,42,,,1,30,,15961,42,,,1,70,,15962,42,,,1,32,,15946,42,,,1,73,,15945,42,,,1,30,,15963,42,,,1,70,,15964,42,,,1,30,,15965,42,,,1,70,,15966,42,,,1,30,,15967,42,,,1,68,,15968,42,,,1,28,,15969,42,,,1,70,,15970,42,,,1,30,,15971,42,,,1,70,,15972,42,,,1,30,,15973,42,,,1,70,,15974,42,,,1,30,,15975,42,,,1,68,,15976,42,,,1,25,,15977,42,,,1,70,,15978,42,,,1,30,,15979,42,,,1,70,,15980,42,,,1
20201,'202-Holiday1-10000001',806,,19815,24,,,1,30,,19816,24,,,1,70,,19817,24,,,1,30,,19814,24,,,1,70,,19818,24,,,1,31,,19819,24,,,1,70,,19820,24,,,1,30,,19821,24,,,1,70,,19822,24,,,1,30,,19823,24,,,1,70,,19824,24,,,1,30,,19825,24,,,1,70,,19826,24,,,1,30,,19827,24,,,1,70,,19828,24,,,1,30,,19829,24,,,1,70,,19830,24,,,1,30,,19831,24,,,1,70,,19832,24,,,1,30,,19833,24,,,1,70,,19834,24,,,1,29,,19835,24,,,1,70,,19836,24,,,1,30,,19837,24,,,1,70,,19838,24,,,1,30,,19839,24,,,1,70,,19840,24,,,1,30,,19841,24,,,1,70,,19842,24,,,1,30,,19843,24,,,1,70,,19844,24,,,1,30,,19845,24,,,1,70,,19846,24,,,1,30,,19847,24,,,1
20201,'202-Saturday-10000010',736,,19848,24,,,1,70,,19849,24,,,1,30,,19850,24,,,1,70,,19851,24,,,1,31,,19852,24,,,1,70,,19853,24,,,1,30,,19854,24,,,1,70,,19855,24,,,1,30,,19856,24,,,1,70,,19857,24,,,1,30,,19858,24,,,1,70,,19859,24,,,1,30,,19860,24,,,1,70,,19861,24,,,1,30,,19862,24,,,1,70,,19863,24,,,1,30,,19864,24,,,1,70,,19865,24,,,1,30,,19866,24,,,1,70,,19867,24,,,1,30,,19868,24,,,1,70,,19869,24,,,1,29,,19870,24,,,1,70,,19871,24,,,1,30,,19872,24,,,1,70,,19873,24,,,1,30,,19874,24,,,1,70,,19875,24,,,1,30,,19876,24,,,1,70,,19877,24,,,1,30,,19878,24,,,1,70,,19879,24,,,1,30,,19880,24,,,1,70,,19881,24,,,1,30,,19882,24,,,1
20201,'202-Sunday-10000001',806,,19884,24,,,1,30,,19885,24,,,1,70,,19886,24,,,1,30,,19883,24,,,1,70,,19887,24,,,1,31,,19888,24,,,1,70,,19889,24,,,1,30,,19890,24,,,1,70,,19891,24,,,1,30,,19892,24,,,1,70,,19893,24,,,1,30,,19894,24,,,1,70,,19895,24,,,1,30,,19896,24,,,1,70,,19897,24,,,1,30,,19898,24,,,1,70,,19899,24,,,1,30,,19900,24,,,1,70,,19901,24,,,1,30,,19902,24,,,1,70,,19903,24,,,1,29,,19904,24,,,1,70,,19905,24,,,1,30,,19906,24,,,1,70,,19907,24,,,1,30,,19908,24,,,1,70,,19909,24,,,1,30,,19910,24,,,1,70,,19911,24,,,1,30,,19912,24,,,1,70,,19913,24,,,1,30,,19914,24,,,1,70,,19915,24,,,1,30,,19916,24,,,1
20201,'202-Weekday-11111100',634,,19918,24,,,1,70,,19919,24,,,1,35,,19920,24,,,1,10,,19975,24,,,1,10,,19953,24,,,1,50,,19921,24,,,1,10,,19976,24,,,1,10,,19954,24,,,1,10,,19922,24,,,1,10,,19977,24,,,1,10,,19955,24,,,1,50,,19917,24,,,1,10,,19978,24,,,1,10,,19956,24,,,1,10,,19923,24,,,1,11,,19979,24,,,1,9,,19957,24,,,1,50,,19924,24,,,1,10,,19958,24,,,1,15,,19925,24,,,1,15,,19959,24,,,1,55,,19926,24,,,1,15,,19960,24,,,1,15,,19927,24,,,1,15,,19961,24,,,1,55,,19928,24,,,1,15,,19962,24,,,1,15,,19929,24,,,1,15,,19963,24,,,1,55,,19930,24,,,1,15,,19964,24,,,1,15,,19931,24,,,1,15,,19965,24,,,1,55,,19932,24,,,1,15,,19966,24,,,1,15,,19933,24,,,1,16,,19967,24,,,1,62,,19934,24,,,1,10,,19980,24,,,1,10,,19968,24,,,1,10,,19935,24,,,1,10,,19981,24,,,1,50,,19969,24,,,1,10,,19936,24,,,1,10,,19982,24,,,1,10,,19970,24,,,1,10,,19937,24,,,1,10,,19983,24,,,1,50,,19971,24,,,1,10,,19938,24,,,1,10,,19984,24,,,1,10,,19972,24,,,1,10,,19939,24,,,1,10,,19985,24,,,1,50,,19973,24,,,1,9,,19940,24,,,1,9,,19986,24,,,1,9,,19974,24,,,1,9,,19941,24,,,1,70,,19952,24,,,1,30,,19942,24,,,1,70,,19943,24,,,1,30,,19944,24,,,1,70,,19945,24,,,1,30,,19946,24,,,1,69,,19947,24,,,1,29,,19948,24,,,1,70,,19949,24,,,1,30,,19950,24,,,1,70,,19951,24,,,1
