5300,'53-Holiday1-10000001',850,,28007,30,,,1,100,,28008,30,,,1,104,,28009,30,,,1,100,,28010,30,,,1,100,,28011,30,,,1,100,,28012,30,,,1,100,,28013,30,,,1,100,,28014,30,,,1,100,,28015,30,,,1,100,,28016,30,,,1,96,,28017,30,,,1,100,,28018,30,,,1,100,,28019,30,,,1,100,,28020,30,,,1,100,,28021,30,,,1,100,,28022,30,,,1
5300,'53-Saturday-10000010',723,,28023,30,,,1,30,,28024,30,,,1,70,,28025,30,,,1,30,,28026,30,,,1,72,,28027,30,,,1,30,,28028,30,,,1,70,,28029,30,,,1,30,,28030,30,,,1,70,,28031,30,,,1,30,,28032,30,,,1,70,,28033,30,,,1,30,,28034,30,,,1,70,,28035,30,,,1,30,,28036,30,,,1,70,,28037,30,,,1,30,,28038,30,,,1,70,,28039,30,,,1,30,,28040,30,,,1,70,,28041,30,,,1,30,,28042,30,,,1,70,,28043,30,,,1,30,,28044,30,,,1,68,,28045,30,,,1,30,,28046,30,,,1,100,,28047,30,,,1,100,,28048,30,,,1,100,,28049,30,,,1,100,,28050,30,,,1,100,,28051,30,,,1
5300,'53-Sunday-10000001',820,,28052,30,,,1,100,,28053,30,,,1,104,,28054,30,,,1,30,,28055,30,,,1,70,,28056,30,,,1,30,,28057,30,,,1,70,,28058,30,,,1,30,,28059,30,,,1,70,,28060,30,,,1,30,,28061,30,,,1,70,,28062,30,,,1,30,,28063,30,,,1,70,,28064,30,,,1,30,,28065,30,,,1,70,,28066,30,,,1,30,,28067,30,,,1,70,,28068,30,,,1,30,,28069,30,,,1,96,,28070,30,,,1,100,,28071,30,,,1,100,,28072,30,,,1,100,,28073,30,,,1,100,,28074,30,,,1,100,,28075,30,,,1
5300,'53-Weekday-11111100',628,,28103,35,,,1,30,,28104,35,,,1,70,,28105,35,,,1,30,,28106,35,,,1,70,,28107,35,,,1,27,,28092,30,,,1,70,,28093,30,,,1,29,,28094,30,,,1,70,,28085,30,,,1,30,,28086,30,,,1,70,,28087,30,,,1,30,,28088,30,,,1,70,,28089,30,,,1,30,,28090,30,,,1,70,,28091,30,,,1,30,,28110,30,,,1,81,,28095,35,,,1,74,,28111,35,,,1,30,,28098,35,,,1,70,,28102,35,,,1,30,,28101,35,,,1,70,,28100,35,,,1,30,,28099,35,,,1,69,,28108,35,,,1,19,,28109,35,,,1,25,,28084,30,,,1,70,,28078,30,,,1,30,,28079,30,,,1,70,,28080,30,,,1,30,,28081,30,,,1,70,,28077,30,,,1,30,,28076,30,,,1,72,,28097,35,,,1,30,,28096,35,,,1,64,,28082,30,,,1,30,,28083,30,,,1
5800,'58-Holiday1-11111111',834,,28761,21,,,1,100,,28760,21,,,1,100,,28759,21,,,1,100,,28758,21,,,1,100,,28757,21,,,1,100,,28756,21,,,1,100,,28755,21,,,1,100,,28754,21,,,1,100,,28753,21,,,1,100,,28752,21,,,1,99,,28751,21,,,1,100,,28750,21,,,1,100,,28749,21,,,1,100,,28748,21,,,1,100,,28747,21,,,1,100,,28746,21,,,1
5800,'58-Saturday-10000010',733,,28768,21,,,1,70,,28767,21,,,1,30,,28766,21,,,1,70,,28765,21,,,1,30,,28764,21,,,1,70,,28763,21,,,1,30,,28762,21,,,1,70,,28783,21,,,1,30,,28782,21,,,1,70,,28781,21,,,1,30,,28780,21,,,1,70,,28779,21,,,1,30,,28778,21,,,1,70,,28777,21,,,1,30,,28776,21,,,1,70,,28775,21,,,1,30,,28774,21,,,1,70,,28773,21,,,1,30,,28772,21,,,1,70,,28771,21,,,1,30,,28770,21,,,1,70,,28769,21,,,1,30,,28789,21,,,1,100,,28788,21,,,1,100,,28787,21,,,1,100,,28786,21,,,1,100,,28785,21,,,1,100,,28784,21,,,1
5800,'58-Sunday-10000001',904,,28790,21,,,1,99,,28792,21,,,1,101,,28791,21,,,1,30,,28807,21,,,1,70,,28806,21,,,1,30,,28805,21,,,1,70,,28804,21,,,1,30,,28803,21,,,1,70,,28802,21,,,1,30,,28801,21,,,1,70,,28800,21,,,1,30,,28799,21,,,1,70,,28798,21,,,1,30,,28797,21,,,1,70,,28796,21,,,1,30,,28795,21,,,1,70,,28794,21,,,1,29,,28793,21,,,1,100,,28812,21,,,1,100,,28811,21,,,1,100,,28810,21,,,1,100,,28809,21,,,1,100,,28808,21,,,1
5800,'58-Weekday-11111100',552,,28813,21,,,1,70,,28814,21,,,1,25,,28815,21,,,1,70,,28816,21,,,1,31,,28817,21,,,1,70,,28818,21,,,1,30,,28819,21,,,1,70,,28820,21,,,1,30,,28821,21,,,1,70,,28822,21,,,1,30,,28823,21,,,1,70,,28824,21,,,1,30,,28825,21,,,1,70,,28826,21,,,1,30,,28827,21,,,1,70,,28828,21,,,1,30,,28829,21,,,1,70,,28849,21,,,1,87,,28830,21,,,1,30,,28831,21,,,1,70,,28832,21,,,1,30,,28833,21,,,1,70,,28834,21,,,1,30,,28835,21,,,1,69,,28836,21,,,1,13,,28837,21,,,1,30,,28838,21,,,1,70,,28839,21,,,1,30,,28840,21,,,1,70,,28841,21,,,1,30,,28842,21,,,1,70,,28843,21,,,1,30,,28844,21,,,1,68,,28845,21,,,1,15,,28846,21,,,1,70,,28847,21,,,1,30,,28848,21,,,1
6501,'65-Holiday1-10000001',838,,29704,18,,,1,81,,29705,18,,,1,85,,29706,18,,,1,46,,29707,18,,,1,85,,29708,18,,,1,85,,29709,18,,,1,85,,29710,18,,,1,45,,29711,18,,,1,85,,29712,18,,,1,85,,29713,18,,,1,85,,29714,18,,,1,45,,29715,18,,,1,85,,29716,18,,,1,84,,29717,18,,,1,85,,29718,18,,,1,45,,29719,18,,,1,85,,29720,18,,,1,85,,29721,18,,,1,85,,29722,18,,,1
6501,'65-Saturday-10000010',719,,29723,18,,,1,30,,29724,18,,,1,70,,29725,18,,,1,30,,29726,18,,,1,72,,29727,18,,,1,31,,29728,18,,,1,70,,29729,18,,,1,30,,29730,18,,,1,70,,29731,18,,,1,30,,29732,18,,,1,70,,29733,18,,,1,30,,29734,18,,,1,70,,29735,18,,,1,30,,29736,18,,,1,70,,29737,18,,,1,30,,29738,18,,,1,70,,29739,18,,,1,30,,29740,18,,,1,70,,29741,18,,,1,30,,29742,18,,,1,70,,29743,18,,,1,30,,29744,18,,,1,68,,29745,18,,,1,29,,29746,18,,,1,85,,29747,18,,,1,85,,29748,18,,,1,85,,29749,18,,,1,45,,29750,18,,,1,85,,29751,18,,,1,85,,29752,18,,,1
6501,'65-Sunday-10000001',849,,29753,18,,,1,70,,29754,18,,,1,30,,29786,18,,,1,71,,29755,18,,,1,22,,29778,18,,,1,8,,29756,18,,,1,70,,29757,18,,,1,22,,29779,18,,,1,8,,29758,18,,,1,70,,29759,18,,,1,22,,29780,18,,,1,8,,29760,18,,,1,70,,29761,18,,,1,22,,29781,18,,,1,8,,29762,18,,,1,70,,29763,18,,,1,22,,29782,18,,,1,8,,29764,18,,,1,70,,29765,18,,,1,22,,29783,18,,,1,8,,29766,18,,,1,70,,29767,18,,,1,22,,29784,18,,,1,8,,29768,18,,,1,70,,29769,18,,,1,22,,29785,18,,,1,8,,29770,18,,,1,69,,29771,18,,,1,30,,29772,18,,,1,85,,29773,18,,,1,85,,29774,18,,,1,85,,29775,18,,,1,45,,29776,18,,,1,85,,29777,18,,,1
6501,'65-Weekday-11111100',549,,29787,18,,,1,70,,29788,18,,,1,30,,29789,18,,,1,72,,29790,18,,,1,32,,29791,18,,,1,70,,29792,18,,,1,30,,29793,18,,,1,70,,29794,18,,,1,29,,29795,18,,,1,70,,29796,18,,,1,30,,29797,18,,,1,70,,29798,18,,,1,30,,29799,18,,,1,70,,29800,18,,,1,30,,29801,18,,,1,70,,29802,18,,,1,30,,29803,18,,,1,70,,29804,18,,,1,78,,29805,18,,,1,32,,29806,18,,,1,70,,29807,18,,,1,30,,29808,18,,,1,70,,29809,18,,,1,30,,29810,18,,,1,70,,29811,18,,,1,26,,29812,18,,,1,22,,29813,18,,,1,70,,29814,18,,,1,30,,29815,18,,,1,70,,29816,18,,,1,30,,29817,18,,,1,70,,29818,18,,,1,30,,29819,18,,,1,68,,29820,18,,,1,28,,29821,18,,,1,70,,29822,18,,,1,30,,29823,18,,,1
6701,'67-Weekday-11111100',648,,29854,40,,,1,70,,29845,40,,,1,30,,29844,40,,,1,70,,29842,40,,,1,30,,29857,40,,,1,70,,29843,40,,,1,533,,29850,40,,,1,70,,29849,40,,,1,30,,29848,40,,,1,70,,29847,40,,,1,30,,29846,40,,,1,70,,29855,40,,,1,30,,29851,40,,,1,70,,29858,40,,,1,429,,29853,40,,,1,70,,29856,40,,,1,30,,29852,40,,,1
