1601,'16-Holiday1-10000001',843,,14123,31,,,1,100,,14124,31,,,1,105,,14125,31,,,1,100,,14126,31,,,1,100,,14127,31,,,1,100,,14128,31,,,1,100,,14129,31,,,1,100,,14130,31,,,1,100,,14131,31,,,1,100,,14132,31,,,1,98,,14133,31,,,1,101,,14134,31,,,1,100,,14135,31,,,1,100,,14136,31,,,1,100,,14137,31,,,1,100,,14138,31,,,1
1601,'16-Saturday-10000010',647,,14139,4,,,1,70,,14140,31,,,1,30,,14141,31,,,1,70,,14142,31,,,1,30,,14143,31,,,1,71,,14144,31,,,1,34,,14145,31,,,1,73,,14146,31,,,1,30,,14147,31,,,1,70,,14148,31,,,1,30,,14149,31,,,1,70,,14150,31,,,1,30,,14151,31,,,1,70,,14152,31,,,1,30,,14153,31,,,1,70,,14154,31,,,1,30,,14155,31,,,1,70,,14156,31,,,1,30,,14157,31,,,1,70,,14158,31,,,1,30,,14159,31,,,1,70,,14160,31,,,1,30,,14161,31,,,1,68,,14162,31,,,1,28,,14163,31,,,1,68,,14164,31,,,1,30,,14165,31,,,1,70,,14166,31,,,1,30,,14167,31,,,1,70,,14168,31,,,1,30,,14169,31,,,1,70,,14170,31,,,1,30,,14171,31,,,1,70,,14172,31,,,1,30,,14174,31,,,1
1601,'16-Sunday-10000001',813,,14175,31,,,1,30,,14176,31,,,1,70,,14177,31,,,1,30,,14178,31,,,1,71,,14179,31,,,1,34,,14180,31,,,1,70,,14181,31,,,1,30,,14182,31,,,1,70,,14183,31,,,1,30,,14184,31,,,1,70,,14185,31,,,1,30,,14186,31,,,1,70,,14187,31,,,1,30,,14188,31,,,1,70,,14189,31,,,1,30,,14190,31,,,1,70,,14191,31,,,1,30,,14192,31,,,1,70,,14193,31,,,1,30,,14194,31,,,1,71,,14195,31,,,1,27,,14196,31,,,1,71,,14197,31,,,1,30,,14198,31,,,1,70,,14199,31,,,1,30,,14200,31,,,1,70,,14201,31,,,1,30,,14202,31,,,1,70,,14203,31,,,1,30,,14204,31,,,1,70,,14205,31,,,1,30,,14206,31,,,1
1601,'16-Weekday-11111100',612,,14208,31,,,1,32,,14209,31,,,1,12,,14245,31,,,1,59,,14210,31,,,1,20,,14249,31,,,1,15,,14211,31,,,1,57,,14246,31,,,1,16,,14212,31,,,1,15,,14247,31,,,1,15,,14213,31,,,1,55,,14248,31,,,1,15,,14214,31,,,1,15,,14258,31,,,1,15,,14215,31,,,1,56,,14264,31,,,1,16,,14216,31,,,1,15,,14265,31,,,1,14,,14217,31,,,1,56,,14266,31,,,1,15,,14218,31,,,1,15,,14267,31,,,1,15,,14219,31,,,1,55,,14268,31,,,1,15,,14220,31,,,1,15,,14269,31,,,1,15,,14221,31,,,1,55,,14270,31,,,1,15,,14222,31,,,1,15,,14271,31,,,1,15,,14223,31,,,1,55,,14272,31,,,1,15,,14224,31,,,1,15,,14273,31,,,1,17,,14225,31,,,1,55,,14255,31,,,1,15,,14226,31,,,1,17,,14250,31,,,1,15,,14227,31,,,1,56,,14251,31,,,1,15,,14228,31,,,1,15,,14252,31,,,1,55,,14229,31,,,1,15,,14253,31,,,1,15,,14230,31,,,1,15,,14254,31,,,1,55,,14231,31,,,1,14,,14244,31,,,1,13,,14232,31,,,1,14,,14256,31,,,1,13,,14233,31,,,1,53,,14259,31,,,1,15,,14234,31,,,1,14,,14235,31,,,1,15,,14260,31,,,1,55,,14236,31,,,1,15,,14263,31,,,1,15,,14237,31,,,1,15,,14261,31,,,1,55,,14238,31,,,1,15,,14262,31,,,1,15,,14239,31,,,1,15,,14274,31,,,1,54,,14240,31,,,1,31,,14241,31,,,1,67,,14242,31,,,1,13,,14243,31,,,1
2200,'22-Saturday-10000010',646,,14968,22,,,1,70,,14969,22,,,1,30,,14970,22,,,1,70,,14971,22,,,1,30,,14972,22,,,1,71,,14973,22,,,1,30,,14974,22,,,1,70,,14975,22,,,1,30,,14976,22,,,1,70,,14977,22,,,1,30,,14978,22,,,1,70,,14979,22,,,1,30,,14980,22,,,1,70,,14981,22,,,1,30,,14982,22,,,1,70,,14983,22,,,1,30,,14984,22,,,1,70,,14985,22,,,1,30,,14986,22,,,1,70,,14987,22,,,1,30,,14988,22,,,1,70,,14989,22,,,1,30,,14990,22,,,1,69,,14991,22,,,1,30,,14992,22,,,1,70,,14993,22,,,1,30,,14994,22,,,1,70,,14995,22,,,1,30,,14996,22,,,1,70,,14997,22,,,1,30,,14998,22,,,1,100,,14999,22,,,1,100,,15000,22,,,1
2200,'22-Sunday-10000001',846,,15011,22,,,1,100,,15001,22,,,1,100,,15002,22,,,1,100,,15003,22,,,1,100,,15004,22,,,1,100,,15005,22,,,1,100,,15006,22,,,1,100,,15007,22,,,1,100,,15008,22,,,1,100,,15009,22,,,1,100,,15010,22,,,1
2200,'22-Weekday-11111100',618,,15012,22,,,1,30,,15013,22,,,1,73,,15014,22,,,1,30,,15015,22,,,1,70,,15016,22,,,1,30,,15017,22,,,1,70,,15018,22,,,1,28,,15019,22,,,1,70,,15020,22,,,1,30,,15021,22,,,1,70,,15022,22,,,1,30,,15023,22,,,1,70,,15024,22,,,1,30,,15025,22,,,1,70,,15026,22,,,1,30,,15027,22,,,1,70,,15028,22,,,1,31,,15029,22,,,1,70,,15030,22,,,1,30,,15031,22,,,1,70,,15032,22,,,1,30,,15033,22,,,1,70,,15034,22,,,1,30,,15035,22,,,1,68,,15036,22,,,1,30,,15037,22,,,1,70,,15038,22,,,1,30,,15039,22,,,1,70,,15040,22,,,1,30,,15041,22,,,1,70,,15045,22,,,1,30,,15042,22,,,1,69,,15046,22,,,1,30,,15043,22,,,1,100,,15044,22,,,1
3301,'33-Saturday-10000010',658,,16353,8,,,1,70,,16354,8,,,1,30,,16355,8,,,1,70,,16356,8,,,1,30,,16357,8,,,1,71,,16358,8,,,1,30,,16359,8,,,1,70,,16360,8,,,1,30,,16361,8,,,1,70,,16362,8,,,1,30,,16363,8,,,1,70,,16364,8,,,1,30,,16365,8,,,1,70,,16366,8,,,1,30,,16367,8,,,1,70,,16368,8,,,1,30,,16369,8,,,1,70,,16370,8,,,1,30,,16371,8,,,1,70,,16372,8,,,1,30,,16373,8,,,1,70,,16374,8,,,1,30,,16375,8,,,1,69,,16376,8,,,1,30,,16377,8,,,1
3301,'33-Sunday-10000001',758,,16378,8,,,1,70,,16379,8,,,1,30,,16380,8,,,1,70,,16381,8,,,1,30,,16382,8,,,1,70,,16383,8,,,1,30,,16384,8,,,1,70,,16385,8,,,1,30,,16386,8,,,1,70,,16387,8,,,1,30,,16388,8,,,1,70,,16389,8,,,1,30,,16390,8,,,1,70,,16391,8,,,1,30,,16392,8,,,1,70,,16393,8,,,1,30,,16394,8,,,1,70,,16395,8,,,1,30,,16396,8,,,1,70,,16397,8,,,1,30,,16398,8,,,1,70,,16399,8,,,1,30,,16400,8,,,1
3301,'33-Weekday-11111100',547,,16401,8,,,1,70,,16402,8,,,1,30,,16403,8,,,1,73,,16404,8,,,1,34,,16405,8,,,1,70,,16406,8,,,1,30,,16407,8,,,1,70,,16408,8,,,1,28,,16409,8,,,1,68,,16410,8,,,1,30,,16411,8,,,1,70,,16412,8,,,1,31,,16413,8,,,1,70,,16414,8,,,1,30,,16415,8,,,1,70,,16416,8,,,1,30,,16417,8,,,1,70,,16418,8,,,1,32,,16419,8,,,1,71,,16420,8,,,1,30,,16421,8,,,1,70,,16422,8,,,1,30,,16423,8,,,1,70,,16424,8,,,1,30,,16425,8,,,1,66,,16426,8,,,1,28,,16427,8,,,1,70,,16433,8,,,1,30,,16428,8,,,1,70,,16429,8,,,1,30,,16434,8,,,1,70,,16430,8,,,1,30,,16435,8,,,1,70,,16431,8,,,1,28,,16432,8,,,1,70,,16436,8,,,1
