1001,'10-Weekday-11111100',706,,13333,18,0,37 38,1,31,,13299,18,0,37 38,1,70,,13301,18,0,37 38,1,30,,13303,18,0,37 38,1,70,,13305,18,0,37 38,1,29,,13307,18,0,37 38,1,69,,13310,18,0,37 38,1,30,,13311,18,0,37 38,1,70,,13312,18,0,37 38,1,30,,13313,18,0,37 38,1,70,,13314,18,0,37 38,1,30,,13315,18,0,37 38,1,70,,13316,18,0,37 38,1,30,,13317,18,0,37 38,1,70,,13318,18,0,37 38,1,30,,13319,18,0,37 38,1,73,,13309,18,0,37 38,1,30,,13288,18,0,37 38,1,70,,13274,18,0,37 38,1,30,,13284,18,0,37 38,1,70,,13282,18,0,37 38,1,30,,13280,18,0,37 38,1,70,,13320,18,0,37 38,1
1601,'16-Holiday1-10000001',903,,14123,54,,,1,100,,14124,54,,,1,105,,14125,54,,,1,100,,14126,54,,,1,100,,14127,54,,,1,100,,14128,54,,,1,100,,14129,54,,,1,100,,14130,54,,,1,100,,14131,54,,,1,100,,14132,54,,,1,98,,14133,54,,,1,101,,14134,54,,,1,100,,14135,54,,,1,100,,14136,54,,,1,100,,14137,54,,,1,100,,14138,54,,,1
1601,'16-Saturday-10000010',708,,14139,27,,,1,30,,14140,54,,,1,70,,14141,54,,,1,30,,14142,54,,,1,71,,14143,54,,,1,31,,14144,54,,,1,74,,14145,54,,,1,33,,14146,54,,,1,70,,14147,54,,,1,30,,14148,54,,,1,70,,14149,54,,,1,30,,14150,54,,,1,70,,14151,54,,,1,30,,14152,54,,,1,70,,14153,54,,,1,30,,14154,54,,,1,70,,14155,54,,,1,30,,14156,54,,,1,70,,14157,54,,,1,30,,14158,54,,,1,70,,14159,54,,,1,30,,14160,54,,,1,69,,14161,54,,,1,28,,14162,54,,,1,68,,14163,54,,,1,28,,14164,54,,,1,70,,14165,54,,,1,30,,14166,54,,,1,70,,14167,54,,,1,30,,14168,54,,,1,70,,14169,54,,,1,30,,14170,54,,,1,70,,14171,54,,,1,30,,14172,54,,,1,70,,14174,54,,,1
1601,'16-Sunday-10000001',833,,14175,54,,,1,70,,14176,54,,,1,30,,14177,54,,,1,70,,14178,54,,,1,31,,14179,54,,,1,74,,14180,54,,,1,30,,14181,54,,,1,70,,14182,54,,,1,30,,14183,54,,,1,70,,14184,54,,,1,30,,14185,54,,,1,70,,14186,54,,,1,30,,14187,54,,,1,70,,14188,54,,,1,30,,14189,54,,,1,70,,14190,54,,,1,30,,14191,54,,,1,70,,14192,54,,,1,30,,14193,54,,,1,70,,14194,54,,,1,31,,14195,54,,,1,67,,14196,54,,,1,31,,14197,54,,,1,70,,14198,54,,,1,30,,14199,54,,,1,70,,14200,54,,,1,30,,14201,54,,,1,70,,14202,54,,,1,30,,14203,54,,,1,70,,14204,54,,,1,30,,14205,54,,,1,70,,14206,54,,,1
1601,'16-Weekday-11111100',634,,14208,54,,,1,72,,14209,54,,,1,11,,14245,54,,,1,19,,14210,54,,,1,20,,14249,54,,,1,55,,14211,54,,,1,17,,14246,54,,,1,16,,14212,54,,,1,15,,14247,54,,,1,55,,14213,54,,,1,15,,14248,54,,,1,15,,14214,54,,,1,56,,14258,54,,,1,15,,14215,54,,,1,16,,14264,54,,,1,16,,14216,54,,,1,55,,14265,54,,,1,14,,14217,54,,,1,16,,14266,54,,,1,15,,14218,54,,,1,55,,14267,54,,,1,15,,14219,54,,,1,15,,14268,54,,,1,15,,14220,54,,,1,55,,14269,54,,,1,15,,14221,54,,,1,15,,14270,54,,,1,15,,14222,54,,,1,55,,14271,54,,,1,15,,14223,54,,,1,16,,14272,54,,,1,15,,14224,54,,,1,55,,14273,54,,,1,17,,14225,54,,,1,15,,14255,54,,,1,15,,14226,54,,,1,57,,14250,54,,,1,15,,14227,54,,,1,16,,14251,54,,,1,15,,14228,54,,,1,55,,14252,54,,,1,15,,14229,54,,,1,15,,14253,54,,,1,15,,14230,54,,,1,54,,14254,54,,,1,15,,14231,54,,,1,13,,14244,54,,,1,13,,14232,54,,,1,54,,14256,54,,,1,13,,14233,54,,,1,13,,14259,54,,,1,15,,14234,54,,,1,14,,14235,54,,,1,55,,14260,54,,,1,15,,14236,54,,,1,15,,14263,54,,,1,15,,14237,54,,,1,55,,14261,54,,,1,15,,14238,54,,,1,15,,14262,54,,,1,15,,14239,54,,,1,53,,14274,54,,,1,14,,14240,54,,,1,31,,14241,54,,,1,67,,14242,54,,,1,13,,14243,54,,,1
3600,'36-Saturday-10000010',741,,16498,14,,,1,70,,16510,14,,,1,30,,16499,14,,,1,71,,16511,14,,,1,30,,16500,14,,,1,70,,16512,14,,,1,30,,16501,14,,,1,70,,16513,14,,,1,30,,16502,14,,,1,70,,16514,14,,,1,30,,16503,14,,,1,70,,16515,14,,,1,30,,16504,14,,,1,70,,16516,14,,,1,30,,16505,14,,,1,70,,16517,14,,,1,30,,16506,14,,,1,70,,16518,14,,,1,30,,16507,14,,,1,70,,16519,14,,,1,30,,16508,14,,,1,69,,16520,14,,,1,30,,16509,14,,,1,70,,16521,14,,,1,30,,16522,14,,,1
3600,'36-Sunday-10000001',839,,16523,14,,,1,70,,16524,14,,,1,30,,16525,14,,,1,71,,16526,14,,,1,31,,16527,14,,,1,75,,16528,14,,,1,31,,16529,14,,,1,70,,16530,14,,,1,30,,16531,14,,,1,70,,16532,14,,,1,30,,16533,14,,,1,70,,16534,14,,,1,30,,16535,14,,,1,70,,16536,14,,,1,30,,16537,14,,,1,70,,16538,14,,,1,30,,16539,14,,,1,70,,16540,14,,,1,30,,16541,14,,,1,64,,16542,14,,,1,28,,16543,14,,,1,70,,16544,14,,,1
3600,'36-Weekday-11111100',626,,16569,14,,,1,101,,16547,14,,,1,30,,16546,14,,,1,70,,16561,14,,,1,30,,16560,14,,,1,70,,16559,14,,,1,30,,16558,14,,,1,70,,16557,14,,,1,30,,16556,14,,,1,70,,16555,14,,,1,30,,16554,14,,,1,70,,16553,14,,,1,30,,16552,14,,,1,70,,16551,14,,,1,30,,16550,14,,,1,70,,16549,14,,,1,32,,16548,14,,,1,70,,16568,14,,,1,30,,16573,14,,,1,70,,16567,14,,,1,30,,16566,14,,,1,70,,16565,14,,,1,30,,16564,14,,,1,67,,16563,14,,,1,30,,16562,14,,,1,70,,16576,14,,,1,30,,16571,14,,,1,70,,16575,14,,,1,30,,16570,14,,,1,70,,16545,14,,,1,30,,16572,14,,,1,68,,16574,14,,,1,30,,16577,14,,,1
5701,'57-Saturday-10000010',752,,17933,19,,,1,100,,17932,19,,,1,100,,17926,19,,,1,100,,17925,19,,,1,100,,17930,19,,,1,100,,17929,19,,,1,100,,17928,19,,,1,100,,17927,19,,,1,100,,17931,19,,,1,100,,17936,19,,,1,100,,17935,19,,,1,100,,17934,19,,,1
5701,'57-Weekday-11111100',650,,17964,19,,,1,74,,17937,19,,,1,30,,17938,19,,,1,70,,17939,19,,,1,30,,17940,19,,,1,70,,17941,19,,,1,28,,17942,19,,,1,70,,17943,19,,,1,30,,17944,19,,,1,70,,17945,19,,,1,30,,17947,19,,,1,70,,17946,19,,,1,30,,17948,19,,,1,70,,17949,19,,,1,30,,17950,19,,,1,70,,17951,19,,,1,33,,17952,19,,,1,70,,17954,19,,,1,30,,17953,19,,,1,70,,17955,19,,,1,30,,17956,19,,,1,70,,17957,19,,,1,30,,17958,19,,,1,67,,17959,19,,,1,30,,17960,19,,,1,70,,17965,19,,,1,30,,17961,19,,,1,70,,17966,19,,,1,30,,17962,19,,,1,70,,17968,19,,,1,30,,17963,19,,,1,70,,17967,19,,,1
6101,'61-Holiday1-11111111',838,,18447,25,,,1,70,,18448,25,,,1,30,,18449,25,,,1,71,,18450,25,,,1,34,,18451,25,,,1,70,,18452,25,,,1,30,,18453,25,,,1,70,,18454,25,,,1,30,,18455,25,,,1,70,,18456,25,,,1,30,,18457,25,,,1,70,,18458,25,,,1,30,,18459,25,,,1,70,,18460,25,,,1,30,,18461,25,,,1,70,,18462,25,,,1,30,,18463,25,,,1,70,,18464,25,,,1,30,,18465,25,,,1,68,,18466,25,,,1,27,,18467,25,,,1,70,,18468,25,,,1,30,,18469,25,,,1,70,,18470,25,,,1,30,,18471,25,,,1,70,,18472,25,,,1,30,,18473,25,,,1,70,,18474,25,,,1,30,,18475,25,,,1
6101,'61-Saturday-10000010',713,,18499,25,,,1,30,,18500,25,,,1,70,,18501,25,,,1,26,,18510,18,,,1,4,,18502,25,,,1,69,,18503,25,,,1,29,,18504,25,,,1,70,,18505,25,,,1,30,,18506,25,,,1,70,,18509,25,,,1,30,,18507,25,,,1,70,,18508,25,,,1,30,,18479,25,,,1,70,,18478,25,,,1,30,,18480,25,,,1,70,,18477,25,,,1,30,,18481,25,,,1,70,,18482,25,,,1,30,,18483,25,,,1,70,,18484,25,,,1,30,,18485,25,,,1,70,,18486,25,,,1,30,,18498,25,,,1,71,,18497,25,,,1,31,,18496,25,,,1,70,,18495,25,,,1,30,,18494,25,,,1,70,,18493,25,,,1,30,,18492,25,,,1,70,,18491,25,,,1,30,,18490,25,,,1,70,,18489,25,,,1,30,,18488,25,,,1,70,,18487,25,,,1
6101,'61-Sunday-10000001',838,,18540,25,,,1,70,,18539,25,,,1,30,,18538,25,,,1,71,,18537,25,,,1,34,,18536,25,,,1,70,,18535,25,,,1,30,,18520,25,,,1,70,,18521,25,,,1,30,,18522,25,,,1,70,,18523,25,,,1,30,,18524,25,,,1,70,,18525,25,,,1,30,,18526,25,,,1,70,,18527,25,,,1,30,,18528,25,,,1,70,,18529,25,,,1,30,,18531,25,,,1,70,,18532,25,,,1,30,,18533,25,,,1,68,,18530,25,,,1,27,,18534,25,,,1,70,,18514,25,,,1,30,,18513,25,,,1,70,,18519,25,,,1,30,,18512,25,,,1,70,,18518,25,,,1,30,,18517,25,,,1,70,,18515,25,,,1,30,,18516,25,,,1
6101,'61-Weekday-11111100',639,,18565,25,,,1,69,,18571,25,,,1,17,,18595,25,,,1,15,,18572,25,,,1,15,,18584,25,,,1,55,,18573,25,,,1,15,,18593,25,,,1,15,,18574,25,,,1,15,,18577,25,,,1,55,,18575,25,,,1,15,,18590,25,,,1,15,,18576,25,,,1,15,,18583,25,,,1,55,,18568,25,,,1,15,,18589,25,,,1,15,,18569,25,,,1,15,,18582,25,,,1,55,,18570,25,,,1,15,,18588,25,,,1,15,,18567,25,,,1,15,,18581,25,,,1,55,,18566,25,,,1,15,,18596,25,,,1,15,,18543,25,,,1,15,,18587,25,,,1,55,,18544,25,,,1,15,,18580,25,,,1,15,,18545,25,,,1,15,,18586,25,,,1,55,,18546,25,,,1,15,,18599,25,,,1,17,,18547,25,,,1,58,,18592,25,,,1,15,,18548,25,,,1,15,,18579,25,,,1,15,,18549,25,,,1,55,,18597,25,,,1,15,,18550,25,,,1,15,,18598,25,,,1,15,,18551,25,,,1,55,,18600,25,,,1,15,,18552,25,,,1,15,,18578,25,,,1,15,,18553,25,,,1,55,,18585,25,,,1,14,,18554,25,,,1,11,,18591,25,,,1,15,,18555,25,,,1,15,,18594,25,,,1,55,,18556,25,,,1,15,,18604,25,,,1,15,,18557,25,,,1,15,,18601,25,,,1,55,,18558,25,,,1,15,,18602,25,,,1,15,,18559,25,,,1,15,,18603,25,,,1,55,,18560,25,,,1,15,,18605,25,,,1,15,,18606,25,,,1,15,,18561,25,,,1,55,,18562,25,,,1,28,,18563,25,,,1,70,,18564,25,,,1
7601,'76-Weekday-11111100',641,,19131,11,,,1,70,,19132,11,,,1,30,,19133,11,,,1,70,,19134,11,,,1,30,,19135,11,,,1,70,,19136,11,,,1,29,,19137,11,,,1,70,,19138,11,,,1,430,,19139,11,,,1,71,,19140,11,,,1,30,,19141,11,,,1,70,,19142,11,,,1,30,,19143,11,,,1,70,,19144,11,,,1,30,,19145,11,,,1,70,,19146,11,,,1,30,,19147,11,,,1
20101,'201-Holiday1-10000001',759,,19439,34,,,1,70,,19440,34,,,1,30,,19441,34,,,1,70,,19442,34,,,1,30,,19443,34,,,1,71,,19444,34,,,1,71,,19445,34,,,1,30,,19446,34,,,1,70,,19447,34,,,1,30,,19448,34,,,1,70,,19438,34,,,1,30,,19449,34,,,1,70,,19450,34,,,1,30,,19451,34,,,1,70,,19452,34,,,1,30,,19453,34,,,1,70,,19454,34,,,1,30,,19455,34,,,1,70,,19456,34,,,1,30,,19457,34,,,1,70,,19458,34,,,1,29,,19459,34,,,1,29,,19460,34,,,1,70,,19461,34,,,1,30,,19462,34,,,1,70,,19463,34,,,1,30,,19464,34,,,1,70,,19465,34,,,1,30,,19466,34,,,1,70,,19467,34,,,1,30,,19468,34,,,1,70,,19469,34,,,1,30,,19470,34,,,1,70,,19471,34,,,1,30,,19472,34,,,1
20101,'201-Saturday-10000010',729,,19508,34,,,1,30,,19473,34,,,1,70,,19474,34,,,1,30,,19475,34,,,1,71,,19476,34,,,1,72,,19477,34,,,1,30,,19478,34,,,1,70,,19479,34,,,1,30,,19480,34,,,1,70,,19481,34,,,1,30,,19482,34,,,1,70,,19483,34,,,1,30,,19484,34,,,1,70,,19485,34,,,1,30,,19486,34,,,1,70,,19487,34,,,1,30,,19488,34,,,1,70,,19489,34,,,1,30,,19490,34,,,1,70,,19491,34,,,1,30,,19492,34,,,1,70,,19493,34,,,1,29,,19494,34,,,1,28,,19495,34,,,1,70,,19496,34,,,1,30,,19497,34,,,1,70,,19498,34,,,1,30,,19499,34,,,1,70,,19500,34,,,1,30,,19501,34,,,1,70,,19502,34,,,1,30,,19503,34,,,1,70,,19504,34,,,1,30,,19505,34,,,1,70,,19506,34,,,1
20101,'201-Sunday-10000001',759,,19510,34,,,1,70,,19511,34,,,1,30,,19512,34,,,1,70,,19513,34,,,1,30,,19514,34,,,1,71,,19515,34,,,1,71,,19516,34,,,1,30,,19517,34,,,1,70,,19518,34,,,1,30,,19519,34,,,1,70,,19509,34,,,1,30,,19520,34,,,1,70,,19521,34,,,1,30,,19522,34,,,1,70,,19523,34,,,1,30,,19524,34,,,1,70,,19525,34,,,1,30,,19526,34,,,1,70,,19527,34,,,1,30,,19528,34,,,1,70,,19529,34,,,1,29,,19530,34,,,1,29,,19531,34,,,1,70,,19532,34,,,1,30,,19533,34,,,1,70,,19534,34,,,1,30,,19535,34,,,1,70,,19536,34,,,1,30,,19537,34,,,1,70,,19538,34,,,1,30,,19539,34,,,1,70,,19540,34,,,1,30,,19541,34,,,1,70,,19542,34,,,1,30,,19543,34,,,1
20101,'201-Weekday-11111100',613,,19619,34,,,1,30,,19620,34,,,1,15,,19577,34,,,1,55,,19580,34,,,1,18,,19578,34,,,1,7,,19618,18,,,1,11,,19581,34,,,1,7,,19617,18,,,1,50,,19575,34,,,1,10,,19582,34,,,1,10,,19605,34,,,1,10,,19574,34,,,1,10,,19583,34,,,1,10,,19606,34,,,1,50,,19544,34,,,1,10,,19584,34,,,1,10,,19607,34,,,1,10,,19579,34,,,1,9,,19585,34,,,1,10,,19608,34,,,1,49,,19576,34,,,1,10,,19586,34,,,1,10,,19609,34,,,1,12,,19545,34,,,1,10,,19587,34,,,1,10,,19622,34,,,1,50,,19546,34,,,1,10,,19588,34,,,1,10,,19623,34,,,1,10,,19547,34,,,1,10,,19589,34,,,1,10,,19624,34,,,1,50,,19548,34,,,1,10,,19590,34,,,1,10,,19625,34,,,1,10,,19549,34,,,1,10,,19591,34,,,1,10,,19626,34,,,1,50,,19550,34,,,1,10,,19592,34,,,1,10,,19627,34,,,1,10,,19551,34,,,1,10,,19593,34,,,1,10,,19628,34,,,1,50,,19552,34,,,1,10,,19594,34,,,1,10,,19629,34,,,1,10,,19553,34,,,1,12,,19595,34,,,1,10,,19630,34,,,1,54,,19554,34,,,1,11,,19631,34,,,1,10,,19596,34,,,1,10,,19555,34,,,1,10,,19597,34,,,1,50,,19610,34,,,1,10,,19556,34,,,1,10,,19598,34,,,1,10,,19611,34,,,1,10,,19557,34,,,1,10,,19599,34,,,1,50,,19612,34,,,1,10,,19562,34,,,1,10,,19600,34,,,1,10,,19614,34,,,1,10,,19558,34,,,1,10,,19601,34,,,1,50,,19613,34,,,1,9,,19559,34,,,1,9,,19602,34,,,1,8,,19615,34,,,1,8,,19560,34,,,1,10,,19603,34,,,1,9,,19616,34,,,1,49,,19561,34,,,1,15,,19563,34,,,1,15,,19632,34,,,1,15,,19564,34,,,1,55,,19633,34,,,1,15,,19565,34,,,1,15,,19634,34,,,1,15,,19566,34,,,1,55,,19635,34,,,1,15,,19567,34,,,1,15,,19636,34,,,1,15,,19568,34,,,1,55,,19637,34,,,1,14,,19569,34,,,1,13,,19638,34,,,1,13,,19570,34,,,1,83,,19571,34,,,1,30,,19572,34,,,1,75,,19573,34,,,1,70,,19621,34,,,1
20300,'203-Weekday-11111100',643,,20037,29,,,1,69,,20038,29,,,1,33,,20039,29,,,1,70,,20040,29,,,1,30,,20068,29,,,1,70,,20041,29,,,1,31,,20065,29,,,1,68,,20064,29,,,1,30,,20069,29,,,1,70,,20063,29,,,1,30,,20062,29,,,1,70,,20061,29,,,1,30,,20070,29,,,1,70,,20060,29,,,1,30,,20059,29,,,1,70,,20058,29,,,1,30,,20057,29,,,1,75,,20066,29,,,1,30,,20042,29,,,1,70,,20043,29,,,1,30,,20044,29,,,1,70,,20045,29,,,1,30,,20046,29,,,1,68,,20047,29,,,1,23,,20048,29,,,1,70,,20049,29,,,1,30,,20050,29,,,1,70,,20051,29,,,1,30,,20052,29,,,1,70,,20053,29,,,1,30,,20054,29,,,1,69,,20055,29,,,1,30,,20056,29,,,1,70,,20067,29,,,1
