5301,'53-Holiday1-10000001',846,,28112,2,,,1,100,,28113,2,,,1,100,,28114,2,,,1,100,,28115,2,,,1,100,,28116,2,,,1,100,,28117,2,,,1,100,,28118,2,,,1,100,,28119,2,,,1,100,,28120,2,,,1,100,,28121,2,,,1,100,,28122,2,,,1,100,,28123,2,,,1,100,,28124,2,,,1,100,,28125,2,,,1,100,,28126,2,,,1
5301,'53-Saturday-10000010',646,,28155,2,,,1,70,,28128,2,,,1,30,,28129,2,,,1,70,,28130,2,,,1,30,,28131,2,,,1,70,,28132,2,,,1,30,,28133,2,,,1,70,,28134,2,,,1,30,,28135,2,,,1,70,,28136,2,,,1,30,,28137,2,,,1,70,,28138,2,,,1,30,,28139,2,,,1,70,,28140,2,,,1,30,,28141,2,,,1,70,,28142,2,,,1,30,,28143,2,,,1,70,,28144,2,,,1,30,,28145,2,,,1,70,,28146,2,,,1,30,,28147,2,,,1,70,,28148,2,,,1,30,,28149,2,,,1,70,,28150,2,,,1,30,,28151,2,,,1,100,,28152,2,,,1,100,,28153,2,,,1,100,,28154,2,,,1,100,,28127,2,,,1,155,,28156,2,,,1
5301,'53-Sunday-10000001',816,,28157,2,,,1,100,,28158,2,,,1,100,,28159,2,,,1,30,,28160,2,,,1,70,,28161,2,,,1,30,,28162,2,,,1,70,,28163,2,,,1,30,,28164,2,,,1,70,,28165,2,,,1,30,,28166,2,,,1,70,,28167,2,,,1,30,,28168,2,,,1,70,,28169,2,,,1,30,,28170,2,,,1,70,,28171,2,,,1,30,,28172,2,,,1,70,,28173,2,,,1,30,,28174,2,,,1,100,,28175,2,,,1,100,,28176,2,,,1,100,,28177,2,,,1,100,,28178,2,,,1,100,,28179,2,,,1
5301,'53-Weekday-11111100',531,,28201,2,,,1,70,,28202,2,,,1,30,,28203,2,,,1,70,,28204,2,,,1,30,,28205,2,,,1,70,,28206,2,,,1,30,,28180,2,,,1,70,,28181,2,,,1,30,,28182,2,,,1,70,,28183,2,,,1,30,,28184,2,,,1,70,,28185,2,,,1,30,,28186,2,,,1,70,,28187,2,,,1,30,,28188,2,,,1,70,,28189,2,,,1,30,,28216,2,,,1,70,,28211,2,,,1,25,,28210,2,,,1,25,,28209,2,,,1,70,,28208,2,,,1,30,,28207,2,,,1,70,,28214,2,,,1,30,,28215,2,,,1,70,,28190,2,,,1,30,,28191,2,,,1,80,,28192,2,,,1,70,,28193,2,,,1,30,,28194,2,,,1,70,,28195,2,,,1,30,,28196,2,,,1,70,,28197,2,,,1,30,,28213,2,,,1,70,,28212,2,,,1,30,,28198,2,,,1,70,,28199,2,,,1,30,,28200,2,,,1
5801,'58-Holiday1-11111111',801,,28852,2,,,1,100,,28851,2,,,1,100,,28850,2,,,1,100,,28853,2,,,1,100,,28854,2,,,1,100,,28855,2,,,1,100,,28856,2,,,1,100,,28857,2,,,1,100,,28858,2,,,1,100,,28859,2,,,1,100,,28860,2,,,1,100,,28865,2,,,1,100,,28864,2,,,1,100,,28863,2,,,1,100,,28862,2,,,1,100,,28861,2,,,1
5801,'58-Saturday-10000010',631,,28873,2,,,1,70,,28872,2,,,1,30,,28871,2,,,1,70,,28870,2,,,1,30,,28869,2,,,1,70,,28868,2,,,1,30,,28867,2,,,1,70,,28866,2,,,1,30,,28889,2,,,1,70,,28888,2,,,1,30,,28887,2,,,1,70,,28886,2,,,1,30,,28885,2,,,1,70,,28884,2,,,1,30,,28883,2,,,1,70,,28882,2,,,1,30,,28881,2,,,1,70,,28880,2,,,1,30,,28879,2,,,1,70,,28878,2,,,1,30,,28877,2,,,1,70,,28876,2,,,1,30,,28875,2,,,1,70,,28874,2,,,1,100,,28891,2,,,1,100,,28893,2,,,1,100,,28894,2,,,1,100,,28892,2,,,1,100,,28890,2,,,1
5801,'58-Sunday-10000001',831,,28897,2,,,1,100,,28896,2,,,1,100,,28895,2,,,1,70,,28898,2,,,1,30,,28912,2,,,1,70,,28911,2,,,1,30,,28910,2,,,1,70,,28909,2,,,1,30,,28908,2,,,1,70,,28907,2,,,1,30,,28906,2,,,1,70,,28905,2,,,1,30,,28904,2,,,1,70,,28903,2,,,1,30,,28902,2,,,1,70,,28901,2,,,1,30,,28900,2,,,1,70,,28899,2,,,1,100,,28917,2,,,1,100,,28916,2,,,1,100,,28915,2,,,1,100,,28914,2,,,1,100,,28913,2,,,1
5801,'58-Weekday-11111100',536,,28921,2,,,1,70,,28920,2,,,1,30,,28919,2,,,1,70,,28918,2,,,1,30,,28934,2,,,1,70,,28933,2,,,1,30,,28932,2,,,1,70,,28931,2,,,1,30,,28930,2,,,1,70,,28929,2,,,1,30,,28928,2,,,1,70,,28927,2,,,1,30,,28926,2,,,1,70,,28925,2,,,1,30,,28924,2,,,1,70,,28923,2,,,1,30,,28922,2,,,1,70,,28940,2,,,1,35,,28939,2,,,1,70,,28952,2,,,1,30,,28938,2,,,1,70,,28937,2,,,1,30,,28936,2,,,1,70,,28951,2,,,1,30,,28953,2,,,1,70,,28935,2,,,1,20,,28950,2,,,1,70,,28949,2,,,1,30,,28948,2,,,1,70,,28947,2,,,1,30,,28946,2,,,1,70,,28945,2,,,1,30,,28944,2,,,1,25,,28943,2,,,1,70,,28942,2,,,1,30,,28941,2,,,1
6500,'65-Holiday1-10000001',846,,29587,2,,,1,85,,29588,2,,,1,85,,29589,2,,,1,85,,29590,2,,,1,45,,29591,2,,,1,85,,29592,2,,,1,85,,29593,2,,,1,85,,29594,2,,,1,45,,29595,2,,,1,85,,29596,2,,,1,85,,29597,2,,,1,85,,29598,2,,,1,45,,29599,2,,,1,85,,29600,2,,,1,85,,29601,2,,,1,85,,29602,2,,,1,45,,29603,2,,,1,85,,29604,2,,,1
6500,'65-Saturday-10000010',716,,29605,2,,,1,30,,29606,2,,,1,70,,29607,2,,,1,30,,29608,2,,,1,70,,29609,2,,,1,30,,29610,2,,,1,70,,29611,2,,,1,30,,29612,2,,,1,70,,29613,2,,,1,30,,29614,2,,,1,70,,29615,2,,,1,30,,29616,2,,,1,70,,29617,2,,,1,30,,29618,2,,,1,70,,29619,2,,,1,30,,29620,2,,,1,70,,29621,2,,,1,30,,29622,2,,,1,70,,29623,2,,,1,30,,29624,2,,,1,70,,29625,2,,,1,30,,29626,2,,,1,70,,29627,2,,,1,85,,29628,2,,,1,45,,29629,2,,,1,85,,29630,2,,,1,85,,29631,2,,,1,85,,29632,2,,,1,45,,29633,2,,,1,85,,29634,2,,,1
6500,'65-Sunday-10000001',846,,29635,2,,,1,70,,29667,2,,,1,30,,29636,2,,,1,70,,29637,2,,,1,30,,29638,2,,,1,70,,29639,2,,,1,30,,29640,2,,,1,70,,29641,2,,,1,30,,29642,2,,,1,70,,29643,2,,,1,30,,29644,2,,,1,70,,29645,2,,,1,30,,29646,2,,,1,70,,29647,2,,,1,30,,29648,2,,,1,70,,29649,2,,,1,30,,29650,2,,,1,70,,29651,2,,,1,30,,29652,2,,,1,70,,29653,2,,,1,85,,29654,2,,,1,45,,29655,2,,,1,85,,29656,2,,,1,85,,29657,2,,,1,85,,29658,2,,,1
6500,'65-Weekday-11111100',616,,29668,2,,,1,30,,29669,2,,,1,70,,29670,2,,,1,30,,29671,2,,,1,70,,29672,2,,,1,30,,29673,2,,,1,70,,29674,2,,,1,30,,29675,2,,,1,70,,29676,2,,,1,30,,29677,2,,,1,70,,29678,2,,,1,30,,29679,2,,,1,70,,29680,2,,,1,30,,29681,2,,,1,70,,29682,2,,,1,30,,29683,2,,,1,75,,29684,2,,,1,30,,29685,2,,,1,70,,29686,2,,,1,30,,29687,2,,,1,70,,29688,2,,,1,30,,29689,2,,,1,70,,29690,2,,,1,30,,29691,2,,,1,65,,29692,2,,,1,30,,29693,2,,,1,70,,29694,2,,,1,30,,29695,2,,,1,70,,29696,2,,,1,30,,29697,2,,,1,70,,29698,2,,,1,30,,29699,2,,,1,70,,29700,2,,,1,30,,29701,2,,,1,70,,29702,2,,,1,30,,29703,2,,,1
6700,'67-Weekday-11111100',606,,29828,2,,,1,30,,29829,2,,,1,70,,29830,2,,,1,30,,29831,2,,,1,70,,29836,2,,,1,30,,29834,2,,,1,565,,29839,2,,,1,30,,29835,2,,,1,70,,29840,2,,,1,30,,29824,2,,,1,70,,29838,2,,,1,30,,29825,2,,,1,70,,29826,2,,,1,30,,29827,2,,,1,475,,29833,2,,,1,30,,29837,2,,,1,70,,29832,2,,,1
