101,'1-Holiday1-10000001',824,,11053,24,,,1,100,,11054,24,,,1,30,,11055,24,,,1,72,,11056,24,,,1,30,,11057,24,,,1,70,,11058,24,,,1,30,,11059,24,,,1,70,,11060,24,,,1,30,,11061,24,,,1,70,,11062,24,,,1,30,,11063,24,,,1,70,,11064,24,,,1,30,,11065,24,,,1,70,,11066,24,,,1,30,,11067,24,,,1,70,,11068,24,,,1,30,,11069,24,,,1,70,,11070,24,,,1,30,,11071,24,,,1,68,,11072,24,,,1,100,,11073,24,,,1,100,,11074,24,,,1,100,,11075,24,,,1,100,,11076,24,,,1,100,,11077,24,,,1,100,,11078,24,,,1
101,'1-Saturday-10000010',624,,11079,24,,,1,30,,11080,24,,,1,70,,11081,24,,,1,30,,11082,24,,,1,70,,11083,24,,,1,30,,11084,24,,,1,72,,11085,24,,,1,30,,11086,24,,,1,70,,11087,24,,,1,30,,11088,24,,,1,70,,11089,24,,,1,30,,11090,24,,,1,70,,11091,24,,,1,30,,11092,24,,,1,70,,11093,24,,,1,30,,11094,24,,,1,70,,11095,24,,,1,30,,11096,24,,,1,70,,11097,24,,,1,30,,11098,24,,,1,70,,11099,24,,,1,30,,11100,24,,,1,70,,11101,24,,,1,30,,11102,24,,,1,68,,11103,24,,,1,30,,11104,24,,,1,70,,11105,24,,,1,30,,11106,24,,,1,70,,11107,24,,,1,30,,11108,24,,,1,70,,11109,24,,,1,30,,11110,24,,,1,70,,11111,24,,,1,30,,11112,24,,,1,70,,11113,24,,,1,100,,11114,24,,,1
101,'1-Sunday-10000001',824,,11115,24,,,1,100,,11116,24,,,1,30,,11117,24,,,1,72,,11118,24,,,1,30,,11119,24,,,1,70,,11120,24,,,1,30,,11121,24,,,1,70,,11122,24,,,1,30,,11123,24,,,1,70,,11124,24,,,1,30,,11125,24,,,1,70,,11126,24,,,1,30,,11127,24,,,1,70,,11128,24,,,1,30,,11129,24,,,1,70,,11130,24,,,1,30,,11131,24,,,1,70,,11132,24,,,1,30,,11133,24,,,1,68,,11134,24,,,1,100,,11135,24,,,1,100,,11136,24,,,1,100,,11137,24,,,1,100,,11138,24,,,1,100,,11139,24,,,1,100,,11140,24,,,1
101,'1-Weekday-11111100',609,,11177,24,,,1,15,,11175,24,,,1,15,,11179,14,,,1,15,,11176,24,,,1,56,,11178,14,,,1,16,,11141,24,,,1,30,,11142,24,,,1,70,,11143,24,,,1,30,,11144,24,,,1,70,,11145,24,,,1,30,,11146,24,,,1,70,,11155,24,,,1,30,,11156,24,,,1,70,,11157,24,,,1,30,,11158,24,,,1,70,,11159,24,,,1,30,,11160,24,,,1,70,,11161,24,,,1,30,,11162,24,,,1,70,,11163,24,,,1,31,,11147,24,,,1,70,,11148,24,,,1,30,,11149,24,,,1,70,,11150,24,,,1,30,,11151,24,,,1,70,,11152,24,,,1,30,,11153,24,,,1,69,,11154,24,,,1,30,,11164,24,,,1,70,,11165,24,,,1,30,,11166,24,,,1,70,,11167,24,,,1,30,,11168,24,,,1,70,,11169,24,,,1,30,,11170,24,,,1,68,,11171,24,,,1,30,,11172,24,,,1,70,,11173,24,,,1,100,,11174,24,,,1
9100,'91-Saturday-10000010',2400,,19222,1,0,25 26 27,1,30,,19223,1,0,25 26 27,1,70,,19224,1,0,25 26 27,1,30,,19225,1,0,25 26 27,1,70,,19226,1,0,25 26 27,1
9100,'91-Weekday-10001100',2400,,19227,1,0,25 26 27,1,30,,19228,1,0,25 26 27,1,70,,19229,1,0,25 26 27,1,30,,19230,1,0,25 26 27,1,70,,19231,1,0,25 26 27,1
9101,'91-Saturday-10000010',2500,,19232,23,4,,1,30,,19233,23,4,,1,70,,19234,23,4,,1
9101,'91-Weekday-10001100',2500,,19235,23,4,,1,30,,19236,23,4,,1,70,,19237,23,4,,1
20401,'204-Holiday1-10000001',746,,20320,15,,,1,70,,20321,15,,,1,30,,20322,15,,,1,70,,20323,15,,,1,30,,20324,15,,,1,70,,20319,15,,,1,30,,20325,15,,,1,70,,20326,15,,,1,30,,20327,15,,,1,70,,20328,15,,,1,30,,20329,15,,,1,70,,20330,15,,,1,30,,20331,15,,,1,70,,20332,15,,,1,30,,20333,15,,,1,70,,20334,15,,,1,30,,20335,15,,,1,70,,20336,15,,,1,30,,20337,15,,,1,70,,20338,15,,,1,30,,20339,15,,,1,70,,20340,15,,,1,30,,20341,15,,,1,70,,20342,15,,,1,30,,20343,15,,,1,70,,20344,15,,,1,30,,20345,15,,,1,70,,20346,15,,,1,30,,20347,15,,,1,70,,20348,15,,,1,30,,20349,15,,,1,70,,20350,15,,,1,30,,20351,15,,,1
20401,'204-Saturday-10000010',646,,20386,15,,,1,70,,20352,15,,,1,30,,20353,15,,,1,70,,20354,15,,,1,30,,20355,15,,,1,70,,20356,15,,,1,30,,20357,15,,,1,70,,20385,15,,,1,30,,20358,15,,,1,70,,20359,15,,,1,30,,20360,15,,,1,70,,20361,15,,,1,30,,20362,15,,,1,70,,20363,15,,,1,30,,20364,15,,,1,70,,20365,15,,,1,30,,20366,15,,,1,70,,20367,15,,,1,30,,20368,15,,,1,70,,20369,15,,,1,30,,20370,15,,,1,70,,20371,15,,,1,30,,20372,15,,,1,70,,20373,15,,,1,30,,20374,15,,,1,70,,20375,15,,,1,30,,20376,15,,,1,70,,20377,15,,,1,30,,20378,15,,,1,70,,20379,15,,,1,30,,20380,15,,,1,70,,20381,15,,,1,30,,20382,15,,,1,70,,20383,15,,,1,30,,20384,15,,,1
20401,'204-Sunday-10000001',744,,20388,15,,,1,70,,20389,15,,,1,30,,20390,15,,,1,70,,20391,15,,,1,30,,20392,15,,,1,70,,20387,15,,,1,34,,20393,15,,,1,70,,20394,15,,,1,30,,20395,15,,,1,70,,20396,15,,,1,30,,20397,15,,,1,70,,20398,15,,,1,30,,20399,15,,,1,70,,20400,15,,,1,30,,20401,15,,,1,70,,20402,15,,,1,30,,20403,15,,,1,70,,20404,15,,,1,30,,20405,15,,,1,70,,20406,15,,,1,30,,20407,15,,,1,70,,20408,15,,,1,27,,20409,15,,,1,70,,20410,15,,,1,30,,20411,15,,,1,70,,20412,15,,,1,30,,20413,15,,,1,70,,20414,15,,,1,30,,20415,15,,,1,70,,20416,15,,,1,30,,20417,15,,,1,70,,20418,15,,,1,30,,20419,15,,,1
20401,'204-Weekday-11111100',611,,20477,15,,,1,31,,20471,15,,,1,71,,20420,15,,,1,16,,20478,15,,,1,15,,20472,15,,,1,15,,20421,15,,,1,55,,20473,15,,,1,15,,20422,15,,,1,15,,20423,15,,,1,15,,20424,15,,,1,55,,20425,15,,,1,15,,20426,15,,,1,15,,20427,15,,,1,15,,20428,15,,,1,59,,20429,15,,,1,15,,20430,15,,,1,15,,20431,15,,,1,55,,20432,15,,,1,15,,20433,15,,,1,15,,20434,15,,,1,15,,20435,15,,,1,55,,20436,15,,,1,15,,20437,15,,,1,15,,20438,15,,,1,15,,20439,15,,,1,55,,20440,15,,,1,15,,20441,15,,,1,15,,20442,15,,,1,15,,20443,15,,,1,55,,20444,15,,,1,15,,20445,15,,,1,15,,20446,15,,,1,16,,20447,15,,,1,56,,20448,15,,,1,10,,20476,15,,,1,13,,20449,15,,,1,20,,20450,15,,,1,55,,20451,15,,,1,15,,20452,15,,,1,15,,20453,15,,,1,15,,20454,15,,,1,55,,20455,15,,,1,15,,20456,15,,,1,15,,20457,15,,,1,15,,20475,15,,,1,55,,20458,15,,,1,13,,20459,15,,,1,14,,20460,15,,,1,27,,20474,15,,,1,50,,20461,15,,,1,40,,20462,15,,,1,70,,20463,15,,,1,30,,20464,15,,,1,70,,20465,15,,,1,30,,20466,15,,,1,69,,20467,15,,,1,28,,20468,15,,,1,70,,20469,15,,,1,30,,20470,15,,,1
