1000,'10-Weekday-11111100',717,,23985,3,0,36 7,1,30,,23961,3,0,36 7,1,70,,23962,3,0,36 7,1,30,,23963,3,0,36 7,1,70,,23964,3,0,36 7,1,30,,23965,3,0,36 7,1,70,,23966,3,0,36 7,1,30,,23967,3,0,36 7,1,70,,23968,3,0,36 7,1,30,,23969,3,0,36 7,1,70,,23970,3,0,36 7,1,30,,23971,3,0,36 7,1,70,,23972,3,0,36 7,1,30,,23973,3,0,36 7,1,70,,23953,3,0,36 7,1,30,,23954,3,0,36 7,1,70,,23955,3,0,36 7,1,30,,23956,3,0,36 7,1,70,,23957,3,0,36 7,1,30,,23958,3,0,36 7,1,70,,23959,3,0,36 7,1,30,,23960,3,0,36 7,1,70,,23984,3,0,36 7,1
1600,'16-Holiday1-10000001',832,,24756,3,,,1,100,,24757,3,,,1,100,,24758,3,,,1,100,,24759,3,,,1,100,,24760,3,,,1,100,,24761,3,,,1,100,,24762,3,,,1,100,,24763,3,,,1,100,,24764,3,,,1,100,,24765,3,,,1,100,,24766,3,,,1,100,,24767,3,,,1,100,,24768,3,,,1,100,,24769,3,,,1,100,,24770,3,,,1,100,,24771,3,,,1
1600,'16-Saturday-10000010',702,,24806,3,,,1,30,,24773,3,,,1,70,,24774,3,,,1,30,,24775,3,,,1,70,,24776,3,,,1,30,,24777,3,,,1,70,,24778,3,,,1,30,,24779,3,,,1,70,,24780,3,,,1,30,,24781,3,,,1,70,,24782,3,,,1,30,,24783,3,,,1,70,,24784,3,,,1,30,,24785,3,,,1,70,,24786,3,,,1,30,,24787,3,,,1,70,,24788,3,,,1,30,,24789,3,,,1,70,,24790,3,,,1,30,,24791,3,,,1,70,,24792,3,,,1,30,,24793,3,,,1,70,,24794,3,,,1,30,,24795,3,,,1,70,,24796,3,,,1,30,,24797,3,,,1,70,,24798,3,,,1,30,,24799,3,,,1,70,,24800,3,,,1,30,,24801,3,,,1,70,,24802,3,,,1,30,,24803,3,,,1,70,,24804,3,,,1,30,,24805,3,,,1
1600,'16-Sunday-10000001',802,,24809,3,,,1,30,,24810,3,,,1,70,,24811,3,,,1,30,,24812,3,,,1,70,,24813,3,,,1,30,,24814,3,,,1,70,,24815,3,,,1,30,,24816,3,,,1,70,,24817,3,,,1,30,,24818,3,,,1,70,,24819,3,,,1,30,,24820,3,,,1,70,,24821,3,,,1,30,,24822,3,,,1,70,,24823,3,,,1,30,,24824,3,,,1,70,,24825,3,,,1,30,,24826,3,,,1,70,,24827,3,,,1,30,,24828,3,,,1,70,,24829,3,,,1,30,,24830,3,,,1,70,,24831,3,,,1,30,,24832,3,,,1,70,,24833,3,,,1,30,,24834,3,,,1,70,,24835,3,,,1,30,,24836,3,,,1,70,,24837,3,,,1,30,,24838,3,,,1,70,,24839,3,,,1,30,,24840,3,,,1
1600,'16-Weekday-11111100',557,,24879,3,,,1,70,,24878,3,,,1,15,,24881,3,,,1,15,,24842,3,,,1,55,,24882,3,,,1,15,,24843,3,,,1,15,,24883,3,,,1,15,,24844,3,,,1,55,,24884,3,,,1,15,,24845,3,,,1,15,,24909,3,,,1,15,,24846,3,,,1,55,,24904,3,,,1,15,,24847,3,,,1,16,,24905,3,,,1,15,,24848,3,,,1,55,,24906,3,,,1,15,,24849,3,,,1,15,,24907,3,,,1,15,,24850,3,,,1,55,,24908,3,,,1,15,,24851,3,,,1,15,,24900,3,,,1,15,,24852,3,,,1,55,,24903,3,,,1,15,,24853,3,,,1,15,,24902,3,,,1,15,,24854,3,,,1,55,,24901,3,,,1,15,,24855,3,,,1,15,,24899,3,,,1,15,,24856,3,,,1,55,,24898,3,,,1,15,,24857,3,,,1,15,,24885,3,,,1,15,,24858,3,,,1,55,,24886,3,,,1,15,,24859,3,,,1,15,,24887,3,,,1,15,,24860,3,,,1,55,,24888,3,,,1,15,,24861,3,,,1,15,,24889,3,,,1,15,,24862,3,,,1,55,,24890,3,,,1,15,,24863,3,,,1,15,,24891,3,,,1,15,,24864,3,,,1,55,,24865,3,,,1,15,,24892,3,,,1,15,,24866,3,,,1,15,,24893,3,,,1,55,,24867,3,,,1,15,,24894,3,,,1,15,,24868,3,,,1,15,,24895,3,,,1,55,,24869,3,,,1,15,,24896,3,,,1,15,,24870,3,,,1,15,,24897,3,,,1,55,,24871,3,,,1,15,,24910,3,,,1,15,,24872,3,,,1,59,,24873,3,,,1,30,,24874,3,,,1,70,,24875,3,,,1
3601,'36-Saturday-10000010',717,,27355,3,,,1,30,,27367,3,,,1,70,,27356,3,,,1,30,,27368,3,,,1,70,,27357,3,,,1,30,,27369,3,,,1,70,,27358,3,,,1,30,,27370,3,,,1,70,,27359,3,,,1,30,,27371,3,,,1,70,,27360,3,,,1,30,,27372,3,,,1,70,,27361,3,,,1,30,,27373,3,,,1,70,,27362,3,,,1,30,,27374,3,,,1,70,,27363,3,,,1,30,,27375,3,,,1,70,,27364,3,,,1,30,,27376,3,,,1,70,,27365,3,,,1,30,,27377,3,,,1,70,,27366,3,,,1,30,,27378,3,,,1,70,,27379,3,,,1
3601,'36-Sunday-10000001',817,,27380,3,,,1,30,,27381,3,,,1,70,,27382,3,,,1,30,,27383,3,,,1,70,,27384,3,,,1,35,,27385,3,,,1,70,,27386,3,,,1,30,,27387,3,,,1,70,,27388,3,,,1,30,,27389,3,,,1,70,,27390,3,,,1,30,,27391,3,,,1,70,,27392,3,,,1,30,,27393,3,,,1,70,,27394,3,,,1,30,,27395,3,,,1,70,,27396,3,,,1,30,,27397,3,,,1,70,,27398,3,,,1,25,,27399,3,,,1,70,,27400,3,,,1,30,,27401,3,,,1
3601,'36-Weekday-11111100',702,,27426,3,,,1,30,,27402,3,,,1,70,,27403,3,,,1,30,,27404,3,,,1,70,,27405,3,,,1,30,,27406,3,,,1,70,,27407,3,,,1,30,,27408,3,,,1,70,,27409,3,,,1,30,,27410,3,,,1,70,,27411,3,,,1,30,,27412,3,,,1,70,,27413,3,,,1,30,,27414,3,,,1,70,,27415,3,,,1,30,,27416,3,,,1,70,,27417,3,,,1,30,,27418,3,,,1,70,,27419,3,,,1,30,,27420,3,,,1,70,,27421,3,,,1,30,,27422,3,,,1,70,,27423,3,,,1,30,,27424,3,,,1,70,,27425,3,,,1,30,,27427,3,,,1,70,,27428,3,,,1,30,,27429,3,,,1,70,,27430,3,,,1,30,,27431,3,,,1,70,,27432,3,,,1,30,,27433,3,,,1
5700,'57-Saturday-10000010',702,,28667,3,,,1,100,,28655,3,,,1,100,,28656,3,,,1,100,,28657,3,,,1,100,,28658,3,,,1,100,,28659,3,,,1,100,,28660,3,,,1,100,,28661,3,,,1,100,,28662,3,,,1,100,,28663,3,,,1,100,,28664,3,,,1,100,,28665,3,,,1,100,,28666,3,,,1
5700,'57-Weekday-11111100',633,,28669,3,,,1,70,,28695,3,,,1,30,,28670,3,,,1,70,,28671,3,,,1,30,,28672,3,,,1,70,,28673,3,,,1,30,,28674,3,,,1,70,,28675,3,,,1,30,,28676,3,,,1,70,,28677,3,,,1,30,,28678,3,,,1,70,,28679,3,,,1,30,,28680,3,,,1,70,,28681,3,,,1,30,,28682,3,,,1,70,,28683,3,,,1,35,,28685,3,,,1,70,,28686,3,,,1,30,,28687,3,,,1,70,,28688,3,,,1,30,,28689,3,,,1,70,,28690,3,,,1,30,,28691,3,,,1,70,,28684,3,,,1,25,,28696,3,,,1,70,,28692,3,,,1,30,,28697,3,,,1,70,,28693,3,,,1,30,,28698,3,,,1,70,,28694,3,,,1,30,,28700,3,,,1,70,,28699,3,,,1,30,,28701,3,,,1
6100,'61-Holiday1-11111111',824,,29094,3,,,1,30,,29066,3,,,1,70,,29067,3,,,1,30,,29068,3,,,1,70,,29069,3,,,1,30,,29070,3,,,1,70,,29071,3,,,1,30,,29072,3,,,1,70,,29073,3,,,1,30,,29074,3,,,1,70,,29075,3,,,1,30,,29076,3,,,1,70,,29077,3,,,1,30,,29078,3,,,1,70,,29079,3,,,1,30,,29080,3,,,1,70,,29081,3,,,1,30,,29082,3,,,1,70,,29083,3,,,1,30,,29084,3,,,1,65,,29085,3,,,1,30,,29086,3,,,1,70,,29087,3,,,1,30,,29088,3,,,1,70,,29089,3,,,1,30,,29090,3,,,1,70,,29091,3,,,1,30,,29092,3,,,1,70,,29093,3,,,1
6100,'61-Saturday-10000010',722,,29119,3,,,1,30,,29120,3,,,1,70,,29121,3,,,1,30,,29122,3,,,1,70,,29123,3,,,1,30,,29124,3,,,1,70,,29126,3,,,1,30,,29125,3,,,1,70,,29105,3,,,1,30,,29106,3,,,1,70,,29107,3,,,1,30,,29108,3,,,1,70,,29109,3,,,1,30,,29110,3,,,1,70,,29111,3,,,1,30,,29112,3,,,1,70,,29113,3,,,1,30,,29114,3,,,1,70,,29115,3,,,1,30,,29116,3,,,1,70,,29117,3,,,1,30,,29118,3,,,1,71,,29096,3,,,1,30,,29097,3,,,1,70,,29098,3,,,1,30,,29099,3,,,1,70,,29100,3,,,1,30,,29101,3,,,1,70,,29102,3,,,1,30,,29127,3,,,1,70,,29103,3,,,1,30,,29104,3,,,1,70,,29128,3,,,1
6100,'61-Sunday-10000001',824,,29134,3,,,1,30,,29133,3,,,1,70,,29132,3,,,1,30,,29131,3,,,1,70,,29130,3,,,1,30,,29129,3,,,1,70,,29143,3,,,1,30,,29142,3,,,1,70,,29141,3,,,1,30,,29140,3,,,1,70,,29139,3,,,1,30,,29138,3,,,1,70,,29137,3,,,1,30,,29136,3,,,1,70,,29135,3,,,1,30,,29157,3,,,1,70,,29155,3,,,1,30,,29156,3,,,1,70,,29154,3,,,1,30,,29153,3,,,1,65,,29152,3,,,1,30,,29151,3,,,1,70,,29150,3,,,1,30,,29148,3,,,1,70,,29147,3,,,1,30,,29146,3,,,1,70,,29145,3,,,1,30,,29144,3,,,1,70,,29149,3,,,1
6100,'61-Weekday-11111100',623,,29170,3,,,1,30,,29171,3,,,1,70,,29178,3,,,1,15,,29192,3,,,1,15,,29179,3,,,1,55,,29193,3,,,1,15,,29175,3,,,1,15,,29194,3,,,1,15,,29172,3,,,1,55,,29195,3,,,1,15,,29174,3,,,1,15,,29196,3,,,1,15,,29173,3,,,1,70,,29180,3,,,1,30,,29158,3,,,1,70,,29181,3,,,1,30,,29182,3,,,1,70,,29159,3,,,1,30,,29160,3,,,1,70,,29161,3,,,1,30,,29205,3,,,1,70,,29162,3,,,1,30,,29163,3,,,1,55,,29197,3,,,1,15,,29164,3,,,1,15,,29198,3,,,1,15,,29165,3,,,1,55,,29199,3,,,1,15,,29166,3,,,1,15,,29200,3,,,1,15,,29167,3,,,1,55,,29201,3,,,1,15,,29168,3,,,1,15,,29202,3,,,1,15,,29169,3,,,1,55,,29203,3,,,1,15,,29177,3,,,1,15,,29204,3,,,1,15,,29176,3,,,1,70,,29190,3,,,1,30,,29189,3,,,1,70,,29188,3,,,1,30,,29187,3,,,1,70,,29186,3,,,1,30,,29206,3,,,1,70,,29185,3,,,1,30,,29184,3,,,1,70,,29183,3,,,1
7600,'76-Weekday-11111100',647,,29859,3,,,1,70,,29860,3,,,1,30,,29861,3,,,1,70,,29862,3,,,1,30,,29863,3,,,1,70,,29864,3,,,1,30,,29865,3,,,1,470,,29866,3,,,1,30,,29867,3,,,1,70,,29868,3,,,1,30,,29869,3,,,1,70,,29870,3,,,1,30,,29871,3,,,1,70,,29872,3,,,1,30,,29873,3,,,1,70,,29874,3,,,1,30,,29875,3,,,1
20100,'201-Holiday1-10000001',647,,29968,2,,,1,70,,29969,2,,,1,30,,29970,2,,,1,70,,29971,2,,,1,30,,29972,2,,,1,70,,29973,2,,,1,30,,29974,2,,,1,70,,29975,2,,,1,30,,29967,2,,,1,70,,29976,2,,,1,30,,29977,2,,,1,70,,29978,2,,,1,30,,29979,2,,,1,70,,29980,2,,,1,30,,29981,2,,,1,70,,29982,2,,,1,30,,29983,2,,,1,70,,29984,2,,,1,30,,29985,2,,,1,70,,29986,2,,,1,30,,29987,2,,,1,70,,29988,2,,,1,30,,29989,2,,,1,70,,29990,2,,,1,30,,29991,2,,,1,70,,29992,2,,,1,30,,29993,2,,,1,70,,29994,2,,,1,30,,29995,2,,,1,70,,29996,2,,,1,30,,29997,2,,,1,70,,29998,2,,,1,30,,29999,2,,,1,70,,30000,2,,,1,30,,30001,2,,,1
20100,'201-Saturday-10000010',647,,30002,2,,,1,70,,30003,2,,,1,30,,30004,2,,,1,70,,30005,2,,,1,30,,30006,2,,,1,70,,30007,2,,,1,30,,30008,2,,,1,70,,30009,2,,,1,30,,30010,2,,,1,70,,30011,2,,,1,30,,30012,2,,,1,70,,30013,2,,,1,30,,30014,2,,,1,70,,30015,2,,,1,30,,30016,2,,,1,70,,30017,2,,,1,30,,30018,2,,,1,70,,30019,2,,,1,30,,30020,2,,,1,70,,30021,2,,,1,30,,30022,2,,,1,70,,30023,2,,,1,30,,30024,2,,,1,70,,30025,2,,,1,30,,30026,2,,,1,70,,30027,2,,,1,30,,30028,2,,,1,70,,30029,2,,,1,30,,30030,2,,,1,70,,30031,2,,,1,30,,30032,2,,,1,70,,30033,2,,,1,30,,30034,2,,,1,70,,30035,2,,,1,30,,30036,2,,,1
20100,'201-Sunday-10000001',647,,30039,2,,,1,70,,30040,2,,,1,30,,30041,2,,,1,70,,30042,2,,,1,30,,30043,2,,,1,70,,30044,2,,,1,30,,30045,2,,,1,70,,30046,2,,,1,30,,30038,2,,,1,70,,30047,2,,,1,30,,30048,2,,,1,70,,30049,2,,,1,30,,30050,2,,,1,70,,30051,2,,,1,30,,30052,2,,,1,70,,30053,2,,,1,30,,30054,2,,,1,70,,30055,2,,,1,30,,30056,2,,,1,70,,30057,2,,,1,30,,30058,2,,,1,70,,30059,2,,,1,30,,30060,2,,,1,70,,30061,2,,,1,30,,30062,2,,,1,70,,30063,2,,,1,30,,30064,2,,,1,70,,30065,2,,,1,30,,30066,2,,,1,70,,30067,2,,,1,30,,30068,2,,,1,70,,30069,2,,,1,30,,30070,2,,,1,70,,30071,2,,,1,30,,30072,2,,,1
20100,'201-Weekday-11111100',537,,30108,2,,,1,15,,30109,2,,,1,55,,30106,2,,,1,15,,30110,2,,,1,15,,30105,2,,,1,15,,30111,2,,,1,55,,30104,2,,,1,10,,30136,2,,,1,10,,30112,2,,,1,10,,30100,2,,,1,10,,30137,2,,,1,10,,30113,2,,,1,50,,30101,2,,,1,10,,30138,2,,,1,10,,30114,2,,,1,10,,30098,2,,,1,10,,30139,2,,,1,10,,30115,2,,,1,50,,30097,2,,,1,10,,30140,2,,,1,10,,30116,2,,,1,10,,30073,2,,,1,10,,30152,2,,,1,10,,30117,2,,,1,50,,30074,2,,,1,10,,30153,2,,,1,10,,30118,2,,,1,10,,30075,2,,,1,10,,30154,2,,,1,10,,30119,2,,,1,50,,30076,2,,,1,10,,30155,2,,,1,10,,30120,2,,,1,10,,30077,2,,,1,10,,30156,2,,,1,10,,30121,2,,,1,50,,30078,2,,,1,10,,30157,2,,,1,10,,30122,2,,,1,10,,30079,2,,,1,10,,30158,2,,,1,10,,30123,2,,,1,50,,30080,2,,,1,10,,30159,2,,,1,10,,30124,2,,,1,10,,30081,2,,,1,10,,30160,2,,,1,10,,30125,2,,,1,50,,30082,2,,,1,10,,30161,2,,,1,10,,30126,2,,,1,10,,30167,2,,,1,10,,30099,2,,,1,10,,30141,2,,,1,50,,30135,2,,,1,10,,30127,2,,,1,10,,30142,2,,,1,10,,30103,2,,,1,10,,30083,2,,,1,10,,30143,2,,,1,50,,30128,2,,,1,10,,30129,2,,,1,10,,30144,2,,,1,10,,30084,2,,,1,10,,30130,2,,,1,10,,30145,2,,,1,50,,30102,2,,,1,10,,30131,2,,,1,10,,30146,2,,,1,10,,30085,2,,,1,10,,30132,2,,,1,10,,30147,2,,,1,50,,30086,2,,,1,10,,30133,2,,,1,15,,30166,2,,,1,15,,30134,2,,,1,55,,30149,2,,,1,15,,30087,2,,,1,15,,30150,2,,,1,15,,30088,2,,,1,55,,30151,2,,,1,15,,30089,2,,,1,15,,30162,2,,,1,15,,30090,2,,,1,55,,30163,2,,,1,15,,30091,2,,,1,15,,30164,2,0,15 16,1,15,,30092,2,,,1,55,,30165,2,,,1,30,,30093,2,,,1,70,,30094,2,,,1,35,,30095,2,,,1,70,,30096,2,,,1
20301,'203-Weekday-11111100',624,,30826,2,,,1,30,,30827,2,,,1,76,,30828,2,,,1,70,,30829,2,,,1,30,,30830,2,,,1,70,,30831,2,,,1,30,,30832,2,,,1,529,,30851,2,,,1,70,,30852,2,,,1,30,,30853,2,,,1,70,,30854,2,,,1,30,,30855,2,,,1,70,,30856,2,,,1,30,,30857,2,,,1
