5001,'50-Holiday1-10000001',903,,27552,50,,,1,99,,27539,50,,,1,103,,27538,50,,,1,100,,27551,50,,,1,100,,27550,50,,,1,100,,27549,50,,,1,100,,27548,50,,,1,100,,27547,50,,,1,100,,27546,50,,,1,101,,27545,50,,,1,97,,27544,50,,,1,100,,27543,50,,,1,100,,27542,50,,,1,100,,27541,50,,,1,100,,27540,50,,,1
5001,'50-Saturday-10000010',804,,27554,50,,,1,30,,27555,50,,,1,70,,27556,50,,,1,32,,27557,50,,,1,70,,27558,50,,,1,30,,27559,50,,,1,70,,27560,50,,,1,30,,27561,50,,,1,70,,27562,50,,,1,30,,27563,50,,,1,70,,27564,50,,,1,30,,27565,50,,,1,70,,27566,50,,,1,30,,27567,50,,,1,70,,27568,50,,,1,30,,27569,50,,,1,70,,27570,50,,,1,30,,27571,50,,,1,70,,27572,50,,,1,30,,27573,50,,,1,70,,27553,50,,,1,29,,27574,50,,,1,70,,27576,50,,,1,30,,27577,50,,,1,70,,27581,50,,,1,30,,27578,50,,,1,70,,27579,50,,,1,30,,27582,50,,,1,70,,27580,50,,,1,30,,27575,50,,,1
5001,'50-Sunday-10000001',848,,27602,50,,,1,85,,27585,50,,,1,85,,27584,50,,,1,87,,27583,50,,,1,45,,27601,50,,,1,85,,27600,50,,,1,85,,27599,50,,,1,85,,27598,50,,,1,45,,27597,50,,,1,85,,27596,50,,,1,85,,27595,50,,,1,85,,27594,50,,,1,45,,27593,50,,,1,83,,27592,50,,,1,85,,27591,50,,,1,85,,27590,50,,,1,45,,27589,50,,,1,85,,27588,50,,,1,85,,27587,50,,,1,85,,27586,50,,,1
5001,'50-Weekday-11111100',610,,27636,22,,,1,24,,27603,50,,,1,70,,27604,50,,,1,33,,27605,50,,,1,70,,27606,50,,,1,30,,27607,50,,,1,70,,27608,50,,,1,30,,27609,50,,,1,69,,27610,50,,,1,30,,27611,50,,,1,70,,27612,50,,,1,30,,27613,50,,,1,70,,27614,50,,,1,30,,27615,50,,,1,70,,27616,50,,,1,30,,27617,50,,,1,70,,27618,50,,,1,30,,27619,50,,,1,77,,27620,50,,,1,25,,27621,50,,,1,70,,27622,50,,,1,30,,27623,50,,,1,70,,27624,50,,,1,30,,27625,50,,,1,69,,27626,50,,,1,28,,27627,50,,,1,70,,27628,50,,,1,30,,27629,50,,,1,70,,27630,50,,,1,30,,27631,50,,,1,70,,27632,50,,,1,30,,27633,50,,,1,70,,27634,50,,,1,27,,27635,50,,,1,70,,27637,50,,,1,30,,27638,50,,,1
5301,'53-Holiday1-10000001',905,,28112,32,,,1,100,,28113,32,,,1,103,,28114,32,,,1,100,,28115,32,,,1,100,,28116,32,,,1,100,,28117,32,,,1,100,,28118,32,,,1,100,,28119,32,,,1,100,,28120,32,,,1,100,,28121,32,,,1,97,,28122,32,,,1,100,,28123,32,,,1,100,,28124,32,,,1,100,,28125,32,,,1,100,,28126,32,,,1
5301,'53-Saturday-10000010',707,,28155,32,,,1,30,,28128,32,,,1,70,,28129,32,,,1,30,,28130,32,,,1,71,,28131,32,,,1,31,,28132,32,,,1,70,,28133,32,,,1,30,,28134,32,,,1,70,,28135,32,,,1,30,,28136,32,,,1,70,,28137,32,,,1,30,,28138,32,,,1,70,,28139,32,,,1,30,,28140,32,,,1,70,,28141,32,,,1,30,,28142,32,,,1,70,,28143,32,,,1,30,,28144,32,,,1,70,,28145,32,,,1,30,,28146,32,,,1,70,,28147,32,,,1,30,,28148,32,,,1,69,,28149,32,,,1,30,,28150,32,,,1,70,,28151,32,,,1,100,,28152,32,,,1,100,,28153,32,,,1,100,,28154,32,,,1,100,,28127,32,,,1,115,,28156,32,,,1
5301,'53-Sunday-10000001',835,,28157,32,,,1,100,,28158,32,,,1,103,,28159,32,,,1,70,,28160,32,,,1,30,,28161,32,,,1,70,,28162,32,,,1,30,,28163,32,,,1,70,,28164,32,,,1,30,,28165,32,,,1,70,,28166,32,,,1,30,,28167,32,,,1,70,,28168,32,,,1,30,,28169,32,,,1,70,,28170,32,,,1,30,,28171,32,,,1,70,,28172,32,,,1,30,,28173,32,,,1,70,,28174,32,,,1,97,,28175,32,,,1,100,,28176,32,,,1,100,,28177,32,,,1,100,,28178,32,,,1,100,,28179,32,,,1
5301,'53-Weekday-11111100',556,,28201,36,,,1,70,,28202,36,,,1,30,,28203,36,,,1,71,,28204,36,,,1,30,,28205,36,,,1,70,,28206,36,,,1,27,,28180,32,,,1,70,,28181,32,,,1,29,,28182,32,,,1,70,,28183,32,,,1,30,,28184,32,,,1,70,,28185,32,,,1,30,,28186,32,,,1,70,,28187,32,,,1,30,,28188,32,,,1,70,,28189,32,,,1,78,,28216,36,,,1,30,,28211,36,,,1,26,,28210,36,,,1,66,,28209,36,,,1,30,,28208,36,,,1,70,,28207,36,,,1,30,,28214,36,,,1,70,,28215,36,,,1,26,,28190,32,,,1,67,,28191,32,,,1,37,,28192,32,,,1,70,,28193,32,,,1,30,,28194,32,,,1,70,,28195,32,,,1,30,,28196,32,,,1,70,,28197,32,,,1,32,,28213,36,,,1,69,,28212,36,,,1,25,,28198,32,,,1,70,,28199,32,,,1,30,,28200,32,,,1
5500,'55-Holiday1-11111111',836,,28217,16,,,1,100,,28218,16,,,1,100,,28219,16,,,1,100,,28220,16,,,1,100,,28221,16,,,1,100,,28222,16,,,1,100,,28223,16,,,1,100,,28224,16,,,1,100,,28225,16,,,1,100,,28226,16,,,1,100,,28227,16,,,1,100,,28228,16,,,1,100,,28229,16,,,1,100,,28230,16,,,1,100,,28231,16,,,1,100,,28232,16,,,1
5500,'55-Saturday-10000010',708,,28258,15,,,1,30,,28233,16,,,1,70,,28264,15,,,1,30,,28234,16,,,1,70,,28257,15,,,1,31,,28235,16,,,1,70,,28265,15,,,1,30,,28236,16,,,1,70,,28256,15,,,1,30,,28237,16,,,1,70,,28266,15,,,1,30,,28238,16,,,1,70,,28255,15,,,1,30,,28239,16,,,1,70,,28267,15,,,1,30,,28240,16,,,1,70,,28254,15,,,1,30,,28241,16,,,1,70,,28263,15,,,1,30,,28242,16,,,1,70,,28253,15,,,1,30,,28243,16,,,1,70,,28262,15,,,1,29,,28244,16,,,1,70,,28252,15,,,1,30,,28245,16,,,1,70,,28261,15,,,1,30,,28246,16,,,1,70,,28251,15,,,1,30,,28247,16,,,1,70,,28260,15,,,1,30,,28248,16,,,1,70,,28250,15,,,1,30,,28249,16,,,1,70,,28259,15,,,1
5500,'55-Sunday-10000001',838,,28268,16,,,1,100,,28269,16,,,1,100,,28270,16,,,1,100,,28271,16,,,1,100,,28272,16,,,1,100,,28273,16,,,1,100,,28274,16,,,1,100,,28275,16,,,1,100,,28276,16,,,1,100,,28277,16,,,1,100,,28278,16,,,1,100,,28279,16,,,1,100,,28280,16,,,1,100,,28281,16,,,1,100,,28282,16,,,1,100,,28283,16,,,1
5500,'55-Weekday-11111100',607,,28312,15,,,1,30,,28296,16,,,1,71,,28302,15,,,1,32,,28295,16,,,1,69,,28313,15,,,1,31,,28294,16,,,1,69,,28303,15,,,1,30,,28293,16,,,1,70,,28314,15,,,1,29,,28292,16,,,1,71,,28304,15,,,1,29,,28291,16,,,1,71,,28315,15,,,1,29,,28290,16,,,1,71,,28305,15,,,1,29,,28289,16,,,1,71,,28316,15,,,1,29,,28288,16,,,1,72,,28306,15,,,1,29,,28287,16,,,1,71,,28317,15,,,1,29,,28286,16,,,1,71,,28307,15,,,1,29,,28285,16,,,1,71,,28318,15,,,1,28,,28284,16,,,1,71,,28308,15,,,1,29,,28297,16,,,1,71,,28319,15,,,1,29,,28298,16,,,1,71,,28309,15,,,1,29,,28299,16,,,1,68,,28320,15,,,1,30,,28300,16,,,1,68,,28310,15,,,1,32,,28301,16,,,1,68,,28311,15,,,1
