6001,'60-Saturday-10000010',720,,29010,6,,,1,30,,29011,6,,,1,70,,29012,6,,,1,30,,29013,6,,,1,70,,29014,6,,,1,30,,29015,6,,,1,70,,29016,6,,,1,30,,29017,6,,,1,70,,29018,6,,,1,30,,29019,6,,,1,70,,29020,6,,,1,30,,29021,6,,,1,70,,29022,6,,,1,30,,29023,6,,,1,70,,29024,6,,,1,30,,29025,6,,,1,70,,29026,6,,,1,30,,29027,6,,,1,70,,29028,6,,,1,30,,29029,6,,,1,70,,29030,6,,,1,30,,29031,6,,,1,70,,29032,6,,,1,30,,29033,6,,,1
6001,'60-Weekday-11111100',620,,29035,6,,,1,30,,29036,6,,,1,73,,29037,6,,,1,30,,29038,6,,,1,70,,29039,6,,,1,30,,29040,6,,,1,70,,29041,6,,,1,28,,29042,6,,,1,70,,29043,6,,,1,30,,29044,6,,,1,70,,29045,6,,,1,30,,29046,6,,,1,70,,29047,6,,,1,30,,29048,6,,,1,70,,29049,6,,,1,30,,29050,6,,,1,70,,29051,6,,,1,33,,29052,6,,,1,60,,29053,6,,,1,30,,29054,6,,,1,70,,29055,6,,,1,30,,29056,6,,,1,70,,29057,6,,,1,30,,29058,6,,,1,68,,29059,6,,,1,38,,29060,6,,,1,70,,29061,6,,,1,30,,29062,6,,,1,70,,29063,6,,,1,30,,29064,6,,,1,70,,29065,6,,,1,30,,29034,6,,,1
6501,'65-Holiday1-10000001',834,,29704,13,,,1,81,,29705,13,,,1,85,,29706,13,,,1,46,,29707,13,,,1,85,,29708,13,,,1,85,,29709,13,,,1,85,,29710,13,,,1,45,,29711,13,,,1,85,,29712,13,,,1,85,,29713,13,,,1,85,,29714,13,,,1,45,,29715,13,,,1,85,,29716,13,,,1,85,,29717,13,,,1,85,,29718,13,,,1,45,,29719,13,,,1,85,,29720,13,,,1,85,,29721,13,,,1,85,,29722,13,,,1
6501,'65-Saturday-10000010',715,,29723,13,,,1,30,,29724,13,,,1,70,,29725,13,,,1,30,,29726,13,,,1,72,,29727,13,,,1,31,,29728,13,,,1,70,,29729,13,,,1,30,,29730,13,,,1,70,,29731,13,,,1,30,,29732,13,,,1,70,,29733,13,,,1,30,,29734,13,,,1,70,,29735,13,,,1,30,,29736,13,,,1,70,,29737,13,,,1,30,,29738,13,,,1,70,,29739,13,,,1,30,,29740,13,,,1,70,,29741,13,,,1,30,,29742,13,,,1,70,,29743,13,,,1,30,,29744,13,,,1,69,,29745,13,,,1,29,,29746,13,,,1,85,,29747,13,,,1,85,,29748,13,,,1,85,,29749,13,,,1,45,,29750,13,,,1,85,,29751,13,,,1,85,,29752,13,,,1
6501,'65-Sunday-10000001',845,,29753,13,,,1,70,,29754,13,,,1,30,,29786,13,,,1,71,,29755,13,,,1,22,,29778,13,,,1,8,,29756,13,,,1,70,,29757,13,,,1,22,,29779,13,,,1,8,,29758,13,,,1,70,,29759,13,,,1,22,,29780,13,,,1,8,,29760,13,,,1,70,,29761,13,,,1,22,,29781,13,,,1,8,,29762,13,,,1,70,,29763,13,,,1,22,,29782,13,,,1,8,,29764,13,,,1,70,,29765,13,,,1,22,,29783,13,,,1,8,,29766,13,,,1,70,,29767,13,,,1,22,,29784,13,,,1,8,,29768,13,,,1,70,,29769,13,,,1,22,,29785,13,,,1,8,,29770,13,,,1,70,,29771,13,,,1,30,,29772,13,,,1,85,,29773,13,,,1,85,,29774,13,,,1,85,,29775,13,,,1,45,,29776,13,,,1,85,,29777,13,,,1
6501,'65-Weekday-11111100',545,,29787,13,,,1,70,,29788,13,,,1,30,,29789,13,,,1,72,,29790,13,,,1,32,,29791,13,,,1,70,,29792,13,,,1,30,,29793,13,,,1,70,,29794,13,,,1,29,,29795,13,,,1,70,,29796,13,,,1,30,,29797,13,,,1,70,,29798,13,,,1,30,,29799,13,,,1,70,,29800,13,,,1,30,,29801,13,,,1,70,,29802,13,,,1,30,,29803,13,,,1,70,,29804,13,,,1,38,,29805,13,,,1,72,,29806,13,,,1,30,,29807,13,,,1,70,,29808,13,,,1,30,,29809,13,,,1,70,,29810,13,,,1,30,,29811,13,,,1,66,,29812,13,,,1,22,,29813,13,,,1,70,,29814,13,,,1,30,,29815,13,,,1,70,,29816,13,,,1,30,,29817,13,,,1,70,,29818,13,,,1,30,,29819,13,,,1,69,,29820,13,,,1,28,,29821,13,,,1,70,,29822,13,,,1,30,,29823,13,,,1
20301,'203-Holiday1-10000001',1004,,30777,21,,,1,101,,30785,21,,,1,100,,30784,21,,,1,100,,30783,21,,,1,100,,30782,21,,,1,100,,30781,21,,,1,100,,30780,21,,,1,100,,30779,21,,,1,100,,30778,21,,,1,99,,30776,21,,,1,100,,30788,21,,,1,100,,30787,21,,,1,100,,30786,21,,,1
20301,'203-Saturday-10000010',735,,30792,21,,,1,100,,30793,21,,,1,101,,30794,21,,,1,100,,30795,21,,,1,70,,30796,21,,,1,30,,30797,21,,,1,70,,30798,21,,,1,30,,30799,21,,,1,70,,30800,21,,,1,30,,30801,21,,,1,70,,30802,21,,,1,30,,30803,21,,,1,70,,30804,21,,,1,30,,30805,21,,,1,70,,30806,21,,,1,30,,30807,21,,,1,70,,30808,21,,,1,30,,30789,21,,,1,69,,30791,21,,,1,30,,30790,21,,,1,70,,30809,21,,,1,95,,30810,21,,,1,100,,30811,21,,,1,100,,30812,21,,,1
20301,'203-Sunday-10000001',1004,,30814,21,,,1,101,,30822,21,,,1,100,,30821,21,,,1,100,,30820,21,,,1,100,,30819,21,,,1,100,,30818,21,,,1,100,,30817,21,,,1,100,,30816,21,,,1,100,,30815,21,,,1,49,,30813,21,,,1,100,,30825,21,,,1,100,,30824,21,,,1,100,,30823,21,,,1
20301,'203-Weekday-11111100',706,,30826,26,,,1,30,,30827,26,,,1,78,,30828,26,,,1,30,,30829,26,,,1,70,,30830,26,,,1,29,,30831,26,,,1,76,,30832,26,,,1,17,,30841,21,,,1,70,,30842,21,,,1,30,,30843,21,,,1,70,,30844,21,,,1,30,,30845,21,,,1,70,,30846,21,,,1,30,,30847,21,,,1,70,,30848,21,,,1,31,,30849,21,,,1,72,,30850,21,,,1,39,,30851,26,,,1,70,,30852,26,,,1,30,,30853,26,,,1,70,,30854,26,,,1,30,,30855,26,,,1,67,,30856,26,,,1,30,,30857,26,,,1,60,,30858,21,,,1,30,,30840,21,,,1,70,,30833,21,,,1,30,,30834,21,,,1,70,,30835,21,,,1,30,,30836,21,,,1,70,,30837,21,,,1,29,,30838,21,,,1,70,,30839,21,,,1,32,,30859,21,,,1
