100,'1-Holiday1-10000001',828,,10927,32,,,1,100,,10928,32,,,1,30,,10929,32,,,1,71,,10930,32,,,1,30,,10931,32,,,1,70,,10932,32,,,1,30,,10933,32,,,1,70,,10934,32,,,1,30,,10935,32,,,1,70,,10936,32,,,1,30,,10937,32,,,1,70,,10938,32,,,1,30,,10939,32,,,1,70,,10940,32,,,1,30,,10941,32,,,1,70,,10942,32,,,1,30,,10943,32,,,1,70,,10944,32,,,1,30,,10945,32,,,1,69,,10946,32,,,1,100,,10947,32,,,1,100,,10948,32,,,1,100,,10949,32,,,1,100,,10950,32,,,1,100,,10951,32,,,1,100,,10952,32,,,1
100,'1-Saturday-10000010',628,,10953,32,,,1,30,,10954,32,,,1,70,,10955,32,,,1,30,,10956,32,,,1,70,,10957,32,,,1,30,,10958,32,,,1,71,,10959,32,,,1,30,,10960,32,,,1,70,,10961,32,,,1,30,,10962,32,,,1,70,,10963,32,,,1,30,,10964,32,,,1,70,,10965,32,,,1,30,,10966,32,,,1,70,,10967,32,,,1,30,,10968,32,,,1,70,,10969,32,,,1,30,,10970,32,,,1,70,,10971,32,,,1,30,,10972,32,,,1,70,,10973,32,,,1,30,,10974,32,,,1,70,,10975,32,,,1,30,,10976,32,,,1,69,,10977,32,,,1,30,,10978,32,,,1,70,,10979,32,,,1,30,,10980,32,,,1,70,,10981,32,,,1,30,,10982,32,,,1,70,,10983,32,,,1,30,,10984,32,,,1,70,,10985,32,,,1,30,,10986,32,,,1,70,,10987,32,,,1,100,,10988,32,,,1
100,'1-Sunday-10000001',828,,10989,32,,,1,100,,10990,32,,,1,30,,10991,32,,,1,71,,10992,32,,,1,30,,10993,32,,,1,70,,10994,32,,,1,30,,10995,32,,,1,70,,10996,32,,,1,30,,10997,32,,,1,70,,10998,32,,,1,30,,10999,32,,,1,70,,11000,32,,,1,30,,11001,32,,,1,70,,11002,32,,,1,30,,11003,32,,,1,70,,11004,32,,,1,30,,11005,32,,,1,70,,11006,32,,,1,30,,11007,32,,,1,69,,11008,32,,,1,100,,11009,32,,,1,100,,11010,32,,,1,100,,11011,32,,,1,100,,11012,32,,,1,100,,11013,32,,,1,100,,11014,32,,,1
100,'1-Weekday-11111100',557,,11051,32,,,1,70,,11048,32,,,1,30,,11049,32,,,1,56,,11052,32,,,1,18,,11015,32,,,1,70,,11016,32,,,1,30,,11017,32,,,1,70,,11018,32,,,1,30,,11019,32,,,1,70,,11020,32,,,1,30,,11029,32,,,1,70,,11030,32,,,1,30,,11031,32,,,1,70,,11032,32,,,1,30,,11033,32,,,1,70,,11034,32,,,1,30,,11035,32,,,1,70,,11036,32,,,1,30,,11037,32,,,1,70,,11021,32,,,1,30,,11022,32,,,1,70,,11023,32,,,1,30,,11024,32,,,1,70,,11025,32,,,1,30,,11026,32,,,1,70,,11027,32,,,1,28,,11028,32,,,1,30,,11038,32,,,1,70,,11039,32,,,1,30,,11040,32,,,1,70,,11041,32,,,1,30,,11042,32,,,1,70,,11043,32,,,1,30,,11044,32,,,1,68,,11045,32,,,1,30,,11046,32,,,1,70,,11047,32,,,1,100,,11050,32,,,1
300,'3-Saturday-10000010',624,,11180,17,4,,1,30,,11181,27,4,,1,70,,11182,27,4,,1,30,,11183,27,4,,1,70,,11184,27,4,,1,30,,11185,27,4,,1,70,,11186,27,4,,1,30,,11187,27,4,,1,70,,11188,27,4,,1,30,,11189,27,4,,1,70,,11190,27,4,,1,30,,11191,27,4,,1,70,,11192,27,4,,1,30,,11193,27,4,,1,70,,11194,27,4,,1,30,,11195,27,4,,1,70,,11196,27,4,,1,30,,11197,27,4,,1,70,,11198,27,4,,1,30,,11199,27,4,,1,70,,11200,27,4,,1,30,,11201,27,4,,1,70,,11202,27,4,,1,30,,11203,27,4,,1,70,,11204,27,4,,1,30,,11205,27,4,,1,70,,11206,27,4,,1,30,,11207,27,4,,1,70,,11208,27,4,,1,30,,11209,27,4,,1,100,,11210,27,4,,1,100,,11211,27,4,,1
300,'3-Sunday-10000001',854,,11212,27,4,,1,100,,11213,27,4,,1,70,,11214,27,4,,1,30,,11215,27,4,,1,70,,11216,27,4,,1,30,,11217,27,4,,1,70,,11218,27,4,,1,30,,11219,27,4,,1,70,,11220,27,4,,1,30,,11221,27,4,,1,70,,11222,27,4,,1,30,,11223,27,4,,1,70,,11224,27,4,,1,30,,11225,27,4,,1,70,,11226,27,4,,1,30,,11227,27,4,,1,70,,11228,27,4,,1,30,,11229,27,4,,1,70,,11234,27,4,,1,30,,11230,27,4,,1,70,,11235,27,4,,1,30,,11231,27,4,,1,70,,11236,27,4,,1,30,,11232,27,4,,1,100,,11237,27,4,,1,100,,11233,27,4,,1
300,'3-Weekday-11111100',555,,11270,17,4,,1,69,,11257,27,4,,1,30,,11256,27,4,,1,73,,11255,27,4,,1,30,,11254,27,4,,1,70,,11253,27,4,,1,30,,11252,27,4,,1,70,,11251,27,4,,1,29,,11250,27,4,,1,70,,11249,27,4,,1,30,,11248,27,4,,1,70,,11247,27,4,,1,30,,11246,27,4,,1,70,,11245,27,4,,1,30,,11244,27,4,,1,70,,11243,27,4,,1,30,,11242,27,4,,1,70,,11241,27,4,,1,83,,11240,27,4,,1,30,,11239,27,4,,1,70,,11238,27,4,,1,30,,11267,27,4,,1,70,,11266,27,4,,1,30,,11265,27,4,,1,68,,11264,27,4,,1,28,,11263,27,4,,1,20,,11262,27,4,,1,70,,11261,27,4,,1,30,,11260,27,4,,1,70,,11271,27,4,,1,30,,11259,27,4,,1,70,,11272,27,4,,1,30,,11258,27,4,,1,67,,11273,27,4,,1,30,,11269,27,4,,1,70,,11274,27,4,,1,30,,11268,27,4,,1
401,'4-Saturday-10000010',624,,11463,1,,,1,30,,11464,1,,,1,70,,11465,1,,,1,30,,11466,1,,,1,70,,11467,1,,,1,30,,11468,1,,,1,70,,11469,1,,,1,30,,11470,1,,,1,70,,11471,1,,,1,30,,11472,1,,,1,70,,11473,1,,,1,30,,11474,1,,,1,70,,11475,1,,,1,30,,11476,1,,,1,70,,11477,1,,,1,30,,11478,1,,,1,70,,11479,1,,,1,30,,11480,1,,,1,70,,11481,1,,,1,30,,11482,1,,,1,70,,11483,1,,,1,30,,11484,1,,,1,70,,11485,1,,,1,30,,11486,1,,,1,70,,11487,1,,,1,30,,11488,1,,,1,70,,11489,1,,,1,30,,11490,1,,,1,70,,11491,1,,,1,30,,11492,1,,,1,100,,11493,1,,,1,100,,11494,1,,,1
401,'4-Sunday-10000001',854,,11495,1,,,1,100,,11496,1,,,1,70,,11497,1,,,1,30,,11498,1,,,1,70,,11499,1,,,1,30,,11500,1,,,1,70,,11501,1,,,1,30,,11502,1,,,1,70,,11503,1,,,1,30,,11504,1,,,1,70,,11505,1,,,1,30,,11506,1,,,1,70,,11507,1,,,1,30,,11508,1,,,1,70,,11509,1,,,1,30,,11510,1,,,1,70,,11511,1,,,1,30,,11512,1,,,1,70,,11520,1,,,1,30,,11513,1,,,1,70,,11518,1,,,1,30,,11514,1,,,1,70,,11519,1,,,1,30,,11515,1,,,1,100,,11516,1,,,1,100,,11517,1,,,1
401,'4-Weekday-11111100',555,,11553,1,,,1,69,,11536,1,,,1,30,,11537,1,,,1,73,,11538,1,,,1,30,,11539,1,,,1,70,,11540,1,,,1,30,,11541,1,,,1,70,,11542,1,,,1,29,,11543,1,,,1,70,,11544,1,,,1,30,,11545,1,,,1,70,,11547,1,,,1,30,,11546,1,,,1,70,,11548,1,,,1,30,,11549,1,,,1,70,,11550,1,,,1,30,,11551,1,,,1,70,,11552,1,,,1,83,,11528,1,,,1,30,,11529,1,,,1,70,,11530,1,,,1,30,,11531,1,,,1,70,,11532,1,,,1,30,,11533,1,,,1,68,,11534,1,,,1,28,,11535,1,,,1,20,,11522,1,,,1,70,,11523,1,,,1,30,,11524,1,,,1,70,,11554,1,,,1,30,,11525,1,,,1,70,,11555,1,,,1,30,,11526,1,,,1,67,,11556,1,,,1,30,,11527,1,,,1,70,,11557,1,,,1,30,,11521,1,,,1
20400,'204-Holiday1-10000001',734,,20156,15,,,1,70,,20157,15,,,1,30,,20158,15,,,1,70,,20159,15,,,1,30,,20160,15,,,1,70,,20161,15,,,1,30,,20162,15,,,1,70,,20163,15,,,1,30,,20164,15,,,1,70,,20155,15,,,1,30,,20165,15,,,1,70,,20166,15,,,1,30,,20167,15,,,1,70,,20168,15,,,1,30,,20169,15,,,1,70,,20170,15,,,1,30,,20171,15,,,1,70,,20172,15,,,1,30,,20173,15,,,1,70,,20174,15,,,1,30,,20175,15,,,1,70,,20176,15,,,1,30,,20177,15,,,1,70,,20178,15,,,1,30,,20179,15,,,1,70,,20180,15,,,1,30,,20181,15,,,1,70,,20182,15,,,1,30,,20183,15,,,1,70,,20184,15,,,1,30,,20185,15,,,1,70,,20186,15,,,1,30,,20187,15,,,1,70,,20188,15,,,1
20400,'204-Saturday-10000010',634,,20189,15,,,1,70,,20190,15,,,1,30,,20191,15,,,1,70,,20192,15,,,1,30,,20193,15,,,1,70,,20194,15,,,1,30,,20195,15,,,1,70,,20196,15,,,1,30,,20197,15,,,1,70,,20198,15,,,1,30,,20199,15,,,1,70,,20200,15,,,1,30,,20201,15,,,1,70,,20202,15,,,1,30,,20203,15,,,1,70,,20204,15,,,1,30,,20205,15,,,1,70,,20206,15,,,1,30,,20207,15,,,1,70,,20208,15,,,1,30,,20209,15,,,1,70,,20210,15,,,1,30,,20211,15,,,1,70,,20212,15,,,1,30,,20213,15,,,1,70,,20214,15,,,1,30,,20215,15,,,1,70,,20216,15,,,1,30,,20217,15,,,1,70,,20218,15,,,1,30,,20219,15,,,1,70,,20220,15,,,1,30,,20221,15,,,1,70,,20222,15,,,1,30,,20223,15,,,1,70,,20224,15,,,1
20400,'204-Sunday-10000001',734,,20226,15,,,1,70,,20227,15,,,1,30,,20228,15,,,1,70,,20229,15,,,1,30,,20230,15,,,1,70,,20231,15,,,1,30,,20232,15,,,1,70,,20233,15,,,1,30,,20234,15,,,1,70,,20225,15,,,1,30,,20235,15,,,1,70,,20236,15,,,1,30,,20237,15,,,1,70,,20238,15,,,1,30,,20239,15,,,1,70,,20240,15,,,1,30,,20241,15,,,1,70,,20242,15,,,1,30,,20243,15,,,1,70,,20244,15,,,1,30,,20245,15,,,1,70,,20246,15,,,1,30,,20247,15,,,1,70,,20248,15,,,1,30,,20249,15,,,1,70,,20250,15,,,1,30,,20251,15,,,1,70,,20252,15,,,1,30,,20253,15,,,1,70,,20254,15,,,1,30,,20255,15,,,1,70,,20256,15,,,1,30,,20257,15,,,1,70,,20258,15,,,1
20400,'204-Weekday-11111100',605,,20317,15,,,1,30,,20259,15,,,1,71,,20260,15,,,1,18,,20261,15,,,1,15,,20262,15,,,1,15,,20263,15,,,1,55,,20264,15,,,1,15,,20265,15,,,1,15,,20266,15,,,1,15,,20267,15,,,1,55,,20268,15,,,1,15,,20269,15,,,1,14,,20270,15,,,1,14,,20271,15,,,1,55,,20272,15,,,1,15,,20273,15,,,1,15,,20274,15,,,1,15,,20275,15,,,1,55,,20276,15,,,1,15,,20277,15,,,1,15,,20278,15,,,1,15,,20279,15,,,1,55,,20280,15,,,1,15,,20281,15,,,1,15,,20282,15,,,1,15,,20283,15,,,1,55,,20284,15,,,1,15,,20285,15,,,1,15,,20286,15,,,1,15,,20287,15,,,1,55,,20288,15,,,1,15,,20289,15,,,1,16,,20290,15,,,1,16,,20291,15,,,1,55,,20292,15,,,1,15,,20293,15,,,1,15,,20294,15,,,1,15,,20295,15,,,1,55,,20296,15,,,1,15,,20297,15,,,1,15,,20298,15,,,1,15,,20299,15,,,1,55,,20300,15,,,1,15,,20301,15,,,1,15,,20302,15,,,1,15,,20303,15,,,1,54,,20304,15,,,1,14,,20318,15,,,1,15,,20305,15,,,1,70,,20306,15,,,1,30,,20307,15,,,1,70,,20308,15,,,1,30,,20309,15,,,1,70,,20310,15,,,1,30,,20311,15,,,1,70,,20312,15,,,1,28,,20313,15,,,1,70,,20314,15,,,1,30,,20315,15,,,1,70,,20316,15,,,1
