2200,'22-Saturday-10000010',630,,14968,1,,,1,70,,14969,1,,,1,30,,14970,1,,,1,70,,14971,1,,,1,30,,14972,1,,,1,70,,14973,1,,,1,30,,14974,1,,,1,70,,14975,1,,,1,30,,14976,1,,,1,70,,14977,1,,,1,30,,14978,1,,,1,70,,14979,1,,,1,30,,14980,1,,,1,70,,14981,1,,,1,30,,14982,1,,,1,70,,14983,1,,,1,30,,14984,1,,,1,70,,14985,1,,,1,30,,14986,1,,,1,70,,14987,1,,,1,30,,14988,1,,,1,70,,14989,1,,,1,30,,14990,1,,,1,70,,14991,1,,,1,30,,14992,1,,,1,70,,14993,1,,,1,30,,14994,1,,,1,70,,14995,1,,,1,30,,14996,1,,,1,70,,14997,1,,,1,30,,14998,1,,,1,100,,14999,1,,,1,100,,15000,1,,,1
2200,'22-Sunday-10000001',830,,15011,1,,,1,100,,15001,1,,,1,100,,15002,1,,,1,100,,15003,1,,,1,100,,15004,1,,,1,100,,15005,1,,,1,100,,15006,1,,,1,100,,15007,1,,,1,100,,15008,1,,,1,100,,15009,1,,,1,100,,15010,1,,,1
2200,'22-Weekday-11111100',600,,15012,1,,,1,30,,15013,1,,,1,70,,15014,1,,,1,30,,15015,1,,,1,70,,15016,1,,,1,30,,15017,1,,,1,70,,15018,1,,,1,30,,15019,1,,,1,70,,15020,1,,,1,30,,15021,1,,,1,70,,15022,1,,,1,30,,15023,1,,,1,70,,15024,1,,,1,30,,15025,1,,,1,70,,15026,1,,,1,30,,15027,1,,,1,70,,15028,1,,,1,30,,15029,1,,,1,70,,15030,1,,,1,30,,15031,1,,,1,70,,15032,1,,,1,30,,15033,1,,,1,70,,15034,1,,,1,30,,15035,1,,,1,70,,15036,1,,,1,30,,15037,1,,,1,70,,15038,1,,,1,30,,15039,1,,,1,70,,15040,1,,,1,30,,15041,1,,,1,70,,15045,1,,,1,30,,15042,1,,,1,70,,15046,1,,,1,30,,15043,1,,,1,100,,15044,1,,,1
2201,'22-Saturday-10000010',654,,15047,26,4,,1,70,,15048,26,4,,1,30,,15049,26,4,,1,70,,15050,26,4,,1,30,,15051,26,4,,1,71,,15052,26,4,,1,30,,15053,26,4,,1,70,,15054,26,4,,1,30,,15055,26,4,,1,70,,15056,26,4,,1,30,,15057,26,4,,1,70,,15058,26,4,,1,30,,15059,26,4,,1,70,,15060,26,4,,1,30,,15061,26,4,,1,70,,15062,26,4,,1,30,,15063,26,4,,1,70,,15064,26,4,,1,30,,15065,26,4,,1,70,,15066,26,4,,1,30,,15067,26,4,,1,70,,15068,26,4,,1,30,,15069,26,4,,1,69,,15070,26,4,,1,30,,15071,26,4,,1,70,,15072,26,4,,1,30,,15073,26,4,,1,70,,15074,26,4,,1,30,,15075,26,4,,1,70,,15076,26,4,,1,30,,15077,26,4,,1,70,,15078,26,4,,1,100,,15079,26,4,,1
2201,'22-Sunday-10000001',924,,15089,26,4,,1,100,,15080,26,4,,1,100,,15081,26,4,,1,100,,15082,26,4,,1,100,,15083,26,4,,1,100,,15084,26,4,,1,100,,15085,26,4,,1,100,,15086,26,4,,1,100,,15087,26,4,,1,100,,15088,26,4,,1,100,,15090,26,4,,1
2201,'22-Weekday-11111100',622,,15121,26,4,,1,30,,15091,26,4,,1,70,,15092,26,4,,1,34,,15093,26,4,,1,74,,15094,26,4,,1,70,,15095,26,4,,1,30,,15096,26,4,,1,28,,15097,26,4,,1,68,,15098,26,4,,1,30,,15099,26,4,,1,70,,15100,26,4,,1,30,,15101,26,4,,1,70,,15102,26,4,,1,30,,15103,26,4,,1,70,,15104,26,4,,1,30,,15105,26,4,,1,70,,15106,26,4,,1,75,,15107,26,4,,1,31,,15108,26,4,,1,71,,15109,26,4,,1,30,,15110,26,4,,1,70,,15111,26,4,,1,30,,15112,26,4,,1,70,,15113,26,4,,1,27,,15114,26,4,,1,27,,15115,26,4,,1,70,,15116,26,4,,1,30,,15117,26,4,,1,70,,15118,26,4,,1,30,,15122,26,4,,1,70,,15119,26,4,,1,30,,15123,26,4,,1,67,,15120,26,4,,1,28,,15125,26,4,,1,70,,15124,26,4,,1
3300,'33-Saturday-10000010',643,,16269,1,,,1,70,,16270,1,,,1,30,,16271,1,,,1,70,,16272,1,,,1,29,,16273,1,,,1,68,,16274,1,,,1,30,,16275,1,,,1,70,,16276,1,,,1,30,,16277,1,,,1,70,,16278,1,,,1,30,,16279,1,,,1,70,,16280,1,,,1,30,,16281,1,,,1,70,,16282,1,,,1,30,,16283,1,,,1,70,,16284,1,,,1,30,,16285,1,,,1,70,,16286,1,,,1,30,,16287,1,,,1,70,,16288,1,,,1,30,,16289,1,,,1,70,,16290,1,,,1,31,,16291,1,,,1,72,,16292,1,,,1,30,,16293,1,,,1
3300,'33-Sunday-10000001',743,,16294,1,,,1,70,,16295,1,,,1,29,,16296,1,,,1,68,,16297,1,,,1,30,,16298,1,,,1,70,,16299,1,,,1,30,,16300,1,,,1,70,,16301,1,,,1,30,,16302,1,,,1,70,,16303,1,,,1,30,,16304,1,,,1,70,,16305,1,,,1,30,,16306,1,,,1,70,,16307,1,,,1,30,,16308,1,,,1,70,,16309,1,,,1,30,,16310,1,,,1,70,,16311,1,,,1,30,,16312,1,,,1,70,,16313,1,,,1,31,,16314,1,,,1,72,,16315,1,,,1,30,,16316,1,,,1
3300,'33-Weekday-11111100',535,,16320,1,,,1,70,,16323,1,,,1,30,,16324,1,,,1,70,,16325,1,,,1,30,,16326,1,,,1,70,,16327,1,,,1,30,,16328,1,,,1,70,,16329,1,,,1,30,,16330,1,,,1,70,,16331,1,,,1,30,,16332,1,,,1,70,,16333,1,,,1,30,,16334,1,,,1,70,,16335,1,,,1,30,,16336,1,,,1,70,,16337,1,,,1,30,,16338,1,,,1,70,,16339,1,,,1,30,,16349,1,,,1,70,,16340,1,,,1,30,,16341,1,,,1,70,,16342,1,,,1,30,,16343,1,,,1,70,,16344,1,,,1,30,,16345,1,,,1,70,,16346,1,,,1,30,,16317,1,,,1,70,,16350,1,,,1,30,,16322,1,,,1,70,,16351,1,,,1,30,,16321,1,,,1,70,,16352,1,,,1,30,,16319,1,,,1,70,,16318,1,,,1,30,,16347,1,,,1,70,,16348,1,,,1
3301,'33-Saturday-10000010',726,,16353,41,4,,1,30,,16354,41,4,,1,70,,16355,41,4,,1,30,,16356,41,4,,1,73,,16357,41,4,,1,71,,16358,41,4,,1,30,,16359,41,4,,1,70,,16360,41,4,,1,30,,16361,41,4,,1,70,,16362,41,4,,1,30,,16363,41,4,,1,70,,16364,41,4,,1,30,,16365,41,4,,1,70,,16366,41,4,,1,30,,16367,41,4,,1,70,,16368,41,4,,1,30,,16369,41,4,,1,70,,16370,41,4,,1,30,,16371,41,4,,1,70,,16372,41,4,,1,30,,16373,41,4,,1,70,,16374,41,4,,1,27,,16375,41,4,,1,29,,16376,41,4,,1,70,,16377,41,4,,1
3301,'33-Sunday-10000001',826,,16378,41,4,,1,30,,16379,41,4,,1,70,,16380,41,4,,1,30,,16381,41,4,,1,70,,16382,41,4,,1,30,,16383,41,4,,1,70,,16384,41,4,,1,30,,16385,41,4,,1,70,,16386,41,4,,1,30,,16387,41,4,,1,70,,16388,41,4,,1,30,,16389,41,4,,1,70,,16390,41,4,,1,30,,16391,41,4,,1,70,,16392,41,4,,1,30,,16393,41,4,,1,70,,16394,41,4,,1,30,,16395,41,4,,1,70,,16396,41,4,,1,30,,16397,41,4,,1,70,,16398,41,4,,1,30,,16399,41,4,,1,70,,16400,41,4,,1
3301,'33-Weekday-11111100',615,,16401,41,4,,1,30,,16402,41,4,,1,70,,16403,41,4,,1,35,,16404,41,4,,1,74,,16405,41,4,,1,30,,16406,41,4,,1,70,,16407,41,4,,1,30,,16408,41,4,,1,68,,16409,41,4,,1,28,,16410,41,4,,1,70,,16411,41,4,,1,30,,16412,41,4,,1,71,,16413,41,4,,1,30,,16414,41,4,,1,70,,16415,41,4,,1,30,,16416,41,4,,1,70,,16417,41,4,,1,31,,16418,41,4,,1,72,,16419,41,4,,1,31,,16420,41,4,,1,70,,16421,41,4,,1,30,,16422,41,4,,1,70,,16423,41,4,,1,30,,16424,41,4,,1,69,,16425,41,4,,1,26,,16426,41,4,,1,68,,16427,41,4,,1,30,,16433,41,4,,1,70,,16428,41,4,,1,30,,16429,41,4,,1,70,,16434,41,4,,1,30,,16430,41,4,,1,68,,16435,41,4,,1,29,,16431,41,4,,1,68,,16432,41,4,,1,30,,16436,41,4,,1
