1301,'13-Holiday1-10000001',827,,24597,5,,,1,100,,24598,5,,,1,100,,24599,5,,,1,100,,24600,5,,,1,100,,24601,5,,,1,100,,24602,5,,,1,100,,24603,5,,,1,100,,24604,5,,,1,100,,24605,5,,,1,100,,24606,5,,,1,100,,24607,5,,,1,100,,24608,5,,,1,100,,24609,5,,,1,100,,24610,5,,,1,100,,24611,5,,,1,100,,24612,5,,,1
1301,'13-Saturday-10000010',657,,24614,5,,,1,70,,24615,5,,,1,30,,24616,5,,,1,70,,24617,5,,,1,30,,24618,5,,,1,71,,24619,5,,,1,30,,24620,5,,,1,70,,24621,5,,,1,30,,24622,5,,,1,70,,24623,5,,,1,30,,24613,5,,,1,70,,24624,5,,,1,30,,24625,5,,,1,70,,24626,5,,,1,30,,24627,5,,,1,70,,24628,5,,,1,30,,24629,5,,,1,70,,24630,5,,,1,30,,24631,5,,,1,70,,24632,5,,,1,30,,24633,5,,,1,70,,24634,5,,,1,30,,24635,5,,,1,69,,24636,5,,,1,30,,24637,5,,,1,70,,24638,5,,,1,30,,24646,5,,,1,70,,24639,5,,,1,30,,24640,5,,,1,70,,24641,5,,,1,30,,24642,5,,,1,70,,24643,5,,,1,30,,24644,5,,,1,70,,24645,5,,,1,30,,24647,5,,,1
1301,'13-Sunday-10000001',757,,24680,5,,,1,70,,24648,5,,,1,30,,24649,5,,,1,70,,24650,5,,,1,30,,24651,5,,,1,70,,24652,5,,,1,30,,24653,5,,,1,70,,24654,5,,,1,30,,24655,5,,,1,70,,24656,5,,,1,30,,24657,5,,,1,70,,24658,5,,,1,30,,24659,5,,,1,70,,24660,5,,,1,30,,24661,5,,,1,70,,24662,5,,,1,30,,24663,5,,,1,70,,24664,5,,,1,30,,24665,5,,,1,70,,24666,5,,,1,30,,24667,5,,,1,70,,24668,5,,,1,30,,24669,5,,,1,70,,24670,5,,,1,30,,24671,5,,,1,70,,24672,5,,,1,30,,24673,5,,,1,70,,24674,5,,,1,30,,24675,5,,,1,70,,24676,5,,,1,30,,24677,5,,,1,70,,24678,5,,,1,30,,24679,5,,,1
1301,'13-Weekday-11111100',557,,24711,5,,,1,68,,24714,5,,,1,14,,24717,5,,,1,72,,24706,5,,,1,35,,24705,5,,,1,76,,24681,5,,,1,32,,24682,5,,,1,68,,24683,5,,,1,33,,24684,5,,,1,68,,24685,5,,,1,28,,24686,5,,,1,72,,24687,5,,,1,28,,24688,5,,,1,72,,24689,5,,,1,28,,24690,5,,,1,72,,24691,5,,,1,28,,24692,5,,,1,72,,24693,5,,,1,29,,24694,5,,,1,72,,24695,5,,,1,30,,24707,5,,,1,73,,24696,5,,,1,27,,24697,5,,,1,73,,24704,5,,,1,27,,24698,5,,,1,70,,24699,5,,,1,80,,24700,5,,,1,30,,24701,5,,,1,70,,24713,5,,,1,30,,24712,5,,,1,70,,24702,5,,,1,30,,24703,5,,,1,70,,24708,5,,,1,27,,24716,5,,,1,70,,24709,5,,,1,30,,24710,5,,,1,70,,24715,5,,,1
3101,'31-Saturday-10000010',731,,26963,36,,,1,70,,26964,36,,,1,30,,26965,36,,,1,70,,26966,36,,,1,32,,26967,36,,,1,70,,26968,36,,,1,30,,26969,36,,,1,70,,26970,36,,,1,30,,26971,36,,,1,70,,26972,36,,,1,30,,26973,36,,,1,70,,26974,36,,,1,30,,26975,36,,,1,70,,26976,36,,,1,30,,26977,36,,,1,70,,26978,36,,,1,30,,26979,36,,,1,70,,26980,36,,,1,30,,26981,36,,,1,70,,26982,36,,,1,30,,26983,36,,,1,70,,26984,36,,,1,28,,26985,36,,,1,70,,26986,36,,,1,30,,26987,36,,,1
3101,'31-Sunday-10000001',831,,26988,36,,,1,70,,26989,36,,,1,30,,26990,36,,,1,70,,26991,36,,,1,30,,26992,36,,,1,70,,26993,36,,,1,30,,26994,36,,,1,70,,26995,36,,,1,30,,26996,36,,,1,70,,26997,36,,,1,30,,26998,36,,,1,70,,26999,36,,,1,30,,27000,36,,,1,70,,27001,36,,,1,30,,27002,36,,,1,70,,27003,36,,,1,30,,27004,36,,,1,70,,27005,36,,,1,30,,27006,36,,,1,70,,27007,36,,,1,30,,27008,36,,,1,70,,27009,36,,,1,30,,27010,36,,,1
3101,'31-Weekday-11111100',602,,27043,18,,,1,30,,27044,18,,,1,71,,27012,36,,,1,35,,27031,36,,,1,70,,27032,36,,,1,30,,27033,36,,,1,70,,27034,36,,,1,30,,27045,36,,,1,67,,27035,36,,,1,30,,27036,36,,,1,70,,27037,36,,,1,30,,27038,36,,,1,70,,27039,36,,,1,30,,27040,36,,,1,70,,27041,36,,,1,30,,27042,36,,,1,70,,27030,36,,,1,31,,27029,36,,,1,73,,27028,36,,,1,30,,27027,36,,,1,70,,27026,36,,,1,30,,27025,36,,,1,70,,27024,36,,,1,30,,27023,36,,,1,69,,27022,36,,,1,26,,27021,36,,,1,70,,27020,36,,,1,30,,27019,36,,,1,70,,27018,36,,,1,30,,27017,36,,,1,70,,27016,36,,,1,30,,27015,36,,,1,69,,27014,36,,,1,25,,27013,36,,,1,30,,27011,36,,,1
20101,'201-Holiday1-10000001',716,,30169,9,,,1,30,,30170,9,,,1,70,,30171,9,,,1,30,,30172,9,,,1,70,,30173,9,,,1,30,,30174,9,,,1,71,,30175,9,,,1,30,,30176,9,,,1,70,,30177,9,,,1,30,,30178,9,,,1,70,,30168,9,,,1,30,,30179,9,,,1,70,,30180,9,,,1,30,,30181,9,,,1,70,,30182,9,,,1,30,,30183,9,,,1,70,,30184,9,,,1,30,,30185,9,,,1,70,,30186,9,,,1,30,,30187,9,,,1,70,,30188,9,,,1,30,,30189,9,,,1,69,,30190,9,,,1,30,,30191,9,,,1,70,,30192,9,,,1,30,,30193,9,,,1,70,,30194,9,,,1,30,,30195,9,,,1,70,,30196,9,,,1,30,,30197,9,,,1,70,,30198,9,,,1,30,,30199,9,,,1,70,,30200,9,,,1,30,,30201,9,,,1,70,,30202,9,,,1
20101,'201-Saturday-10000010',646,,30238,9,,,1,70,,30203,9,,,1,30,,30204,9,,,1,70,,30205,9,,,1,30,,30206,9,,,1,71,,30207,9,,,1,30,,30208,9,,,1,70,,30209,9,,,1,30,,30210,9,,,1,70,,30211,9,,,1,30,,30212,9,,,1,70,,30213,9,,,1,30,,30214,9,,,1,70,,30215,9,,,1,30,,30216,9,,,1,70,,30217,9,,,1,30,,30218,9,,,1,70,,30219,9,,,1,30,,30220,9,,,1,70,,30221,9,,,1,30,,30222,9,,,1,70,,30223,9,,,1,30,,30224,9,,,1,69,,30225,9,,,1,30,,30226,9,,,1,70,,30227,9,,,1,30,,30228,9,,,1,70,,30229,9,,,1,30,,30230,9,,,1,70,,30231,9,,,1,30,,30232,9,,,1,70,,30233,9,,,1,30,,30234,9,,,1,70,,30235,9,,,1,30,,30236,9,,,1,70,,30237,9,0,13 14 7,1
20101,'201-Sunday-10000001',716,,30240,9,,,1,30,,30241,9,,,1,70,,30242,9,,,1,30,,30243,9,,,1,70,,30244,9,,,1,30,,30245,9,,,1,71,,30246,9,,,1,30,,30247,9,,,1,70,,30248,9,,,1,30,,30249,9,,,1,70,,30239,9,,,1,30,,30250,9,,,1,70,,30251,9,,,1,30,,30252,9,,,1,70,,30253,9,,,1,30,,30254,9,,,1,70,,30255,9,,,1,30,,30256,9,,,1,70,,30257,9,,,1,30,,30258,9,,,1,70,,30259,9,,,1,30,,30260,9,,,1,69,,30261,9,,,1,30,,30262,9,,,1,70,,30263,9,,,1,30,,30264,9,,,1,70,,30265,9,,,1,30,,30266,9,,,1,70,,30267,9,,,1,30,,30268,9,,,1,70,,30269,9,,,1,30,,30270,9,,,1,70,,30271,9,,,1,30,,30272,9,,,1,70,,30273,9,,,1
20101,'201-Weekday-11111100',531,,30348,9,,,1,70,,30349,9,,,1,15,,30307,9,,,1,15,,30310,9,,,1,15,,30308,9,,,1,55,,30311,9,,,1,17,,30305,9,,,1,10,,30312,9,,,1,10,,30334,9,,,1,10,,30304,9,,,1,10,,30313,9,,,1,50,,30335,9,,,1,10,,30274,9,,,1,10,,30314,9,,,1,10,,30336,9,,,1,10,,30309,9,,,1,10,,30315,9,,,1,50,,30337,9,,,1,10,,30306,9,,,1,10,,30316,9,,,1,10,,30338,9,,,1,12,,30275,9,,,1,50,,30317,9,,,1,10,,30351,9,,,1,10,,30276,9,,,1,10,,30318,9,,,1,10,,30352,9,,,1,10,,30277,9,,,1,50,,30319,9,,,1,10,,30353,9,,,1,10,,30278,9,,,1,10,,30320,9,,,1,10,,30354,9,,,1,10,,30279,9,,,1,50,,30321,9,,,1,10,,30355,9,,,1,10,,30280,9,,,1,10,,30322,9,,,1,10,,30356,9,,,1,10,,30281,9,,,1,50,,30323,9,,,1,10,,30357,9,,,1,10,,30282,9,,,1,10,,30324,9,,,1,10,,30358,9,,,1,10,,30283,9,,,1,50,,30325,9,,,1,10,,30359,9,,,1,10,,30284,9,,,1,11,,30360,9,,,1,10,,30326,9,,,1,10,,30285,9,,,1,50,,30327,9,,,1,10,,30339,9,,,1,10,,30286,9,,,1,10,,30328,9,,,1,10,,30340,9,,,1,10,,30287,9,,,1,50,,30329,9,,,1,10,,30341,9,,,1,10,,30292,9,,,1,10,,30330,9,,,1,10,,30343,9,,,1,10,,30288,9,,,1,50,,30331,9,,,1,10,,30342,9,,,1,10,,30289,9,,,1,10,,30332,9,,,1,10,,30344,9,,,1,10,,30290,9,,,1,50,,30333,9,,,1,9,,30345,9,,,1,9,,30291,9,,,1,15,,30293,9,,,1,15,,30361,9,,,1,55,,30294,9,,,1,15,,30362,9,,,1,15,,30295,9,,,1,15,,30363,9,,,1,55,,30296,9,,,1,15,,30364,9,,,1,15,,30297,9,,,1,15,,30365,9,,,1,55,,30298,9,,,1,15,,30366,9,,,1,15,,30299,9,,,1,15,,30367,9,,,1,54,,30300,9,,,1,43,,30301,9,,,1,70,,30302,9,,,1,35,,30303,9,,,1,70,,30350,9,,,1
