1300,'13-Holiday1-10000001',823,,24477,31,,,1,100,,24478,31,,,1,102,,24479,31,,,1,100,,24480,31,,,1,100,,24481,31,,,1,100,,24482,31,,,1,100,,24483,31,,,1,100,,24484,31,,,1,100,,24485,31,,,1,100,,24486,31,,,1,98,,24487,31,,,1,100,,24488,31,,,1,100,,24489,31,,,1,100,,24490,31,,,1,100,,24491,31,,,1,100,,24492,31,,,1
1300,'13-Saturday-10000010',725,,24494,31,,,1,30,,24495,31,,,1,70,,24496,31,,,1,30,,24497,31,,,1,70,,24498,31,,,1,30,,24499,31,,,1,70,,24500,31,,,1,30,,24501,31,,,1,70,,24502,31,,,1,30,,24503,31,,,1,70,,24504,31,,,1,30,,24505,31,,,1,70,,24506,31,,,1,30,,24507,31,,,1,70,,24493,31,,,1,30,,24508,31,,,1,70,,24509,31,,,1,30,,24510,31,,,1,70,,24511,31,,,1,30,,24512,31,,,1,70,,24513,31,,,1,30,,24514,31,,,1,70,,24515,31,,,1,30,,24516,31,,,1,70,,24517,31,,,1,30,,24518,31,,,1,70,,24519,31,,,1,30,,24520,31,,,1,70,,24521,31,,,1,30,,24522,31,,,1,70,,24523,31,,,1,30,,24524,31,,,1,70,,24525,31,,,1,30,,24526,31,,,1,70,,24527,31,,,1
1300,'13-Sunday-10000001',823,,24529,31,,,1,30,,24528,31,,,1,70,,24530,31,,,1,30,,24531,31,,,1,72,,24532,31,,,1,30,,24533,31,,,1,70,,24534,31,,,1,30,,24535,31,,,1,70,,24536,31,,,1,30,,24537,31,,,1,70,,24538,31,,,1,30,,24539,31,,,1,70,,24540,31,,,1,30,,24541,31,,,1,70,,24542,31,,,1,30,,24543,31,,,1,70,,24544,31,,,1,30,,24545,31,,,1,70,,24546,31,,,1,30,,24547,31,,,1,68,,24548,31,,,1,30,,24549,31,,,1,70,,24550,31,,,1,30,,24551,31,,,1,70,,24552,31,,,1,30,,24553,31,,,1,70,,24554,31,,,1,30,,24555,31,,,1,70,,24556,31,,,1,30,,24557,31,,,1,70,,24558,31,,,1
1300,'13-Weekday-11111100',552,,24584,31,,,1,70,,24559,31,,,1,30,,24560,31,,,1,76,,24561,31,,,1,30,,24562,31,,,1,70,,24563,31,,,1,30,,24564,31,,,1,70,,24565,31,,,1,28,,24566,31,,,1,70,,24567,31,,,1,30,,24568,31,,,1,70,,24569,31,,,1,30,,24570,31,,,1,70,,24571,31,,,1,30,,24572,31,,,1,70,,24573,31,,,1,30,,24574,31,,,1,70,,24575,31,,,1,31,,24576,31,,,1,70,,24577,31,,,1,30,,24578,31,,,1,70,,24579,31,,,1,30,,24580,31,,,1,70,,24581,31,,,1,30,,24582,31,,,1,67,,24583,31,,,1,30,,24589,31,,,1,70,,24590,31,,,1,30,,24591,31,,,1,70,,24592,31,,,1,30,,24593,31,,,1,70,,24594,31,,,1,30,,24595,31,,,1,67,,24596,31,,,1,30,,24585,31,,,1,70,,24587,31,,,1,30,,24586,31,,,1,70,,24588,31,,,1
3100,'31-Saturday-10000010',652,,26882,14,,,1,70,,26883,14,,,1,30,,26884,14,,,1,70,,26885,14,,,1,30,,26886,14,,,1,70,,26887,14,,,1,32,,26888,14,,,1,70,,26889,14,,,1,30,,26890,14,,,1,70,,26891,14,,,1,30,,26892,14,,,1,70,,26893,14,,,1,30,,26881,14,,,1,70,,26894,14,,,1,30,,26895,14,,,1,70,,26896,14,,,1,30,,26897,14,,,1,70,,26898,14,,,1,30,,26899,14,,,1,70,,26900,14,,,1,30,,26901,14,,,1,70,,26902,14,,,1,30,,26903,14,,,1,70,,26904,14,,,1,28,,26905,14,,,1
3100,'31-Sunday-10000001',822,,26906,14,,,1,30,,26907,14,,,1,70,,26908,14,,,1,30,,26909,14,,,1,70,,26910,14,,,1,30,,26911,14,,,1,70,,26912,14,,,1,30,,26913,14,,,1,70,,26914,14,,,1,30,,26915,14,,,1,70,,26916,14,,,1,30,,26917,14,,,1,70,,26918,14,,,1,30,,26919,14,,,1,70,,26920,14,,,1,30,,26921,14,,,1,70,,26922,14,,,1,30,,26923,14,,,1,70,,26924,14,,,1,30,,26925,14,,,1,70,,26926,14,,,1,30,,26927,14,,,1
3100,'31-Weekday-11111100',622,,26929,14,,,1,30,,26928,14,,,1,72,,26961,14,,,1,35,,26930,14,,,1,70,,26931,14,,,1,30,,26932,14,,,1,70,,26933,14,,,1,29,,26934,14,,,1,67,,26935,14,,,1,30,,26936,14,,,1,70,,26937,14,,,1,30,,26938,14,,,1,70,,26939,14,,,1,30,,26940,14,,,1,70,,26941,14,,,1,30,,26942,14,,,1,70,,26943,14,,,1,33,,26944,14,,,1,73,,26945,14,,,1,70,,26946,14,,,1,30,,26947,14,,,1,70,,26948,14,,,1,30,,26949,14,,,1,69,,26950,14,,,1,28,,26951,14,,,1,26,,26952,14,,,1,70,,26962,14,,,1,30,,26953,14,,,1,70,,26954,14,,,1,30,,26955,14,,,1,70,,26956,14,,,1,30,,26957,14,,,1,67,,26958,14,,,1,25,,26959,14,,,1,70,,26960,14,,,1
20100,'201-Holiday1-10000001',729,,29968,28,,,1,30,,29969,28,,,1,70,,29970,28,,,1,30,,29971,28,,,1,70,,29972,28,,,1,30,,29973,28,,,1,71,,29974,28,,,1,71,,29975,28,,,1,30,,29967,28,,,1,70,,29976,28,,,1,30,,29977,28,,,1,70,,29978,28,,,1,30,,29979,28,,,1,70,,29980,28,,,1,30,,29981,28,,,1,70,,29982,28,,,1,30,,29983,28,,,1,70,,29984,28,,,1,30,,29985,28,,,1,70,,29986,28,,,1,30,,29987,28,,,1,70,,29988,28,,,1,29,,29989,28,,,1,29,,29990,28,,,1,70,,29991,28,,,1,30,,29992,28,,,1,70,,29993,28,,,1,30,,29994,28,,,1,70,,29995,28,,,1,30,,29996,28,,,1,70,,29997,28,,,1,30,,29998,28,,,1,70,,29999,28,,,1,30,,30000,28,,,1,70,,30001,28,,,1
20100,'201-Saturday-10000010',705,,30037,21,,,1,25,,30002,28,,,1,70,,30003,28,,,1,30,,30004,28,,,1,70,,30005,28,,,1,30,,30006,28,,,1,71,,30007,28,,,1,30,,30008,28,,,1,70,,30009,28,,,1,30,,30010,28,,,1,70,,30011,28,,,1,30,,30012,28,,,1,70,,30013,28,,,1,30,,30014,28,,,1,70,,30015,28,,,1,30,,30016,28,,,1,70,,30017,28,,,1,30,,30018,28,,,1,70,,30019,28,,,1,30,,30020,28,,,1,70,,30021,28,,,1,30,,30022,28,,,1,70,,30023,28,,,1,30,,30024,28,,,1,69,,30025,28,,,1,30,,30026,28,,,1,70,,30027,28,,,1,30,,30028,28,,,1,70,,30029,28,,,1,30,,30030,28,,,1,70,,30031,28,,,1,30,,30032,28,,,1,70,,30033,28,,,1,30,,30034,28,,,1,70,,30035,28,,,1,30,,30036,28,,,1
20100,'201-Sunday-10000001',729,,30039,28,,,1,30,,30040,28,,,1,70,,30041,28,,,1,30,,30042,28,,,1,70,,30043,28,,,1,30,,30044,28,,,1,71,,30045,28,,,1,71,,30046,28,,,1,30,,30038,28,,,1,70,,30047,28,,,1,30,,30048,28,,,1,70,,30049,28,,,1,30,,30050,28,,,1,70,,30051,28,,,1,30,,30052,28,,,1,70,,30053,28,,,1,30,,30054,28,,,1,70,,30055,28,,,1,30,,30056,28,,,1,70,,30057,28,,,1,30,,30058,28,,,1,70,,30059,28,,,1,29,,30060,28,,,1,29,,30061,28,,,1,70,,30062,28,,,1,30,,30063,28,,,1,70,,30064,28,,,1,30,,30065,28,,,1,70,,30066,28,,,1,30,,30067,28,,,1,70,,30068,28,,,1,30,,30069,28,,,1,70,,30070,28,,,1,30,,30071,28,,,1,70,,30072,28,,,1
20100,'201-Weekday-11111100',545,,30107,21,,,1,60,,30148,21,,,1,16,,30108,28,,,1,15,,30109,28,,,1,15,,30106,28,,,1,56,,30110,28,,,1,19,,30105,28,,,1,17,,30111,28,,,1,15,,30104,28,,,1,50,,30136,28,,,1,10,,30112,28,,,1,10,,30100,28,,,1,10,,30137,28,,,1,10,,30113,28,,,1,10,,30101,28,,,1,50,,30138,28,,,1,10,,30114,28,,,1,10,,30098,28,,,1,10,,30139,28,,,1,9,,30115,28,,,1,9,,30097,28,,,1,48,,30140,28,,,1,11,,30116,28,,,1,10,,30073,28,,,1,10,,30152,28,,,1,10,,30117,28,,,1,10,,30074,28,,,1,50,,30153,28,,,1,10,,30118,28,,,1,10,,30075,28,,,1,10,,30154,28,,,1,10,,30119,28,,,1,10,,30076,28,,,1,50,,30155,28,,,1,10,,30120,28,,,1,10,,30077,28,,,1,10,,30156,28,,,1,10,,30121,28,,,1,10,,30078,28,,,1,50,,30157,28,,,1,10,,30122,28,,,1,10,,30079,28,,,1,10,,30158,28,,,1,10,,30123,28,,,1,10,,30080,28,,,1,50,,30159,28,,,1,10,,30124,28,,,1,10,,30081,28,,,1,10,,30160,28,,,1,11,,30125,28,,,1,11,,30082,28,,,1,52,,30161,28,,,1,11,,30126,28,,,1,11,,30167,28,,,1,10,,30099,28,,,1,10,,30141,28,,,1,50,,30135,28,,,1,10,,30127,28,,,1,10,,30142,28,,,1,10,,30103,28,,,1,10,,30083,28,,,1,10,,30143,28,,,1,50,,30128,28,,,1,10,,30129,28,,,1,10,,30144,28,,,1,10,,30084,28,,,1,10,,30130,28,,,1,10,,30145,28,,,1,50,,30102,28,,,1,8,,30131,28,,,1,9,,30146,28,,,1,8,,30085,28,,,1,9,,30132,28,,,1,10,,30147,28,,,1,9,,30086,28,,,1,50,,30133,28,,,1,15,,30166,28,,,1,15,,30134,28,,,1,15,,30149,28,,,1,55,,30087,28,,,1,15,,30150,28,,,1,15,,30088,28,,,1,15,,30151,28,,,1,55,,30089,28,,,1,15,,30162,28,,,1,15,,30090,28,,,1,15,,30163,28,,,1,54,,30091,28,,,1,13,,30164,28,0,15 16,1,14,,30092,28,,,1,13,,30165,28,,,1,70,,30093,28,,,1,30,,30094,28,,,1,75,,30095,28,,,1,30,,30096,28,,,1
