6001,'60-Saturday-10000010',722,,18233,8,,,1,30,,18234,8,,,1,70,,18235,8,,,1,30,,18236,8,,,1,70,,18237,8,,,1,30,,18238,8,,,1,70,,18239,8,,,1,30,,18240,8,,,1,70,,18241,8,,,1,30,,18242,8,,,1,70,,18243,8,,,1,30,,18244,8,,,1,70,,18245,8,,,1,30,,18246,8,,,1,70,,18247,8,,,1,30,,18248,8,,,1,70,,18249,8,,,1,30,,18250,8,,,1,70,,18251,8,,,1,30,,18252,8,,,1,70,,18253,8,,,1,30,,18254,8,,,1,70,,18255,8,,,1,30,,18256,8,,,1
6001,'60-Weekday-11111100',622,,18258,8,,,1,30,,18259,8,,,1,73,,18260,8,,,1,30,,18261,8,,,1,70,,18262,8,,,1,30,,18263,8,,,1,70,,18264,8,,,1,28,,18265,8,,,1,70,,18266,8,,,1,30,,18267,8,,,1,70,,18268,8,,,1,30,,18269,8,,,1,70,,18270,8,,,1,30,,18271,8,,,1,70,,18272,8,,,1,30,,18273,8,,,1,70,,18274,8,,,1,33,,18275,8,,,1,60,,18276,8,,,1,30,,18277,8,,,1,70,,18278,8,,,1,30,,18279,8,,,1,70,,18280,8,,,1,30,,18281,8,,,1,68,,18282,8,,,1,38,,18283,8,,,1,70,,18284,8,,,1,30,,18285,8,,,1,70,,18286,8,,,1,30,,18287,8,,,1,70,,18288,8,,,1,30,,18257,8,,,1
6501,'65-Holiday1-10000001',836,,18959,15,,,1,81,,18960,15,,,1,85,,18961,15,,,1,46,,18962,15,,,1,85,,18963,15,,,1,85,,18964,15,,,1,85,,18965,15,,,1,45,,18966,15,,,1,85,,18967,15,,,1,85,,18968,15,,,1,85,,18969,15,,,1,45,,18970,15,,,1,85,,18971,15,,,1,84,,18972,15,,,1,85,,18973,15,,,1,45,,18974,15,,,1,85,,18975,15,,,1,85,,18976,15,,,1,85,,18977,15,,,1
6501,'65-Saturday-10000010',717,,18978,15,,,1,30,,18979,15,,,1,70,,18980,15,,,1,30,,18981,15,,,1,72,,18982,15,,,1,31,,18983,15,,,1,70,,18984,15,,,1,30,,18985,15,,,1,70,,18986,15,,,1,30,,18987,15,,,1,70,,18988,15,,,1,30,,18989,15,,,1,70,,18990,15,,,1,30,,18991,15,,,1,70,,18992,15,,,1,30,,18993,15,,,1,70,,18994,15,,,1,30,,18995,15,,,1,70,,18996,15,,,1,30,,18997,15,,,1,70,,18998,15,,,1,30,,18999,15,,,1,68,,19000,15,,,1,29,,19001,15,,,1,85,,19002,15,,,1,85,,19003,15,,,1,85,,19004,15,,,1,45,,19005,15,,,1,85,,19006,15,,,1,85,,19007,15,,,1
6501,'65-Sunday-10000001',847,,19008,15,,,1,70,,19009,15,,,1,30,,19041,15,,,1,71,,19010,15,,,1,22,,19033,15,,,1,8,,19011,15,,,1,70,,19012,15,,,1,22,,19034,15,,,1,8,,19013,15,,,1,70,,19014,15,,,1,22,,19035,15,,,1,8,,19015,15,,,1,70,,19016,15,,,1,22,,19036,15,,,1,8,,19017,15,,,1,70,,19018,15,,,1,22,,19037,15,,,1,8,,19019,15,,,1,70,,19020,15,,,1,22,,19038,15,,,1,8,,19021,15,,,1,70,,19022,15,,,1,22,,19039,15,,,1,8,,19023,15,,,1,70,,19024,15,,,1,22,,19040,15,,,1,8,,19025,15,,,1,69,,19026,15,,,1,30,,19027,15,,,1,85,,19028,15,,,1,85,,19029,15,,,1,85,,19030,15,,,1,45,,19031,15,,,1,85,,19032,15,,,1
6501,'65-Weekday-11111100',547,,19042,15,,,1,70,,19043,15,,,1,30,,19044,15,,,1,72,,19045,15,,,1,32,,19046,15,,,1,70,,19047,15,,,1,30,,19048,15,,,1,70,,19049,15,,,1,29,,19050,15,,,1,70,,19051,15,,,1,30,,19052,15,,,1,70,,19053,15,,,1,30,,19054,15,,,1,70,,19055,15,,,1,30,,19056,15,,,1,70,,19057,15,,,1,30,,19058,15,,,1,70,,19059,15,,,1,38,,19060,15,,,1,72,,19061,15,,,1,70,,19062,15,,,1,30,,19063,15,,,1,70,,19064,15,,,1,30,,19065,15,,,1,70,,19066,15,,,1,26,,19067,15,,,1,22,,19068,15,,,1,70,,19069,15,,,1,30,,19070,15,,,1,70,,19071,15,,,1,30,,19072,15,,,1,70,,19073,15,,,1,30,,19074,15,,,1,68,,19075,15,,,1,28,,19076,15,,,1,70,,19077,15,,,1,30,,19078,15,,,1
20301,'203-Holiday1-10000001',1006,,20072,22,,,1,101,,20080,22,,,1,100,,20079,22,,,1,100,,20078,22,,,1,100,,20077,22,,,1,100,,20076,22,,,1,100,,20075,22,,,1,100,,20074,22,,,1,99,,20073,22,,,1,99,,20071,22,,,1,100,,20083,22,,,1,100,,20082,22,,,1,100,,20081,22,,,1
20301,'203-Saturday-10000010',737,,20087,22,,,1,100,,20088,22,,,1,100,,20089,22,,,1,100,,20090,22,,,1,70,,20091,22,,,1,30,,20092,22,,,1,70,,20093,22,,,1,30,,20094,22,,,1,70,,20095,22,,,1,30,,20096,22,,,1,70,,20097,22,,,1,30,,20098,22,,,1,70,,20099,22,,,1,30,,20100,22,,,1,70,,20101,22,,,1,30,,20102,22,,,1,70,,20103,22,,,1,30,,20084,22,,,1,70,,20086,22,,,1,30,,20085,22,,,1,70,,20104,22,,,1,95,,20105,22,,,1,100,,20106,22,,,1,100,,20107,22,,,1
20301,'203-Sunday-10000001',1006,,20109,22,,,1,101,,20117,22,,,1,100,,20116,22,,,1,100,,20115,22,,,1,100,,20114,22,,,1,100,,20113,22,,,1,100,,20112,22,,,1,100,,20111,22,,,1,99,,20110,22,,,1,49,,20108,22,,,1,100,,20120,22,,,1,100,,20119,22,,,1,100,,20118,22,,,1
20301,'203-Weekday-11111100',707,,20121,27,,,1,30,,20122,27,,,1,78,,20123,27,,,1,30,,20124,27,,,1,70,,20125,27,,,1,29,,20126,27,,,1,76,,20127,27,,,1,30,,20136,27,,,1,70,,20137,27,,,1,30,,20138,27,,,1,70,,20139,27,,,1,30,,20140,27,,,1,70,,20141,27,,,1,30,,20142,27,,,1,70,,20143,27,,,1,33,,20144,27,,,1,68,,20145,27,,,1,29,,20146,27,,,1,70,,20147,27,,,1,30,,20148,27,,,1,70,,20149,27,,,1,30,,20150,27,,,1,67,,20151,27,,,1,30,,20152,27,,,1,71,,20153,27,,,1,30,,20135,27,,,1,70,,20128,27,,,1,30,,20129,27,,,1,70,,20130,27,,,1,30,,20131,27,,,1,68,,20132,27,,,1,27,,20133,27,,,1,65,,20134,27,,,1,30,,20154,27,,,1
