5301,'53-Holiday1-10000001',847,,28112,3,,,1,100,,28113,3,,,1,100,,28114,3,,,1,100,,28115,3,,,1,100,,28116,3,,,1,100,,28117,3,,,1,100,,28118,3,,,1,100,,28119,3,,,1,100,,28120,3,,,1,100,,28121,3,,,1,100,,28122,3,,,1,100,,28123,3,,,1,100,,28124,3,,,1,100,,28125,3,,,1,100,,28126,3,,,1
5301,'53-Saturday-10000010',647,,28155,3,,,1,70,,28128,3,,,1,30,,28129,3,,,1,70,,28130,3,,,1,30,,28131,3,,,1,70,,28132,3,,,1,30,,28133,3,,,1,70,,28134,3,,,1,30,,28135,3,,,1,70,,28136,3,,,1,30,,28137,3,,,1,70,,28138,3,,,1,30,,28139,3,,,1,70,,28140,3,,,1,30,,28141,3,,,1,70,,28142,3,,,1,30,,28143,3,,,1,70,,28144,3,,,1,30,,28145,3,,,1,70,,28146,3,,,1,30,,28147,3,,,1,70,,28148,3,,,1,30,,28149,3,,,1,70,,28150,3,,,1,30,,28151,3,,,1,100,,28152,3,,,1,100,,28153,3,,,1,100,,28154,3,,,1,100,,28127,3,,,1,155,,28156,3,,,1
5301,'53-Sunday-10000001',817,,28157,3,,,1,100,,28158,3,,,1,100,,28159,3,,,1,30,,28160,3,,,1,70,,28161,3,,,1,30,,28162,3,,,1,70,,28163,3,,,1,30,,28164,3,,,1,70,,28165,3,,,1,30,,28166,3,,,1,70,,28167,3,,,1,30,,28168,3,,,1,70,,28169,3,,,1,30,,28170,3,,,1,70,,28171,3,,,1,30,,28172,3,,,1,70,,28173,3,,,1,30,,28174,3,,,1,100,,28175,3,,,1,100,,28176,3,,,1,100,,28177,3,,,1,100,,28178,3,,,1,100,,28179,3,,,1
5301,'53-Weekday-11111100',532,,28201,3,,,1,70,,28202,3,,,1,30,,28203,3,,,1,70,,28204,3,,,1,30,,28205,3,,,1,70,,28206,3,,,1,30,,28180,3,,,1,70,,28181,3,,,1,30,,28182,3,,,1,70,,28183,3,,,1,30,,28184,3,,,1,70,,28185,3,,,1,30,,28186,3,,,1,70,,28187,3,,,1,30,,28188,3,,,1,70,,28189,3,,,1,30,,28216,3,,,1,70,,28211,3,,,1,25,,28210,3,,,1,26,,28209,3,,,1,70,,28208,3,,,1,30,,28207,3,,,1,70,,28214,3,,,1,30,,28215,3,,,1,70,,28190,3,,,1,30,,28191,3,,,1,79,,28192,3,,,1,70,,28193,3,,,1,30,,28194,3,,,1,70,,28195,3,,,1,30,,28196,3,,,1,70,,28197,3,,,1,30,,28213,3,,,1,70,,28212,3,,,1,30,,28198,3,,,1,70,,28199,3,,,1,30,,28200,3,,,1
5801,'58-Holiday1-11111111',802,,28852,3,,,1,100,,28851,3,,,1,100,,28850,3,,,1,100,,28853,3,,,1,100,,28854,3,,,1,100,,28855,3,,,1,100,,28856,3,,,1,100,,28857,3,,,1,100,,28858,3,,,1,100,,28859,3,,,1,100,,28860,3,,,1,100,,28865,3,,,1,100,,28864,3,,,1,100,,28863,3,,,1,100,,28862,3,,,1,100,,28861,3,,,1
5801,'58-Saturday-10000010',632,,28873,3,,,1,70,,28872,3,,,1,30,,28871,3,,,1,70,,28870,3,,,1,30,,28869,3,,,1,70,,28868,3,,,1,30,,28867,3,,,1,70,,28866,3,,,1,30,,28889,3,,,1,70,,28888,3,,,1,30,,28887,3,,,1,70,,28886,3,,,1,30,,28885,3,,,1,70,,28884,3,,,1,30,,28883,3,,,1,70,,28882,3,,,1,30,,28881,3,,,1,70,,28880,3,,,1,30,,28879,3,,,1,70,,28878,3,,,1,30,,28877,3,,,1,70,,28876,3,,,1,30,,28875,3,,,1,70,,28874,3,,,1,100,,28891,3,,,1,100,,28893,3,,,1,100,,28894,3,,,1,100,,28892,3,,,1,100,,28890,3,,,1
5801,'58-Sunday-10000001',832,,28897,3,,,1,100,,28896,3,,,1,100,,28895,3,,,1,70,,28898,3,,,1,30,,28912,3,,,1,70,,28911,3,,,1,30,,28910,3,,,1,70,,28909,3,,,1,30,,28908,3,,,1,70,,28907,3,,,1,30,,28906,3,,,1,70,,28905,3,,,1,30,,28904,3,,,1,70,,28903,3,,,1,30,,28902,3,,,1,70,,28901,3,,,1,30,,28900,3,,,1,70,,28899,3,,,1,100,,28917,3,,,1,100,,28916,3,,,1,100,,28915,3,,,1,100,,28914,3,,,1,100,,28913,3,,,1
5801,'58-Weekday-11111100',537,,28921,3,,,1,70,,28920,3,,,1,30,,28919,3,,,1,70,,28918,3,,,1,30,,28934,3,,,1,70,,28933,3,,,1,30,,28932,3,,,1,70,,28931,3,,,1,30,,28930,3,,,1,70,,28929,3,,,1,30,,28928,3,,,1,70,,28927,3,,,1,30,,28926,3,,,1,70,,28925,3,,,1,30,,28924,3,,,1,70,,28923,3,,,1,30,,28922,3,,,1,70,,28940,3,,,1,35,,28939,3,,,1,70,,28952,3,,,1,30,,28938,3,,,1,70,,28937,3,,,1,30,,28936,3,,,1,70,,28951,3,,,1,30,,28953,3,,,1,70,,28935,3,,,1,20,,28950,3,,,1,70,,28949,3,,,1,30,,28948,3,,,1,70,,28947,3,,,1,30,,28946,3,,,1,70,,28945,3,,,1,30,,28944,3,,,1,25,,28943,3,,,1,70,,28942,3,,,1,30,,28941,3,,,1
6500,'65-Holiday1-10000001',847,,29587,3,,,1,85,,29588,3,,,1,85,,29589,3,,,1,85,,29590,3,,,1,45,,29591,3,,,1,85,,29592,3,,,1,85,,29593,3,,,1,85,,29594,3,,,1,45,,29595,3,,,1,85,,29596,3,,,1,85,,29597,3,,,1,85,,29598,3,,,1,45,,29599,3,,,1,85,,29600,3,,,1,85,,29601,3,,,1,85,,29602,3,,,1,45,,29603,3,,,1,85,,29604,3,,,1
6500,'65-Saturday-10000010',717,,29605,3,,,1,30,,29606,3,,,1,70,,29607,3,,,1,30,,29608,3,,,1,70,,29609,3,,,1,30,,29610,3,,,1,70,,29611,3,,,1,30,,29612,3,,,1,70,,29613,3,,,1,30,,29614,3,,,1,70,,29615,3,,,1,30,,29616,3,,,1,70,,29617,3,,,1,30,,29618,3,,,1,70,,29619,3,,,1,30,,29620,3,,,1,70,,29621,3,,,1,30,,29622,3,,,1,70,,29623,3,,,1,30,,29624,3,,,1,70,,29625,3,,,1,30,,29626,3,,,1,70,,29627,3,,,1,85,,29628,3,,,1,45,,29629,3,,,1,85,,29630,3,,,1,85,,29631,3,,,1,85,,29632,3,,,1,45,,29633,3,,,1,85,,29634,3,,,1
6500,'65-Sunday-10000001',847,,29635,3,,,1,70,,29667,3,,,1,30,,29636,3,,,1,70,,29637,3,,,1,30,,29638,3,,,1,70,,29639,3,,,1,30,,29640,3,,,1,70,,29641,3,,,1,30,,29642,3,,,1,70,,29643,3,,,1,30,,29644,3,,,1,70,,29645,3,,,1,30,,29646,3,,,1,70,,29647,3,,,1,30,,29648,3,,,1,70,,29649,3,,,1,30,,29650,3,,,1,70,,29651,3,,,1,30,,29652,3,,,1,70,,29653,3,,,1,85,,29654,3,,,1,45,,29655,3,,,1,85,,29656,3,,,1,85,,29657,3,,,1,85,,29658,3,,,1
6500,'65-Weekday-11111100',617,,29668,3,,,1,30,,29669,3,,,1,70,,29670,3,,,1,30,,29671,3,,,1,70,,29672,3,,,1,30,,29673,3,,,1,70,,29674,3,,,1,30,,29675,3,,,1,70,,29676,3,,,1,30,,29677,3,,,1,70,,29678,3,,,1,30,,29679,3,,,1,70,,29680,3,,,1,30,,29681,3,,,1,70,,29682,3,,,1,30,,29683,3,,,1,75,,29684,3,,,1,31,,29685,3,,,1,70,,29686,3,,,1,30,,29687,3,,,1,70,,29688,3,,,1,30,,29689,3,,,1,70,,29690,3,,,1,30,,29691,3,,,1,64,,29692,3,,,1,30,,29693,3,,,1,70,,29694,3,,,1,30,,29695,3,,,1,70,,29696,3,,,1,30,,29697,3,,,1,70,,29698,3,,,1,30,,29699,3,,,1,70,,29700,3,,,1,30,,29701,3,,,1,70,,29702,3,,,1,30,,29703,3,,,1
