600,'6-Holiday1-10000001',828,,22517,49,,,1,100,,22518,49,,,1,100,,22519,49,,,1,100,,22520,49,,,1,100,,22521,49,,,1,100,,22522,49,,,1,100,,22523,49,,,1,100,,22524,49,,,1,100,,22525,49,,,1,100,,22526,49,,,1,100,,22527,49,,,1,100,,22528,49,,,1,100,,22529,49,,,1,100,,22530,49,,,1,100,,22531,49,,,1,100,,22532,49,,,1,100,,22533,49,,,1
600,'6-Saturday-10000010',609,,22534,34,,,1,49,,22535,49,,,1,70,,22536,49,,,1,30,,22537,49,,,1,70,,22538,49,,,1,30,,22539,49,,,1,71,,22540,49,,,1,72,,22541,49,,,1,30,,22542,49,,,1,70,,22543,49,,,1,30,,22544,49,,,1,70,,22545,49,,,1,30,,22546,49,,,1,70,,22547,49,,,1,30,,22548,49,,,1,70,,22549,49,,,1,30,,22550,49,,,1,70,,22551,49,,,1,30,,22552,49,,,1,70,,22553,49,,,1,30,,22554,49,,,1,70,,22555,49,,,1,30,,22556,49,,,1,70,,22557,49,,,1,29,,22558,49,,,1,28,,22559,49,,,1,70,,22560,49,,,1,30,,22561,49,,,1,70,,22562,49,,,1,30,,22563,49,,,1,70,,22564,49,,,1,30,,22565,49,,,1,70,,22566,49,,,1,30,,22567,49,,,1,70,,22568,49,,,1,30,,22569,49,,,1,70,,22570,49,,,1,30,,22571,49,,,1
600,'6-Sunday-10000001',828,,22572,49,,,1,30,,22573,49,,,1,70,,22574,49,,,1,30,,22575,49,,,1,70,,22576,49,,,1,30,,22577,49,,,1,70,,22578,49,,,1,30,,22579,49,,,1,70,,22580,49,,,1,30,,22581,49,,,1,70,,22582,49,,,1,30,,22583,49,,,1,70,,22584,49,,,1,30,,22585,49,,,1,70,,22586,49,,,1,30,,22587,49,,,1,70,,22588,49,,,1,30,,22589,49,,,1,70,,22590,49,,,1,30,,22591,49,,,1,70,,22592,49,,,1,30,,22593,49,,,1,70,,22594,49,,,1,30,,22595,49,,,1,70,,22596,49,,,1,30,,22597,49,,,1,70,,22598,49,,,1,30,,22599,49,,,1,70,,22600,49,,,1,30,,22601,49,,,1,70,,22602,49,,,1,30,,22603,49,,,1,70,,22604,49,,,1
600,'6-Weekday-11111100',559,,22642,30,,,1,70,,22640,49,,,1,30,,22605,49,,,1,73,,22606,49,,,1,72,,22607,49,,,1,30,,22608,49,,,1,70,,22609,49,,,1,30,,22610,49,,,1,70,,22611,49,,,1,29,,22612,49,,,1,70,,22613,49,,,1,30,,22614,49,,,1,70,,22615,49,,,1,30,,22616,49,,,1,70,,22617,49,,,1,30,,22618,49,,,1,70,,22619,49,,,1,30,,22620,49,,,1,74,,22621,49,,,1,31,,22622,49,,,1,70,,22623,49,,,1,30,,22624,49,,,1,70,,22625,49,,,1,30,,22626,49,,,1,70,,22627,49,,,1,25,,22628,49,,,1,68,,22629,49,,,1,30,,22630,49,,,1,70,,22631,49,,,1,30,,22632,49,,,1,70,,22633,49,,,1,30,,22634,49,,,1,70,,22635,49,,,1,27,,22636,49,,,1,31,,22637,49,,,1,70,,22638,49,,,1,30,,22639,49,,,1,70,,22641,49,,,1
900,'9-Holiday1-10000001',839,,23599,30,,,1,100,,23600,30,,,1,100,,23601,30,,,1,106,,23602,30,,,1,100,,23603,30,,,1,100,,23604,30,,,1,100,,23605,30,,,1,100,,23606,30,,,1,100,,23607,30,,,1,100,,23608,30,,,1,100,,23609,30,,,1,94,,23610,30,,,1,100,,23611,30,,,1,100,,23612,30,,,1,100,,23613,30,,,1,100,,23614,30,,,1
900,'9-Saturday-10000010',713,,23615,30,,,1,29,,23616,30,,,1,70,,23617,30,,,1,30,,23618,30,,,1,71,,23619,30,,,1,30,,23620,30,,,1,73,,23621,30,,,1,30,,23622,30,,,1,70,,23623,30,,,1,30,,23624,30,,,1,70,,23625,30,,,1,30,,23626,30,,,1,70,,23627,30,,,1,30,,23628,30,,,1,70,,23629,30,,,1,30,,23630,30,,,1,70,,23631,30,,,1,30,,23632,30,,,1,70,,23633,30,,,1,30,,23634,30,,,1,70,,23635,30,,,1,30,,23636,30,,,1,69,,23637,30,,,1,30,,23638,30,,,1,69,,23639,30,,,1,28,,23640,30,,,1,70,,23641,30,,,1,30,,23642,30,,,1,70,,23643,30,,,1,30,,23644,30,,,1,70,,23645,30,,,1,30,,23646,30,,,1,70,,23647,30,,,1,30,,23648,30,,,1,70,,23649,30,,,1
900,'9-Sunday-10000001',809,,23681,30,,,1,30,,23650,30,,,1,70,,23651,30,,,1,30,,23652,30,,,1,70,,23653,30,,,1,30,,23654,30,,,1,71,,23655,30,,,1,35,,23656,30,,,1,70,,23657,30,,,1,30,,23658,30,,,1,70,,23659,30,,,1,30,,23660,30,,,1,70,,23661,30,,,1,30,,23662,30,,,1,70,,23663,30,,,1,30,,23664,30,,,1,70,,23665,30,,,1,30,,23666,30,,,1,70,,23667,30,,,1,30,,23668,30,,,1,70,,23669,30,,,1,30,,23670,30,,,1,66,,23671,30,,,1,28,,23672,30,,,1,70,,23673,30,,,1,30,,23674,30,,,1,70,,23675,30,,,1,30,,23676,30,,,1,70,,23677,30,,,1,30,,23678,30,,,1,70,,23679,30,,,1,30,,23680,30,,,1
900,'9-Weekday-11111100',614,,23683,30,,,1,86,,23716,30,,,1,35,,23715,30,,,1,76,,23714,30,,,1,30,,23713,30,,,1,70,,23712,30,,,1,29,,23711,30,,,1,69,,23710,30,,,1,27,,23709,30,,,1,70,,23708,30,,,1,30,,23707,30,,,1,70,,23706,30,,,1,30,,23705,30,,,1,70,,23704,30,,,1,30,,23703,30,,,1,70,,23702,30,,,1,31,,23701,30,,,1,72,,23700,30,,,1,32,,23699,30,,,1,70,,23698,30,,,1,30,,23697,30,,,1,70,,23696,30,,,1,30,,23695,30,,,1,67,,23694,30,,,1,28,,23693,30,,,1,68,,23692,30,,,1,18,,23691,30,,,1,26,,23690,30,,,1,74,,23689,30,,,1,26,,23688,30,,,1,74,,23687,30,,,1,26,,23686,30,,,1,73,,23685,30,,,1,23,,23682,30,,,1,66,,23719,30,,,1,26,,23718,30,,,1,70,,23684,30,,,1,30,,23717,30,,,1
2101,'21-Saturday-10000010',710,,25688,27,,,1,30,,25689,27,,,1,70,,25664,27,,,1,30,,25665,27,,,1,70,,25666,27,,,1,30,,25667,27,,,1,70,,25668,27,,,1,30,,25669,27,,,1,70,,25670,27,,,1,30,,25671,27,,,1,70,,25672,27,,,1,30,,25673,27,,,1,70,,25674,27,,,1,30,,25675,27,,,1,70,,25676,27,,,1,30,,25677,27,,,1,70,,25678,27,,,1,30,,25679,27,,,1,70,,25680,27,,,1,30,,25681,27,,,1,70,,25682,27,,,1,30,,25683,27,,,1,70,,25684,27,,,1,30,,25685,27,,,1,70,,25686,27,,,1,30,,25687,27,,,1
2101,'21-Sunday-10000001',743,,25690,27,,,1,70,,25691,27,,,1,30,,25692,27,,,1,70,,25693,27,,,1,30,,25694,27,,,1,72,,25695,27,,,1,34,,25696,27,,,1,71,,25697,27,,,1,30,,25698,27,,,1,70,,25699,27,,,1,30,,25700,27,,,1,70,,25701,27,,,1,30,,25702,27,,,1,70,,25703,27,,,1,30,,25704,27,,,1,70,,25705,27,,,1,30,,25706,27,,,1,70,,25707,27,,,1,30,,25708,27,,,1,70,,25709,27,,,1,30,,25710,27,,,1,67,,25711,27,,,1,27,,25712,27,,,1,69,,25713,27,,,1
2101,'21-Weekday-11111100',616,,25718,27,,,1,93,,25726,27,,,1,35,,25719,27,,,1,71,,25716,27,,,1,30,,25717,27,,,1,70,,25727,27,,,1,30,,25720,27,,,1,67,,25735,27,,,1,31,,25730,27,,,1,70,,25736,27,,,1,30,,25734,27,,,1,70,,25737,27,,,1,30,,25733,27,,,1,70,,25738,27,,,1,30,,25732,27,,,1,70,,25739,27,,,1,32,,25721,27,,,1,72,,25740,27,,,1,30,,25722,27,,,1,70,,25728,27,,,1,30,,25723,27,,,1,70,,25729,27,,,1,30,,25731,27,,,1,68,,25724,27,,,1,29,,25714,27,,,1,67,,25725,27,,,1,30,,25715,27,,,1,70,,25743,27,,,1,30,,25744,27,,,1,70,,25745,27,,,1,30,,25742,27,,,1,69,,25741,27,,,1
