5000,'50-Holiday1-10000001',850,,16672,51,4,,1,101,,16671,51,4,,1,100,,16670,51,4,,1,100,,16669,51,4,,1,100,,16668,51,4,,1,100,,16667,51,4,,1,100,,16666,51,4,,1,100,,16665,51,4,,1,100,,16664,51,4,,1,100,,16663,51,4,,1,99,,16662,51,4,,1,100,,16661,51,4,,1,100,,16660,51,4,,1,100,,16659,51,4,,1,100,,16658,51,4,,1,100,,16657,51,4,,1
5000,'50-Saturday-10000010',721,,16673,51,4,,1,30,,16674,51,4,,1,70,,16675,51,4,,1,30,,16676,51,4,,1,71,,16677,51,4,,1,31,,16678,51,4,,1,70,,16679,51,4,,1,30,,16680,51,4,,1,70,,16681,51,4,,1,30,,16682,51,4,,1,70,,16683,51,4,,1,30,,16684,51,4,,1,70,,16685,51,4,,1,30,,16686,51,4,,1,70,,16687,51,4,,1,30,,16688,51,4,,1,70,,16689,51,4,,1,30,,16690,51,4,,1,70,,16691,51,4,,1,30,,16692,51,4,,1,70,,16693,51,4,,1,30,,16694,51,4,,1,69,,16701,51,4,,1,29,,16703,51,4,,1,70,,16702,51,4,,1,30,,16700,51,4,,1,70,,16704,51,4,,1,30,,16699,51,4,,1,70,,16698,51,4,,1,30,,16705,51,4,,1,70,,16697,51,4,,1,30,,16696,51,4,,1,70,,16695,51,4,,1
5000,'50-Sunday-10000001',850,,16726,51,4,,1,86,,16725,51,4,,1,85,,16724,51,4,,1,85,,16723,51,4,,1,45,,16722,51,4,,1,85,,16721,51,4,,1,85,,16720,51,4,,1,85,,16719,51,4,,1,45,,16718,51,4,,1,85,,16717,51,4,,1,85,,16716,51,4,,1,85,,16715,51,4,,1,45,,16714,51,4,,1,84,,16713,51,4,,1,85,,16712,51,4,,1,85,,16711,51,4,,1,45,,16710,51,4,,1,85,,16709,51,4,,1,85,,16708,51,4,,1,85,,16707,51,4,,1,45,,16706,51,4,,1
5000,'50-Weekday-11111100',622,,16727,51,4,,1,30,,16728,51,4,,1,71,,16729,51,4,,1,32,,16730,51,4,,1,70,,16731,51,4,,1,30,,16732,51,4,,1,70,,16733,51,4,,1,29,,16734,51,4,,1,69,,16735,51,4,,1,30,,16736,51,4,,1,70,,16737,51,4,,1,30,,16738,51,4,,1,70,,16739,51,4,,1,30,,16740,51,4,,1,70,,16741,51,4,,1,30,,16742,51,4,,1,70,,16743,51,4,,1,31,,16744,51,4,,1,63,,16745,51,4,,1,30,,16746,51,4,,1,70,,16747,51,4,,1,30,,16748,51,4,,1,70,,16749,51,4,,1,30,,16750,51,4,,1,69,,16751,51,4,,1,36,,16752,51,4,,1,70,,16753,51,4,,1,30,,16754,51,4,,1,70,,16755,51,4,,1,30,,16756,51,4,,1,70,,16757,51,4,,1,30,,16758,51,4,,1,68,,16759,51,4,,1,29,,16760,51,4,,1
5001,'50-Holiday1-10000001',830,,16775,1,,,1,100,,16762,1,,,1,100,,16761,1,,,1,100,,16774,1,,,1,100,,16773,1,,,1,100,,16772,1,,,1,100,,16771,1,,,1,100,,16770,1,,,1,100,,16769,1,,,1,100,,16768,1,,,1,100,,16767,1,,,1,100,,16766,1,,,1,100,,16765,1,,,1,100,,16764,1,,,1,100,,16763,1,,,1
5001,'50-Saturday-10000010',730,,16777,1,,,1,70,,16778,1,,,1,30,,16779,1,,,1,70,,16780,1,,,1,30,,16781,1,,,1,70,,16782,1,,,1,30,,16783,1,,,1,70,,16784,1,,,1,30,,16785,1,,,1,70,,16786,1,,,1,30,,16787,1,,,1,70,,16788,1,,,1,30,,16789,1,,,1,70,,16790,1,,,1,30,,16791,1,,,1,70,,16792,1,,,1,30,,16793,1,,,1,70,,16794,1,,,1,30,,16795,1,,,1,70,,16796,1,,,1,30,,16776,1,,,1,70,,16797,1,,,1,30,,16799,1,,,1,70,,16800,1,,,1,30,,16804,1,,,1,70,,16801,1,,,1,30,,16802,1,,,1,70,,16805,1,,,1,30,,16803,1,,,1,70,,16798,1,,,1
5001,'50-Sunday-10000001',815,,16825,1,,,1,85,,16808,1,,,1,45,,16807,1,,,1,85,,16806,1,,,1,85,,16824,1,,,1,85,,16823,1,,,1,45,,16822,1,,,1,85,,16821,1,,,1,85,,16820,1,,,1,85,,16819,1,,,1,45,,16818,1,,,1,85,,16817,1,,,1,85,,16816,1,,,1,85,,16815,1,,,1,45,,16814,1,,,1,85,,16813,1,,,1,85,,16812,1,,,1,85,,16811,1,,,1,45,,16810,1,,,1,85,,16809,1,,,1
5001,'50-Weekday-11111100',600,,16826,1,,,1,30,,16827,1,,,1,70,,16828,1,,,1,30,,16829,1,,,1,70,,16830,1,,,1,30,,16831,1,,,1,70,,16832,1,,,1,30,,16833,1,,,1,70,,16834,1,,,1,30,,16835,1,,,1,70,,16836,1,,,1,30,,16837,1,,,1,70,,16838,1,,,1,30,,16839,1,,,1,70,,16840,1,,,1,30,,16841,1,,,1,70,,16842,1,,,1,30,,16843,1,,,1,25,,16844,1,,,1,70,,16845,1,,,1,30,,16846,1,,,1,70,,16847,1,,,1,30,,16848,1,,,1,70,,16849,1,,,1,75,,16850,1,,,1,30,,16851,1,,,1,70,,16852,1,,,1,30,,16853,1,,,1,70,,16854,1,,,1,30,,16855,1,,,1,70,,16856,1,,,1,30,,16857,1,,,1,70,,16858,1,,,1,30,,16860,1,,,1,70,,16861,1,,,1
6000,'60-Saturday-10000010',700,,18177,1,,,1,30,,18178,1,,,1,70,,18179,1,,,1,30,,18180,1,,,1,70,,18181,1,,,1,30,,18182,1,,,1,70,,18183,1,,,1,30,,18184,1,,,1,70,,18185,1,,,1,30,,18186,1,,,1,70,,18187,1,,,1,30,,18188,1,,,1,70,,18189,1,,,1,30,,18190,1,,,1,70,,18191,1,,,1,30,,18192,1,,,1,70,,18193,1,,,1,30,,18194,1,,,1,70,,18195,1,,,1,30,,18196,1,,,1,70,,18197,1,,,1,30,,18198,1,,,1,70,,18199,1,,,1,30,,18200,1,,,1
6000,'60-Weekday-11111100',600,,18232,1,,,1,30,,18231,1,,,1,70,,18230,1,,,1,30,,18229,1,,,1,70,,18228,1,,,1,30,,18227,1,,,1,70,,18226,1,,,1,30,,18225,1,,,1,70,,18224,1,,,1,30,,18223,1,,,1,70,,18222,1,,,1,30,,18221,1,,,1,70,,18220,1,,,1,30,,18219,1,,,1,70,,18218,1,,,1,30,,18217,1,,,1,70,,18201,1,,,1,30,,18216,1,,,1,20,,18214,1,,,1,70,,18215,1,,,1,30,,18213,1,,,1,70,,18212,1,,,1,30,,18211,1,,,1,70,,18210,1,,,1,30,,18209,1,,,1,80,,18208,1,,,1,70,,18207,1,,,1,30,,18206,1,,,1,70,,18205,1,,,1,30,,18204,1,,,1,70,,18203,1,,,1,30,,18202,1,,,1
6001,'60-Saturday-10000010',724,,18233,11,4,,1,30,,18234,11,4,,1,70,,18235,11,4,,1,30,,18236,11,4,,1,70,,18237,11,4,,1,30,,18238,11,4,,1,70,,18239,11,4,,1,30,,18240,11,4,,1,70,,18241,11,4,,1,30,,18242,11,4,,1,70,,18243,11,4,,1,30,,18244,11,4,,1,70,,18245,11,4,,1,30,,18246,11,4,,1,70,,18247,11,4,,1,30,,18248,11,4,,1,70,,18249,11,4,,1,30,,18250,11,4,,1,70,,18251,11,4,,1,30,,18252,11,4,,1,70,,18253,11,4,,1,30,,18254,11,4,,1,70,,18255,11,4,,1,30,,18256,11,4,,1
6001,'60-Weekday-11111100',624,,18258,11,4,,1,30,,18259,11,4,,1,73,,18260,11,4,,1,30,,18261,11,4,,1,70,,18262,11,4,,1,30,,18263,11,4,,1,70,,18264,11,4,,1,28,,18265,11,4,,1,70,,18266,11,4,,1,30,,18267,11,4,,1,70,,18268,11,4,,1,30,,18269,11,4,,1,70,,18270,11,4,,1,30,,18271,11,4,,1,70,,18272,11,4,,1,30,,18273,11,4,,1,70,,18274,11,4,,1,33,,18275,11,4,,1,60,,18276,11,4,,1,30,,18277,11,4,,1,70,,18278,11,4,,1,30,,18279,11,4,,1,70,,18280,11,4,,1,30,,18281,11,4,,1,68,,18282,11,4,,1,38,,18283,11,4,,1,70,,18284,11,4,,1,30,,18285,11,4,,1,70,,18286,11,4,,1,30,,18287,11,4,,1,70,,18288,11,4,,1,30,,18257,11,4,,1
20300,'203-Holiday1-10000001',900,,19987,1,0,13 6,1,100,,19988,1,0,13 6,1,100,,19989,1,0,13 6,1,100,,19990,1,0,13 6,1,100,,19991,1,0,13 6,1,100,,19992,1,0,13 6,1,100,,19993,1,0,13 6,1,100,,19994,1,0,13 6,1,100,,19995,1,0,13 6,1,100,,19996,1,0,13 6,1,100,,19997,1,0,13 6,1,100,,19998,1,0,13 6,1,100,,19999,1,0,13 6,1
20300,'203-Saturday-10000010',630,,20000,1,0,13 6,1,100,,20001,1,0,13 6,1,100,,20002,1,0,13 6,1,100,,20003,1,0,13 6,1,70,,20004,1,0,13 6,1,30,,20005,1,0,13 6,1,70,,20006,1,0,13 6,1,30,,20007,1,0,13 6,1,70,,20008,1,0,13 6,1,30,,20009,1,0,13 6,1,70,,20010,1,0,13 6,1,30,,20011,1,0,13 6,1,70,,20012,1,0,13 6,1,30,,20013,1,0,13 6,1,70,,20014,1,0,13 6,1,30,,20015,1,0,13 6,1,70,,20016,1,0,13 6,1,30,,20017,1,0,13 6,1,70,,20018,1,0,13 6,1,30,,20019,1,0,13 6,1,70,,20020,1,0,13 6,1,100,,20021,1,0,13 6,1,100,,20022,1,0,13 6,1,100,,20023,1,0,13 6,1
20300,'203-Sunday-10000001',900,,20024,1,0,13 6,1,100,,20025,1,0,13 6,1,100,,20026,1,0,13 6,1,100,,20027,1,0,13 6,1,100,,20028,1,0,13 6,1,100,,20029,1,0,13 6,1,100,,20030,1,0,13 6,1,100,,20031,1,0,13 6,1,100,,20032,1,0,13 6,1,100,,20033,1,0,13 6,1,100,,20034,1,0,13 6,1,100,,20035,1,0,13 6,1,100,,20036,1,0,13 6,1
20300,'203-Weekday-11111100',600,,20037,1,,,1,30,,20038,1,,,1,70,,20039,1,,,1,30,,20040,1,,,1,70,,20068,1,,,1,30,,20041,1,,,1,70,,20065,1,,,1,30,,20064,1,,,1,70,,20069,1,,,1,30,,20063,1,,,1,70,,20062,1,,,1,30,,20061,1,,,1,70,,20070,1,,,1,30,,20060,1,,,1,70,,20059,1,,,1,30,,20058,1,,,1,70,,20057,1,,,1,30,,20066,1,,,1,70,,20042,1,,,1,30,,20043,1,,,1,70,,20044,1,,,1,30,,20045,1,,,1,70,,20046,1,,,1,30,,20047,1,,,1,70,,20048,1,,,1,30,,20049,1,,,1,70,,20050,1,,,1,30,,20051,1,,,1,70,,20052,1,,,1,30,,20053,1,,,1,70,,20054,1,,,1,30,,20055,1,,,1,70,,20056,1,,,1,30,,20067,1,,,1
20301,'203-Holiday1-10000001',1008,,20072,24,4,,1,101,,20080,24,4,,1,100,,20079,24,4,,1,100,,20078,24,4,,1,100,,20077,24,4,,1,100,,20076,24,4,,1,100,,20075,24,4,,1,100,,20074,24,4,,1,99,,20073,24,4,,1,99,,20071,24,4,,1,100,,20083,24,4,,1,100,,20082,24,4,,1,100,,20081,24,4,,1
20301,'203-Saturday-10000010',739,,20087,24,4,,1,100,,20088,24,4,,1,101,,20089,24,4,,1,100,,20090,24,4,,1,70,,20091,24,4,,1,30,,20092,24,4,,1,70,,20093,24,4,,1,30,,20094,24,4,,1,70,,20095,24,4,,1,30,,20096,24,4,,1,70,,20097,24,4,,1,30,,20098,24,4,,1,70,,20099,24,4,,1,30,,20100,24,4,,1,70,,20101,24,4,,1,30,,20102,24,4,,1,70,,20103,24,4,,1,30,,20084,24,4,,1,69,,20086,24,4,,1,30,,20085,24,4,,1,70,,20104,24,4,,1,95,,20105,24,4,,1,100,,20106,24,4,,1,100,,20107,24,4,,1
20301,'203-Sunday-10000001',1008,,20109,24,4,,1,101,,20117,24,4,,1,100,,20116,24,4,,1,100,,20115,24,4,,1,100,,20114,24,4,,1,100,,20113,24,4,,1,100,,20112,24,4,,1,100,,20111,24,4,,1,99,,20110,24,4,,1,49,,20108,24,4,,1,100,,20120,24,4,,1,100,,20119,24,4,,1,100,,20118,24,4,,1
20301,'203-Weekday-11111100',710,,20121,29,4,,1,30,,20122,29,4,,1,78,,20123,29,4,,1,30,,20124,29,4,,1,70,,20125,29,4,,1,29,,20126,29,4,,1,76,,20127,29,4,,1,30,,20136,29,4,,1,70,,20137,29,4,,1,30,,20138,29,4,,1,70,,20139,29,4,,1,30,,20140,29,4,,1,70,,20141,29,4,,1,30,,20142,29,4,,1,70,,20143,29,4,,1,33,,20144,29,4,,1,68,,20145,29,4,,1,29,,20146,29,4,,1,70,,20147,29,4,,1,30,,20148,29,4,,1,70,,20149,29,4,,1,30,,20150,29,4,,1,66,,20151,29,4,,1,30,,20152,29,4,,1,71,,20153,29,4,,1,30,,20135,29,4,,1,70,,20128,29,4,,1,30,,20129,29,4,,1,70,,20130,29,4,,1,30,,20131,29,4,,1,68,,20132,29,4,,1,27,,20133,29,4,,1,65,,20134,29,4,,1,30,,20154,29,4,,1
