100,3908,1,0
100,1095,2,0
100,3485,3,0
100,1180,4,0
100,3473,5,0
100,3466,6,0
100,3329,7,0
100,3330,8,0
100,3331,9,0
100,3332,10,0
100,3470,11,0
100,3335,12,0
100,3337,13,0
100,3338,14,0
100,3340,15,0
100,3341,16,0
100,3342,17,0
100,3637,18,0
100,3343,19,0
100,3482,20,0
100,3344,21,0
100,3345,22,0
100,3346,23,0
100,3347,24,0
100,3348,25,0
100,3349,26,0
100,3350,27,0
100,3351,28,0
100,3353,29,0
100,3354,30,0
100,3355,31,0
100,1982,32,0
100,2705,33,0
100,2706,34,0
100,2410,35,0
100,1377,36,0
100,1000,37,0
100,3575,38,0
100,2359,39,0
100,3578,40,0
100,2361,41,0
100,2362,42,0
100,2363,43,0
100,2366,44,0
100,2370,45,0
100,2371,46,0
100,2372,47,0
100,1012,48,0
100,1013,49,0
100,1014,50,0
100,1015,51,0
100,1016,52,0
100,1017,53,0
100,1018,54,0
100,1019,55,0
100,1693,56,0
100,1694,57,0
100,3480,58,0
100,3477,59,0
100,2619,60,0
100,3481,61,0
100,1041,62,0
100,1042,63,0
100,1043,64,0
100,1044,65,0
100,3497,66,1
101,3497,1,0
101,1047,2,0
101,1048,3,0
101,1049,4,0
101,1050,5,0
101,1866,6,0
101,3478,7,0
101,3479,8,0
101,1664,9,0
101,1665,10,0
101,1068,11,0
101,1069,12,0
101,1070,13,0
101,1071,14,0
101,1072,15,0
101,3574,16,0
101,1073,17,0
101,1074,18,0
101,2395,19,0
101,2396,20,0
101,2369,21,0
101,2400,22,0
101,2403,23,0
101,2404,24,0
101,2405,25,0
101,2407,26,0
101,2408,27,0
101,1088,28,0
101,1089,29,0
101,2713,30,0
101,2714,31,0
101,2754,32,0
101,3069,33,0
101,2755,34,0
101,3293,35,0
101,3294,36,0
101,3295,37,0
101,3296,38,0
101,3297,39,0
101,3298,40,0
101,3299,41,0
101,3300,42,0
101,3303,43,0
101,3304,44,0
101,3306,45,0
101,3307,46,0
101,3308,47,0
101,3309,48,0
101,3310,49,0
101,3311,50,0
101,3461,51,0
101,3472,52,0
101,3317,53,0
101,3471,54,0
101,3469,55,0
101,3368,56,0
101,3468,57,0
101,3384,58,0
101,3467,59,0
101,3476,60,0
101,1203,61,0
101,3487,62,0
101,1101,63,0
101,3908,64,1
300,1675,1,0
300,1676,2,0
300,4096,3,0
300,1545,4,0
300,2898,5,0
300,4094,6,0
300,2901,7,0
300,2902,8,0
300,2903,9,0
300,2904,10,0
300,2905,11,0
300,2938,12,0
300,3021,13,0
300,1134,14,0
300,3053,15,0
300,2908,16,0
300,2910,17,0
300,2911,18,0
300,2912,19,0
300,2913,20,0
300,2914,21,0
300,2915,22,0
300,2916,23,0
300,1386,24,0
300,2919,25,0
300,2920,26,0
300,2579,27,0
300,1000,28,1
301,1088,1,0
301,1385,2,0
301,2924,3,0
301,2925,4,0
301,1387,5,0
301,2927,6,0
301,2928,7,0
301,2929,8,0
301,2930,9,0
301,2931,10,0
301,2932,11,0
301,2933,12,0
301,2934,13,0
301,2935,14,0
301,3052,15,0
301,1151,16,0
301,3051,17,0
301,5045,18,0
301,2902,19,0
301,2903,20,0
301,2904,21,0
301,2905,22,0
301,2867,23,0
301,2868,24,0
301,2869,25,0
301,5032,26,0
301,2704,27,0
301,1675,28,1
400,4003,1,0
400,3663,2,0
400,3664,3,0
400,3264,4,0
400,3265,5,0
400,3167,6,0
400,3266,7,0
400,3268,8,0
400,3269,9,0
400,3270,10,0
400,3271,11,0
400,3272,12,0
400,3273,13,0
400,3274,14,0
400,3275,15,0
400,3277,16,0
400,3278,17,0
400,3279,18,0
400,1900,19,0
400,1902,20,0
400,3283,21,0
400,3284,22,0
400,3285,23,0
400,1083,24,0
400,1092,25,0
400,2468,26,0
400,2469,27,0
400,2471,28,0
400,2472,29,0
400,2838,30,0
400,2839,31,0
400,2840,32,0
400,2841,33,0
400,2358,34,0
400,1088,35,1
401,1000,1,0
401,2319,2,0
401,2320,3,0
401,2654,4,0
401,5001,5,0
401,2657,6,0
401,2658,7,0
401,2659,8,0
401,2491,9,0
401,2492,10,0
401,2493,11,0
401,2660,12,0
401,1005,13,0
401,3237,14,0
401,3238,15,0
401,2538,16,0
401,1272,17,0
401,3242,18,0
401,3243,19,0
401,3244,20,0
401,3245,21,0
401,3246,22,0
401,3248,23,0
401,3249,24,0
401,3250,25,0
401,3251,26,0
401,3252,27,0
401,3253,28,0
401,3254,29,0
401,3256,30,0
401,3258,31,0
401,3259,32,0
401,3260,33,0
401,3879,34,0
401,3880,35,0
401,3662,36,0
401,4003,37,1
500,4003,1,0
500,3663,2,0
500,3664,3,0
500,4064,4,0
500,4066,5,0
500,4068,6,0
500,4069,7,0
500,4070,8,0
500,1984,9,0
500,1994,10,0
500,1995,11,0
500,1996,12,0
500,1997,13,0
500,1998,14,0
500,1999,15,0
500,2000,16,0
500,2001,17,0
500,2002,18,0
500,2003,19,0
500,2004,20,0
500,1270,21,0
500,3743,22,0
500,1907,23,0
500,2006,24,0
500,2007,25,0
500,2009,26,0
500,2010,27,0
500,2011,28,0
500,2012,29,0
500,2013,30,0
500,2014,31,0
500,2015,32,0
500,2020,33,0
500,2021,34,0
500,2424,35,0
500,2425,36,0
500,2426,37,0
500,2427,38,0
500,2428,39,0
500,2545,40,0
500,2546,41,0
500,2547,42,0
500,2429,43,0
500,2430,44,0
500,2431,45,0
500,2432,46,0
500,2433,47,0
500,2434,48,1
501,2434,1,0
501,2435,2,0
501,2436,3,0
501,2437,4,0
501,2438,5,0
501,2439,6,0
501,1943,7,0
501,1944,8,0
501,1945,9,0
501,1946,10,0
501,1947,11,0
501,1948,12,0
501,1949,13,0
501,1950,14,0
501,1951,15,0
501,1952,16,0
501,1954,17,0
501,1955,18,0
501,1956,19,0
501,1957,20,0
501,4015,21,0
501,1959,22,0
501,1960,23,0
501,1907,24,0
501,4099,25,0
501,1961,26,0
501,1962,27,0
501,1963,28,0
501,1964,29,0
501,1965,30,0
501,1966,31,0
501,1967,32,0
501,1968,33,0
501,1969,34,0
501,1970,35,0
501,1971,36,0
501,4056,37,0
501,4071,38,0
501,1985,39,0
501,1986,40,0
501,1988,41,0
501,4067,42,0
501,4065,43,0
501,4063,44,0
501,3880,45,0
501,3662,46,0
501,4003,47,1
600,3495,1,0
600,2497,2,0
600,2506,3,0
600,2736,4,0
600,2737,5,0
600,2738,6,0
600,2740,7,0
600,1905,8,0
600,1906,9,0
600,2349,10,0
600,2296,11,0
600,2745,12,0
600,2746,13,0
600,2748,14,0
600,2749,15,0
600,2750,16,0
600,2751,17,0
600,2752,18,0
600,2753,19,0
600,2410,20,0
600,1376,21,0
600,1313,22,0
600,1292,23,0
600,3226,24,0
600,2541,25,0
600,5049,26,0
600,2413,27,0
600,2414,28,0
600,2415,29,0
600,2416,30,0
600,2417,31,0
600,2418,32,0
600,2419,33,0
600,2420,34,0
600,2421,35,0
600,2422,36,0
600,3657,37,0
600,2423,38,0
600,2020,39,0
600,2021,40,0
600,2424,41,0
600,2022,42,0
600,2023,43,0
600,4031,44,0
600,4033,45,0
600,3673,46,0
600,4034,47,0
600,3789,48,0
600,3790,49,0
600,1925,50,0
600,4037,51,0
600,4028,52,0
600,4016,53,0
600,4050,54,0
600,4009,55,0
600,2088,56,0
600,4043,57,0
600,1212,58,0
600,1126,59,1
601,1126,1,0
601,2809,2,0
601,2810,3,0
601,4042,4,0
601,1920,5,0
601,4008,6,0
601,4051,7,0
601,4038,8,0
601,4029,9,0
601,4036,10,0
601,4035,11,0
601,3783,12,0
601,3784,13,0
601,3679,14,0
601,3680,15,0
601,4032,16,0
601,4030,17,0
601,1941,18,0
601,1942,19,0
601,1943,20,0
601,1944,21,0
601,1945,22,0
601,2440,23,0
601,2441,24,0
601,2442,25,0
601,2443,26,0
601,2444,27,0
601,2445,28,0
601,2446,29,0
601,2447,30,0
601,2448,31,0
601,2449,32,0
601,2450,33,0
601,3744,34,0
601,2539,35,0
601,1474,36,0
601,1273,37,0
601,2713,38,0
601,2714,39,0
601,2715,40,0
601,2716,41,0
601,3618,42,0
601,2718,43,0
601,2719,44,0
601,2721,45,0
601,2722,46,0
601,2724,47,0
601,2725,48,0
601,2115,49,0
601,1463,50,0
601,2730,51,0
601,2731,52,0
601,2732,53,0
601,2733,54,0
601,2734,55,0
601,2594,56,0
601,2595,57,0
601,3495,58,1
700,3490,1,0
700,2584,2,0
700,2585,3,0
700,2586,4,0
700,2587,5,0
700,2589,6,0
700,2590,7,0
700,2603,8,0
700,2605,9,0
700,2606,10,0
700,1878,11,0
700,1880,12,0
700,1881,13,0
700,1882,14,0
700,1883,15,0
700,1884,16,0
700,1885,17,0
700,1886,18,0
700,2564,19,0
700,1888,20,0
700,1889,21,0
700,1890,22,0
700,1891,23,0
700,1892,24,0
700,1893,25,0
700,1896,26,0
700,1897,27,0
700,1898,28,0
700,1900,29,0
700,1902,30,0
700,1904,31,0
700,1907,32,0
700,1909,33,0
700,1910,34,0
700,1911,35,0
700,1913,36,0
700,1914,37,0
700,1915,38,0
700,1916,39,0
700,1917,40,0
700,1918,41,0
700,1919,42,0
700,1130,43,1
701,1130,1,0
701,2504,2,0
701,2505,3,0
701,2507,4,0
701,2508,5,0
701,2509,6,0
701,2532,7,0
701,2533,8,0
701,3581,9,0
701,2535,10,0
701,1957,11,0
701,4048,12,0
701,1959,13,0
701,2536,14,0
701,2538,15,0
701,2540,16,0
701,2542,17,0
701,2543,18,0
701,2544,19,0
701,1901,20,0
701,2457,21,0
701,2458,22,0
701,2562,23,0
701,2561,24,0
701,3730,25,0
701,1887,26,0
701,2565,27,0
701,3579,28,0
701,2567,29,0
701,2568,30,0
701,2569,31,0
701,2570,32,0
701,2571,33,0
701,2572,34,0
701,3661,35,0
701,2573,36,0
701,2575,37,0
701,2576,38,0
701,2577,39,0
701,2578,40,0
701,2580,41,0
701,2581,42,0
701,2582,43,0
701,2583,44,0
701,3490,45,1
800,3499,1,0
800,1047,2,0
800,2621,3,0
800,2622,4,0
800,2623,5,0
800,1870,6,0
800,1871,7,0
800,1872,8,0
800,1873,9,0
800,1874,10,0
800,1875,11,0
800,1876,12,0
800,3715,13,0
800,2615,14,0
800,2616,15,0
800,2563,16,0
800,2636,17,0
800,2649,18,0
800,2651,19,0
800,2653,20,0
800,2408,21,0
800,2319,22,0
800,5079,23,0
800,5080,24,0
800,2462,25,0
800,2463,26,0
800,2464,27,0
800,2465,28,0
800,2466,29,0
800,2537,30,0
800,2661,31,0
800,2663,32,0
800,2664,33,0
800,2665,34,0
800,2666,35,0
800,2668,36,0
800,2667,37,0
800,2670,38,0
800,2671,39,0
800,3621,40,1
801,2785,1,0
801,2786,2,0
801,2787,3,0
801,2833,4,0
801,2834,5,0
801,2835,6,0
801,3606,7,0
801,2836,8,0
801,2534,9,0
801,2494,10,0
801,2495,11,0
801,2496,12,0
801,2498,13,0
801,2499,14,0
801,5076,15,0
801,5077,16,0
801,5078,17,0
801,2359,18,0
801,2843,19,0
801,2844,20,0
801,2845,21,0
801,2847,22,0
801,2566,23,0
801,2617,24,0
801,2618,25,0
801,3576,26,0
801,2610,27,0
801,2611,28,0
801,3642,29,0
801,2612,30,0
801,2613,31,0
801,2614,32,0
801,2861,33,0
801,2862,34,0
801,1043,35,0
801,1044,36,0
801,3499,37,1
900,1078,1,0
900,1093,2,0
900,1094,3,0
900,4074,4,0
900,3865,5,0
900,3630,6,0
900,3866,7,0
900,3867,8,0
900,3626,9,0
900,1181,10,0
900,1182,11,0
900,1183,12,0
900,1184,13,0
900,1185,14,0
900,1186,15,0
900,1187,16,0
900,1188,17,0
900,1189,18,0
900,1190,19,0
900,1191,20,0
900,1193,21,0
900,1194,22,0
900,1195,23,0
900,1196,24,0
900,1197,25,0
900,1198,26,0
900,1199,27,0
900,1200,28,0
900,1257,29,0
900,1201,30,0
900,1202,31,0
900,1212,32,0
900,1128,33,1
901,1128,1,0
901,2809,2,0
901,2810,3,0
901,1131,4,0
901,1132,5,0
901,1256,6,0
901,1135,7,0
901,1136,8,0
901,1137,9,0
901,1138,10,0
901,1139,11,0
901,1140,12,0
901,1141,13,0
901,1142,14,0
901,1143,15,0
901,1144,16,0
901,1145,17,0
901,1146,18,0
901,1147,19,0
901,1148,20,0
901,1149,21,0
901,1150,22,0
901,1152,23,0
901,3627,24,0
901,3868,25,0
901,3869,26,0
901,3629,27,0
901,3870,28,0
901,3872,29,0
901,2520,30,0
901,3889,31,0
901,1262,32,1
1000,1732,1,0
1000,1734,2,0
1000,1735,3,0
1000,1736,4,0
1000,1737,5,0
1000,1738,6,0
1000,1739,7,0
1000,1740,8,0
1000,1741,9,0
1000,1742,10,0
1000,1743,11,0
1000,1744,12,0
1000,2308,13,0
1000,1868,14,0
1000,1828,15,0
1000,1829,16,0
1000,1830,17,0
1000,1746,18,0
1000,1747,19,0
1000,1748,20,0
1000,1755,21,0
1000,1756,22,0
1000,1757,23,0
1000,1758,24,0
1000,1759,25,0
1000,1760,26,0
1000,1761,27,0
1000,1762,28,0
1000,1763,29,0
1000,1764,30,0
1000,3489,31,1
1001,3489,1,0
1001,1697,2,0
1001,1698,3,0
1001,1699,4,0
1001,1700,5,0
1001,1701,6,0
1001,1703,7,0
1001,1704,8,0
1001,1705,9,0
1001,1706,10,0
1001,1714,11,0
1001,1715,12,0
1001,1745,13,0
1001,1824,14,0
1001,1826,15,0
1001,1827,16,0
1001,1867,17,0
1001,3641,18,0
1001,1717,19,0
1001,1718,20,0
1001,1719,21,0
1001,1720,22,0
1001,1721,23,0
1001,1722,24,0
1001,1723,25,0
1001,1724,26,0
1001,1725,27,0
1001,1726,28,0
1001,1727,29,0
1001,1731,30,0
1001,1732,31,1
1200,3493,1,0
1200,1854,2,0
1200,1855,3,0
1200,1856,4,0
1200,1857,5,0
1200,1858,6,0
1200,1860,7,0
1200,1861,8,0
1200,3608,9,0
1200,1862,10,0
1200,1863,11,0
1200,2061,12,0
1200,2062,13,0
1200,2063,14,0
1200,2064,15,0
1200,3667,16,0
1200,3668,17,0
1200,2065,18,0
1200,2066,19,0
1200,3190,20,0
1200,1695,21,0
1200,3191,22,0
1200,3192,23,0
1200,1428,24,0
1200,3193,25,0
1200,3194,26,0
1200,3195,27,0
1200,3196,28,0
1200,3197,29,0
1200,3909,30,0
1200,3910,31,0
1200,3911,32,0
1200,3912,33,0
1200,3913,34,0
1200,3914,35,0
1200,2772,36,0
1200,2773,37,0
1200,2774,38,0
1200,2775,39,0
1200,4053,40,0
1200,2777,41,0
1200,2778,42,0
1200,2779,43,0
1200,2780,44,0
1200,1090,45,0
1200,3943,46,0
1200,3945,47,0
1200,2783,48,0
1200,3620,49,0
1200,2785,50,1
1201,3621,1,0
1201,3619,2,0
1201,2673,3,0
1201,2674,4,0
1201,2675,5,0
1201,2676,6,0
1201,2677,7,0
1201,2678,8,0
1201,2679,9,0
1201,2680,10,0
1201,2681,11,0
1201,2682,12,0
1201,2683,13,0
1201,2685,14,0
1201,3920,15,0
1201,3919,16,0
1201,3918,17,0
1201,3917,18,0
1201,3916,19,0
1201,3915,20,0
1201,3178,21,0
1201,3179,22,0
1201,3180,23,0
1201,3086,24,0
1201,3181,25,0
1201,3182,26,0
1201,3183,27,0
1201,3184,28,0
1201,1696,29,0
1201,3185,30,0
1201,2057,31,0
1201,3503,32,0
1201,3504,33,0
1201,3505,34,0
1201,2058,35,0
1201,2059,36,0
1201,2060,37,0
1201,2105,38,0
1201,1846,39,0
1201,1847,40,0
1201,3607,41,0
1201,1848,42,0
1201,1849,43,0
1201,1850,44,0
1201,1851,45,0
1201,1852,46,0
1201,1853,47,0
1201,3493,48,1
1300,4002,1,0
1300,1040,2,0
1300,1037,3,0
1300,3903,4,0
1300,3905,5,0
1300,3689,6,0
1300,3690,7,0
1300,3691,8,0
1300,3451,9,0
1300,3452,10,0
1300,4088,11,0
1300,3453,12,0
1300,1106,13,0
1300,3392,14,0
1300,4085,15,0
1300,4014,16,0
1300,1107,17,0
1300,1108,18,0
1300,1109,19,0
1300,1110,20,0
1300,1111,21,0
1300,1112,22,0
1300,3949,23,0
1300,1113,24,0
1300,1114,25,0
1300,1115,26,0
1300,1116,27,0
1300,1117,28,0
1300,1118,29,0
1300,1119,30,0
1300,1120,31,0
1300,3899,32,0
1300,1223,33,1
1301,1262,1,0
1301,2531,2,0
1301,1096,3,0
1301,1097,4,0
1301,1098,5,0
1301,1099,6,0
1301,4026,7,0
1301,4076,8,0
1301,4077,9,0
1301,4078,10,0
1301,4027,11,0
1301,4079,12,0
1301,4080,13,0
1301,4081,14,0
1301,4082,15,0
1301,4083,16,0
1301,4014,17,0
1301,4084,18,0
1301,4086,19,0
1301,3454,20,0
1301,3455,21,0
1301,4087,22,0
1301,3456,23,0
1301,3446,24,0
1301,1979,25,0
1301,1980,26,0
1301,1981,27,0
1301,3685,28,0
1301,3906,29,0
1301,3904,30,0
1301,1034,31,0
1301,3901,32,0
1301,4002,33,1
1400,3800,1,0
1400,1205,2,0
1400,1206,3,0
1400,1207,4,0
1400,1208,5,0
1400,1209,6,0
1400,1210,7,0
1400,1215,8,0
1400,1216,9,0
1400,1217,10,0
1400,1218,11,0
1400,1219,12,1
1401,1219,1,0
1401,1220,2,0
1401,3847,3,0
1401,1212,4,0
1401,3800,5,1
1600,1732,1,0
1600,1734,2,0
1600,2308,3,0
1600,1868,4,0
1600,1828,5,0
1600,1829,6,0
1600,1830,7,0
1600,3746,8,0
1600,1831,9,0
1600,1710,10,0
1600,1711,11,0
1600,1832,12,0
1600,1833,13,0
1600,1834,14,0
1600,1835,15,0
1600,1836,16,0
1600,1837,17,0
1600,1838,18,0
1600,3843,19,0
1600,1839,20,0
1600,1840,21,0
1600,1841,22,0
1600,1842,23,0
1600,1844,24,0
1600,1845,25,0
1600,1864,26,0
1600,1865,27,0
1600,1666,28,0
1600,3017,29,0
1600,3018,30,0
1600,3019,31,0
1600,3020,32,0
1600,2906,33,0
1600,2907,34,0
1600,2908,35,0
1600,3054,36,0
1600,3055,37,0
1600,3056,38,0
1600,3057,39,0
1600,3058,40,0
1600,2338,41,0
1600,2309,42,0
1600,5047,43,0
1600,2830,44,0
1600,2367,45,0
1600,2757,46,0
1600,2758,47,0
1600,2759,48,0
1600,2760,49,0
1600,2761,50,0
1600,2762,51,0
1600,2763,52,0
1600,2764,53,0
1600,2765,54,0
1600,2766,55,0
1600,2767,56,0
1600,1958,57,0
1600,3281,58,0
1600,1934,59,0
1600,1904,60,0
1600,1907,61,1
1601,1907,1,0
1601,4099,2,0
1601,1270,3,0
1601,3743,4,0
1601,2536,5,0
1601,2538,6,0
1601,1272,7,0
1601,1922,8,0
1601,2689,9,0
1601,3897,10,0
1601,2692,11,0
1601,2693,12,0
1601,2694,13,0
1601,2695,14,0
1601,2696,15,0
1601,2697,16,0
1601,2698,17,0
1601,2699,18,0
1601,2701,19,0
1601,2702,20,0
1601,2368,21,0
1601,2829,22,0
1601,5048,23,0
1601,2402,24,0
1601,2334,25,0
1601,2406,26,0
1601,3063,27,0
1601,3064,28,0
1601,3065,29,0
1601,3067,30,0
1601,2935,31,0
1601,2937,32,0
1601,3229,33,1
1601,2938,34,0
1601,2939,35,0
1601,2940,36,0
1601,2941,37,0
1601,2884,38,0
1601,1548,39,0
1601,1773,40,0
1601,1774,41,0
1601,1776,42,0
1601,1804,43,0
1601,1805,44,0
1601,1806,45,0
1601,1807,46,0
1601,1022,47,0
1601,3844,48,0
1601,1809,49,0
1601,1810,50,0
1601,1811,51,0
1601,1812,52,0
1601,1820,53,0
1601,1821,54,0
1601,1822,55,0
1601,1751,56,0
1601,1752,57,0
1601,1823,58,0
1601,1745,59,0
1601,1824,60,0
1601,1826,61,0
1601,1827,62,0
1601,1867,63,0
1601,3641,64,0
1601,1731,65,0
1601,1732,66,1
1900,1223,1,0
1900,3943,2,0
1900,3945,3,0
1900,2783,4,0
1900,1167,5,0
1900,1168,6,0
1900,1171,7,0
1900,1172,8,0
1900,1173,9,0
1900,1174,10,0
1900,1175,11,0
1900,1176,12,0
1900,1177,13,0
1900,1178,14,0
1900,2460,15,0
1900,3776,16,0
1900,3777,17,0
1900,3324,18,0
1900,3325,19,0
1900,3326,20,0
1900,3319,21,0
1900,3320,22,0
1900,3321,23,0
1900,3322,24,0
1900,3323,25,1
1900,3327,26,0
1900,2353,27,0
1900,3833,28,1
1901,3833,1,0
1901,2354,2,0
1901,2355,3,0
1901,2356,4,0
1901,2357,5,0
1901,2364,6,0
1901,2365,7,0
1901,3323,8,0
1901,1256,9,0
1901,2574,10,0
1901,2455,11,0
1901,2456,12,0
1901,1155,13,0
1901,1156,14,0
1901,1157,15,0
1901,1158,16,0
1901,1159,17,0
1901,1160,18,0
1901,1161,19,0
1901,3623,20,0
1901,1162,21,0
1901,1163,22,0
1901,3682,23,0
1901,2673,24,0
1901,2674,25,0
1901,2675,26,0
1901,1264,27,1
2000,3881,1,0
2000,3554,2,0
2000,3553,3,0
2000,3555,4,0
2000,3208,5,0
2000,3210,6,0
2000,3142,7,0
2000,3212,8,0
2000,3214,9,0
2000,3215,10,0
2000,3216,11,0
2000,3217,12,0
2000,3218,13,0
2000,3219,14,0
2000,3220,15,0
2000,3564,16,0
2000,3221,17,0
2000,3222,18,0
2000,3565,19,0
2000,3224,20,0
2000,3225,21,0
2000,3227,22,0
2000,3226,23,0
2000,2541,24,0
2000,5076,25,0
2000,5077,26,0
2000,1001,27,0
2000,1002,28,0
2000,1003,29,0
2000,1004,30,0
2000,1006,31,0
2000,1007,32,0
2000,1008,33,0
2000,1009,34,0
2000,1010,35,0
2000,3559,36,0
2000,2333,37,0
2000,2335,38,0
2000,2336,39,0
2000,1680,40,0
2000,1681,41,0
2000,1682,42,0
2000,1683,43,0
2000,1684,44,0
2000,2394,45,0
2000,1014,46,0
2000,1015,47,0
2000,4098,48,0
2000,2379,49,0
2000,2380,50,0
2000,1070,51,1
2001,1070,1,0
2001,1071,2,0
2001,1072,3,0
2001,3574,4,0
2001,2373,5,0
2001,2389,6,0
2001,3561,7,0
2001,2344,8,0
2001,2345,9,0
2001,2346,10,0
2001,1692,11,0
2001,2348,12,0
2001,3560,13,0
2001,2350,14,0
2001,1076,15,0
2001,1077,16,0
2001,1079,17,0
2001,1081,18,0
2001,1080,19,0
2001,1082,20,0
2001,1084,21,0
2001,1085,22,0
2001,1086,23,0
2001,2319,24,0
2001,5079,25,0
2001,5081,26,0
2001,1474,27,0
2001,3110,28,0
2001,3111,29,0
2001,3112,30,0
2001,3566,31,0
2001,3113,32,0
2001,3114,33,0
2001,3115,34,0
2001,3116,35,0
2001,3117,36,0
2001,3118,37,0
2001,3119,38,0
2001,3126,39,0
2001,3128,40,0
2001,3129,41,0
2001,3130,42,0
2001,3132,43,0
2001,3556,44,0
2001,3552,45,0
2001,1101,46,0
2001,3881,47,1
2100,3798,1,0
2100,4004,2,0
2100,2089,3,0
2100,3848,4,0
2100,2090,5,0
2100,3727,6,0
2100,3807,7,0
2100,2091,8,0
2100,4040,9,0
2100,3836,10,0
2100,3808,11,0
2100,2092,12,0
2100,4090,13,0
2100,2093,14,0
2100,2094,15,0
2100,3809,16,0
2100,3729,17,0
2100,3837,18,0
2100,3884,19,0
2100,3838,20,0
2100,3810,21,0
2100,3811,22,0
2100,3812,23,0
2100,3813,24,0
2100,3873,25,0
2100,3814,26,0
2100,3815,27,0
2100,3816,28,0
2100,3817,29,1
2101,3817,1,0
2101,3818,2,0
2101,3819,3,0
2101,3820,4,0
2101,3821,5,0
2101,3822,6,0
2101,3823,7,0
2101,3824,8,0
2101,3825,9,0
2101,3826,10,0
2101,3827,11,0
2101,3839,12,0
2101,3885,13,0
2101,3840,14,0
2101,3828,15,0
2101,3829,16,0
2101,3830,17,0
2101,4089,18,0
2101,3831,19,0
2101,3832,20,0
2101,3841,21,0
2101,4039,22,0
2101,3833,23,0
2101,3834,24,0
2101,3728,25,0
2101,2095,26,0
2101,3847,27,0
2101,1212,28,0
2101,3798,29,1
2200,1672,1,0
2200,1676,2,0
2200,2991,3,0
2200,2992,4,0
2200,2993,5,0
2200,2994,6,0
2200,2995,7,0
2200,2996,8,0
2200,2997,9,0
2200,2998,10,0
2200,2999,11,0
2200,3000,12,0
2200,3001,13,0
2200,3002,14,0
2200,2065,15,0
2200,3005,16,0
2200,2328,17,0
2200,2329,18,0
2200,2330,19,0
2200,2331,20,0
2200,2332,21,0
2200,3016,22,0
2200,2884,23,0
2200,1548,24,0
2200,3037,25,0
2200,3038,26,0
2200,1662,27,0
2200,3043,28,0
2200,3044,29,0
2200,1028,30,0
2200,2024,31,0
2200,2025,32,0
2200,1669,33,0
2200,1670,34,0
2200,1463,35,1
2201,1463,1,0
2201,3474,2,0
2201,1033,3,0
2201,2086,4,0
2201,3028,5,0
2201,3029,6,0
2201,1663,7,0
2201,3035,8,0
2201,3036,9,0
2201,1666,10,0
2201,2885,11,0
2201,2942,12,0
2201,2943,13,0
2201,2944,14,0
2201,2305,15,0
2201,2306,16,0
2201,2307,17,0
2201,2952,18,0
2201,2953,19,0
2201,2954,20,0
2201,2955,21,0
2201,2956,22,0
2201,2957,23,0
2201,2958,24,0
2201,2959,25,0
2201,2960,26,0
2201,2961,27,0
2201,2962,28,0
2201,2963,29,0
2201,1672,30,1
2300,3491,1,0
2300,1047,2,0
2300,1048,3,0
2300,1049,4,0
2300,1050,5,0
2300,1052,6,0
2300,3568,7,0
2300,1053,8,0
2300,3725,9,0
2300,2029,10,0
2300,2031,11,0
2300,2032,12,0
2300,2033,13,0
2300,2034,14,0
2300,2036,15,0
2300,2037,16,0
2300,2042,17,0
2300,2043,18,0
2300,3507,19,0
2300,2056,20,0
2300,1026,21,0
2300,1027,22,0
2300,3395,23,0
2300,1689,24,0
2300,1690,25,0
2300,2379,26,0
2300,2380,27,0
2300,2381,28,1
2301,2381,1,0
2301,4098,2,0
2301,2384,3,0
2301,1671,4,0
2301,1030,5,0
2301,1334,6,0
2301,1059,7,0
2301,1060,8,0
2301,2017,9,0
2301,1061,10,0
2301,1062,11,0
2301,2018,12,0
2301,2019,13,0
2301,1990,14,0
2301,1991,15,0
2301,1993,16,0
2301,2008,17,0
2301,2028,18,0
2301,2030,19,0
2301,3726,20,0
2301,1038,21,0
2301,3570,22,0
2301,1039,23,0
2301,3731,24,0
2301,3481,25,0
2301,1041,26,0
2301,1042,27,0
2301,1043,28,0
2301,1044,29,0
2301,3491,30,1
2600,1782,1,0
2600,1783,2,0
2600,1784,3,0
2600,1785,4,0
2600,1786,5,0
2600,1787,6,0
2600,1788,7,0
2600,2385,8,0
2600,2386,9,0
2600,2387,10,0
2600,2024,11,0
2600,2025,12,0
2600,1463,13,1
2601,1463,1,0
2601,3474,2,0
2601,1033,3,0
2601,2398,4,0
2601,2399,5,0
2601,1792,6,0
2601,1793,7,0
2601,1794,8,0
2601,1691,9,0
2601,1777,10,0
2601,1778,11,0
2601,1779,12,0
2601,1780,13,0
2601,1781,14,0
2601,3724,15,0
2601,1782,16,1
2700,3491,1,0
2700,1047,2,0
2700,4107,3,0
2700,1563,4,0
2700,1565,5,0
2700,1655,6,0
2700,1642,7,0
2700,1647,8,0
2700,1648,9,0
2700,1649,10,0
2700,1650,11,0
2700,1651,12,1
2701,1651,1,0
2701,1652,2,0
2701,1653,3,0
2701,2479,4,0
2701,1656,5,0
2701,1657,6,0
2701,1658,7,0
2701,1659,8,0
2701,1660,9,0
2701,1042,10,0
2701,1043,11,0
2701,1044,12,0
2701,3491,13,1
2800,3495,1,0
2800,2497,2,0
2800,2506,3,0
2800,5012,4,0
2800,5013,5,0
2800,5014,6,0
2800,2590,7,0
2800,2603,8,0
2800,2968,9,0
2800,2624,10,0
2800,2625,11,0
2800,2626,12,0
2800,2627,13,0
2800,2628,14,0
2800,2629,15,0
2800,2630,16,0
2800,1953,17,0
2800,2922,18,0
2800,5042,19,0
2800,4098,20,0
2800,2379,21,0
2800,2380,22,0
2800,2381,23,1
2801,2381,1,0
2801,2926,2,0
2801,2853,3,0
2801,2854,4,0
2801,2855,5,0
2801,2856,6,0
2801,2857,7,0
2801,2858,8,0
2801,2859,9,0
2801,2860,10,0
2801,2967,11,0
2801,2575,12,0
2801,2576,13,0
2801,5019,14,0
2801,5020,15,0
2801,5021,16,0
2801,2594,17,0
2801,2595,18,0
2801,3495,19,1
2900,4003,1,0
2900,1040,2,0
2900,1037,3,0
2900,3903,4,0
2900,3905,5,0
2900,3689,6,0
2900,3690,7,0
2900,3691,8,0
2900,3692,9,0
2900,3693,10,0
2900,3694,11,0
2900,3695,12,0
2900,3463,13,0
2900,3464,14,0
2900,3149,15,0
2900,3150,16,0
2900,3151,17,0
2900,3153,18,0
2900,3631,19,0
2900,2780,20,0
2900,1090,21,0
2900,3943,22,0
2900,3945,23,0
2900,2783,24,0
2900,3620,25,0
2900,2785,26,0
2900,2786,27,0
2900,2787,28,0
2900,2833,29,0
2900,2834,30,0
2900,4058,31,0
2900,4059,32,0
2900,4061,33,0
2900,2793,34,0
2900,2794,35,0
2900,2795,36,0
2900,3672,37,0
2900,3673,38,0
2900,3674,39,0
2900,3675,40,0
2900,2821,41,0
2900,3676,42,0
2900,2803,43,0
2900,2804,44,0
2900,2805,45,0
2900,2806,46,0
2900,2807,47,0
2900,2808,48,0
2900,3882,49,0
2900,1129,50,1
2901,1129,1,0
2901,2811,2,0
2901,2812,3,0
2901,2813,4,0
2901,2814,5,0
2901,2815,6,0
2901,2817,7,0
2901,3677,8,0
2901,3678,9,0
2901,2800,10,0
2901,2801,11,0
2901,3679,12,0
2901,3680,13,0
2901,4054,14,0
2901,2826,15,0
2901,2827,16,0
2901,4062,17,0
2901,4060,18,0
2901,4057,19,0
2901,2666,20,0
2901,2668,21,0
2901,2667,22,0
2901,2670,23,0
2901,2671,24,0
2901,1166,25,0
2901,3619,26,0
2901,2673,27,0
2901,2674,28,0
2901,2675,29,0
2901,2676,30,0
2901,2677,31,0
2901,3589,32,0
2901,3156,33,0
2901,3158,34,0
2901,3159,35,0
2901,3160,36,0
2901,3907,37,0
2901,1974,38,0
2901,1975,39,0
2901,1976,40,0
2901,1977,41,0
2901,1978,42,0
2901,1979,43,0
2901,1980,44,0
2901,1981,45,0
2901,3685,46,0
2901,3906,47,0
2901,3904,48,0
2901,1034,49,0
2901,3901,50,0
2901,4003,51,1
3000,1264,1,0
3000,2515,2,0
3000,2516,3,0
3000,2530,4,0
3000,2518,5,0
3000,2519,6,0
3000,1078,7,1
3100,4023,1,0
3100,1214,2,0
3100,4019,3,0
3100,4021,4,0
3100,4018,5,0
3100,4012,6,0
3100,4013,7,0
3100,4024,8,0
3100,4025,9,0
3100,1116,10,0
3100,1117,11,0
3100,1118,12,0
3100,1119,13,0
3100,1120,14,0
3100,3899,15,0
3100,1223,16,0
3100,3887,17,0
3100,2522,18,0
3100,2523,19,0
3100,2524,20,0
3100,2525,21,0
3100,2526,22,0
3100,3773,23,0
3100,3747,24,0
3100,3622,25,0
3100,3748,26,0
3100,2817,27,0
3100,3677,28,0
3100,2819,29,0
3100,3749,30,0
3100,3790,31,0
3100,1925,32,0
3100,1926,33,0
3100,1927,34,0
3100,1928,35,0
3100,1929,36,0
3100,3598,37,0
3100,3599,38,0
3100,3443,39,0
3100,1121,40,0
3100,4016,41,0
3100,4050,42,0
3100,3757,43,0
3100,3758,44,0
3100,3759,45,0
3100,2067,46,0
3100,1204,47,0
3100,3393,48,0
3100,4005,49,1
3101,4005,1,0
3101,1205,2,0
3101,1206,3,0
3101,1207,4,0
3101,1208,5,0
3101,1209,6,0
3101,1210,7,0
3101,3760,8,0
3101,3593,9,0
3101,4051,10,0
3101,3781,11,0
3101,1133,12,0
3101,3780,13,0
3101,3782,14,0
3101,3594,15,0
3101,3595,16,0
3101,2038,17,0
3101,2039,18,0
3101,2040,19,0
3101,2041,20,0
3101,3783,21,0
3101,3768,22,0
3101,3764,23,0
3101,2803,24,0
3101,3900,25,0
3101,3769,26,0
3101,3770,27,0
3101,3771,28,0
3101,3772,29,0
3101,4072,30,0
3101,2511,31,0
3101,2512,32,0
3101,2513,33,0
3101,2514,34,0
3101,3889,35,0
3101,1260,36,0
3101,2531,37,0
3101,1096,38,0
3101,1097,39,0
3101,1098,40,0
3101,1099,41,0
3101,4026,42,0
3101,1100,43,0
3101,1102,44,0
3101,1104,45,0
3101,1105,46,0
3101,4017,47,0
3101,4022,48,0
3101,4020,49,0
3101,1213,50,0
3101,4023,51,1
3300,1672,1,0
3300,1676,2,0
3300,2965,3,0
3300,2966,4,0
3300,3894,5,0
3300,3502,6,0
3300,3896,7,0
3300,3503,8,0
3300,3504,9,0
3300,3505,10,0
3300,3333,11,0
3300,3506,12,0
3300,3700,13,0
3300,3701,14,0
3300,3702,15,0
3300,3703,16,0
3300,3704,17,0
3300,3705,18,0
3300,3706,19,0
3300,3707,20,0
3300,3708,21,0
3300,3709,22,0
3300,3710,23,0
3300,3711,24,0
3300,2016,25,0
3300,1840,26,0
3300,1841,27,0
3300,1842,28,0
3300,1844,29,0
3300,1845,30,0
3300,1864,31,0
3300,1865,32,0
3300,1666,33,0
3300,1973,34,0
3300,1025,35,0
3300,1028,36,0
3300,2024,37,0
3300,2025,38,0
3300,2026,39,1
3301,2026,1,0
3301,2027,2,0
3301,2085,3,0
3301,1032,4,0
3301,3474,5,0
3301,1033,6,0
3301,2086,7,0
3301,2087,8,0
3301,2884,9,0
3301,1548,10,0
3301,1773,11,0
3301,1774,12,0
3301,1776,13,0
3301,1804,14,0
3301,1805,15,0
3301,1806,16,0
3301,1807,17,0
3301,1808,18,0
3301,3733,19,0
3301,3734,20,0
3301,3735,21,0
3301,3736,22,0
3301,3737,23,0
3301,3738,24,0
3301,3739,25,0
3301,3632,26,0
3301,3633,27,0
3301,3634,28,0
3301,3635,29,0
3301,3636,30,0
3301,3666,31,0
3301,3334,32,0
3301,3667,33,0
3301,3668,34,0
3301,3895,35,0
3301,3669,36,0
3301,3670,37,0
3301,2076,38,0
3301,2987,39,0
3301,2988,40,0
3301,2989,41,0
3301,1672,42,1
3400,3226,1,0
3400,1930,2,0
3400,2656,3,0
3400,2414,4,0
3400,2415,5,0
3400,3438,6,0
3400,3439,7,0
3400,3440,8,0
3400,3441,9,0
3400,3442,10,0
3400,3447,11,0
3400,3449,12,0
3400,3457,13,0
3400,3458,14,0
3400,3459,15,0
3400,3460,16,0
3400,3147,17,0
3400,3148,18,0
3400,3163,19,0
3400,3164,20,0
3400,3571,21,0
3400,3572,22,0
3400,4011,23,0
3400,3573,24,0
3400,3431,25,1
3401,3431,1,0
3401,3145,2,0
3401,3421,3,0
3401,3420,4,0
3401,3419,5,0
3401,3417,6,0
3401,3406,7,0
3401,3405,8,0
3401,3404,9,0
3401,3403,10,0
3401,3402,11,0
3401,2447,12,0
3401,2448,13,0
3401,2449,14,0
3401,1023,15,0
3401,1921,16,0
3401,1474,17,1
3500,1675,1,0
3500,1676,2,0
3500,3094,3,0
3500,3095,4,0
3500,3096,5,0
3500,3097,6,0
3500,3098,7,0
3500,3099,8,0
3500,3100,9,0
3500,2691,10,0
3500,3102,11,0
3500,3103,12,0
3500,2309,13,0
3500,2914,14,0
3500,2915,15,0
3500,2916,16,0
3500,1386,17,0
3500,2919,18,0
3500,2920,19,0
3500,1376,20,0
3500,1313,21,0
3500,1292,22,0
3500,3226,23,1
3501,1474,1,0
3501,1273,2,0
3501,1385,3,0
3501,2924,4,0
3501,2925,5,0
3501,1387,6,0
3501,2927,7,0
3501,2928,8,0
3501,2929,9,0
3501,2311,10,0
3501,3075,11,0
3501,3076,12,0
3501,2684,13,0
3501,3083,14,0
3501,3084,15,0
3501,3085,16,0
3501,2828,17,0
3501,2825,18,0
3501,3091,19,0
3501,3093,20,0
3501,2704,21,0
3501,1675,22,1
3600,3996,1,0
3600,3997,2,0
3600,2045,3,0
3600,2046,4,0
3600,2047,5,0
3600,2048,6,0
3600,2049,7,0
3600,2050,8,0
3600,2051,9,0
3600,3803,10,0
3600,3801,11,0
3600,3641,12,0
3600,1731,13,0
3600,1732,14,1
3600,1342,15,1
3601,1342,1,0
3601,1728,2,0
3601,3802,3,0
3601,3804,4,0
3601,3990,5,0
3601,3991,6,0
3601,3992,7,0
3601,3993,8,0
3601,3994,9,0
3601,3995,10,0
3601,3996,11,1
5000,1517,1,0
5000,1523,2,0
5000,4193,3,0
5000,4195,4,0
5000,4213,5,0
5000,4214,6,0
5000,4196,7,0
5000,4197,8,0
5000,4198,9,0
5000,4199,10,0
5000,2287,11,0
5000,2288,12,0
5000,2289,13,0
5000,4111,14,0
5000,4112,15,0
5000,4168,16,0
5000,4169,17,0
5000,4114,18,0
5000,4115,19,0
5000,4116,20,0
5000,4117,21,0
5000,4118,22,0
5000,2976,23,0
5000,2176,24,0
5000,2977,25,0
5000,2978,26,0
5000,2979,27,0
5000,2360,28,0
5000,4219,29,0
5000,1609,30,0
5000,1610,31,0
5000,1611,32,0
5000,1612,33,0
5000,1613,34,0
5000,1614,35,0
5000,1615,36,0
5000,1616,37,0
5000,1617,38,0
5000,1618,39,0
5000,1619,40,0
5000,1620,41,0
5000,1621,42,0
5000,1444,43,0
5000,3835,44,0
5000,1446,45,0
5000,1447,46,0
5000,1448,47,0
5000,1449,48,0
5000,1451,49,0
5000,3858,50,0
5000,1454,51,0
5000,1065,52,1
5001,1065,1,0
5001,1392,2,0
5001,1394,3,0
5001,1396,4,0
5001,1398,5,0
5001,1399,6,0
5001,1400,7,0
5001,1445,8,0
5001,1401,9,0
5001,1591,10,0
5001,1592,11,0
5001,1593,12,0
5001,1594,13,0
5001,1595,14,0
5001,3609,15,0
5001,1596,16,0
5001,1597,17,0
5001,2899,18,0
5001,2900,19,0
5001,1600,20,0
5001,1601,21,0
5001,1602,22,0
5001,4164,23,0
5001,2482,24,0
5001,2483,25,0
5001,2484,26,0
5001,2485,27,0
5001,2486,28,0
5001,4200,29,0
5001,4201,30,0
5001,4202,31,0
5001,2489,32,0
5001,2490,33,0
5001,4203,34,0
5001,2222,35,0
5001,2223,36,0
5001,2224,37,0
5001,2229,38,0
5001,2230,39,0
5001,2231,40,0
5001,4159,41,0
5001,4160,42,0
5001,2280,43,0
5001,4206,44,0
5001,4207,45,0
5001,4215,46,0
5001,4216,47,0
5001,4217,48,0
5001,4218,49,0
5001,2159,50,0
5001,1517,51,1
5100,1511,1,0
5100,1468,2,0
5100,1469,3,0
5100,1470,4,0
5100,1471,5,0
5100,1472,6,0
5100,1473,7,0
5100,6102,8,0
5100,1475,9,0
5100,3527,10,0
5100,1476,11,0
5100,1384,12,0
5100,6103,13,0
5100,4194,14,0
5100,6104,15,0
5100,1477,16,0
5100,1478,17,0
5100,1479,18,0
5100,1480,19,0
5100,1409,20,0
5100,6105,21,0
5100,1482,22,0
5100,1483,23,0
5100,1278,24,0
5100,1254,25,0
5100,1235,26,0
5100,3511,27,0
5100,1236,28,0
5100,3540,29,0
5100,1300,30,0
5100,1301,31,0
5100,1302,32,0
5100,1303,33,0
5100,1304,34,0
5100,1305,35,0
5100,1306,36,0
5100,1246,37,0
5100,3852,38,0
5100,3853,39,0
5100,3854,40,0
5100,3855,41,0
5100,3856,42,0
5100,3541,43,0
5100,1307,44,1
5100,1276,45,0
5100,1294,46,0
5100,1295,47,0
5100,1297,48,0
5100,1298,49,0
5100,2107,50,0
5100,3922,51,0
5100,3923,52,0
5100,3924,53,0
5100,3925,54,0
5100,3926,55,0
5100,1247,56,0
5100,1248,57,0
5100,1249,58,0
5100,1029,59,0
5100,1237,60,0
5100,1238,61,0
5100,1239,62,0
5100,1240,63,0
5100,1241,64,0
5100,1242,65,0
5100,1243,66,0
5100,3542,67,0
5100,1244,68,0
5100,3512,69,0
5100,3930,70,0
5100,3931,71,0
5100,3932,72,0
5100,3411,73,1
5101,3411,1,0
5101,1265,2,0
5101,1266,3,0
5101,1267,4,0
5101,1268,5,0
5101,1269,6,0
5101,2106,7,0
5101,1484,8,0
5101,1315,9,0
5101,1316,10,0
5101,1317,11,0
5101,1307,12,0
5101,1308,13,0
5101,1250,14,0
5101,1251,15,0
5101,1252,16,0
5101,1274,17,0
5101,1253,18,0
5101,1278,19,0
5101,1456,20,0
5101,1457,21,0
5101,6023,22,0
5101,1459,23,0
5101,1486,24,0
5101,1426,25,0
5101,1427,26,0
5101,6020,27,0
5101,4158,28,0
5101,6021,29,0
5101,3539,30,0
5101,1460,31,0
5101,1461,32,0
5101,1462,33,0
5101,6022,34,0
5101,1464,35,0
5101,1465,36,0
5101,1466,37,0
5101,1467,38,0
5101,1511,39,1
5300,1518,1,0
5300,1523,2,0
5300,1524,3,0
5300,1525,4,0
5300,2269,5,0
5300,2270,6,0
5300,4122,7,0
5300,4123,8,0
5300,4124,9,0
5300,4125,10,0
5300,4126,11,0
5300,4127,12,0
5300,4128,13,0
5300,4129,14,0
5300,1031,15,0
5300,4130,16,0
5300,1529,17,0
5300,1530,18,0
5300,1531,19,0
5300,1532,20,0
5300,1533,21,0
5300,1534,22,0
5300,1535,23,0
5300,1536,24,0
5300,1537,25,0
5300,1245,26,0
5300,4131,27,0
5300,1538,28,0
5300,2652,29,0
5300,1539,30,0
5300,1540,31,0
5300,1541,32,0
5300,4145,33,0
5300,3660,34,0
5300,1543,35,0
5300,1351,36,0
5300,1353,37,0
5300,4146,38,0
5300,1320,39,0
5300,1066,40,1
5301,1066,1,0
5301,4147,2,0
5301,1275,3,0
5301,1328,4,0
5301,1311,5,0
5301,1011,6,0
5301,4176,7,0
5301,1491,8,0
5301,1492,9,0
5301,1493,10,0
5301,1494,11,0
5301,1495,12,0
5301,2655,13,0
5301,2113,14,0
5301,2114,15,0
5301,1496,16,0
5301,1497,17,0
5301,1498,18,0
5301,1499,19,0
5301,1500,20,0
5301,1501,21,0
5301,1502,22,0
5301,1503,23,0
5301,1504,24,0
5301,4132,25,0
5301,2174,26,0
5301,2175,27,0
5301,2218,28,0
5301,2219,29,0
5301,2293,30,0
5301,2294,31,0
5301,2181,32,0
5301,2182,33,0
5301,2183,34,0
5301,2184,35,0
5301,4133,36,0
5301,2185,37,0
5301,1509,38,0
5301,1510,39,0
5301,2159,40,0
5301,1518,41,1
5500,2390,1,0
5500,2391,2,0
5500,2392,3,0
5500,2254,4,0
5500,2255,5,0
5500,2256,6,0
5500,2257,7,0
5500,2641,8,0
5500,2642,9,0
5500,2643,10,0
5500,2644,11,0
5500,2155,12,0
5500,2156,13,0
5500,2157,14,0
5500,2158,15,0
5500,2378,16,0
5500,3077,17,0
5500,3078,18,0
5500,3079,19,0
5500,3080,20,0
5500,3081,21,0
5500,3082,22,0
5500,2206,23,0
5500,2207,24,0
5500,2208,25,0
5500,2209,26,0
5500,2210,27,0
5500,2211,28,0
5500,8010,29,0
5500,2159,30,0
5500,1520,31,1
5501,1520,1,0
5501,1523,2,0
5501,8009,3,0
5501,8011,4,0
5501,3261,5,0
5501,3262,6,0
5501,3263,7,0
5501,2139,8,0
5501,2140,9,0
5501,2141,10,0
5501,2142,11,0
5501,2143,12,0
5501,2144,13,0
5501,2145,14,0
5501,2146,15,0
5501,2390,16,1
5501,1938,17,0
5501,2127,18,0
5501,2128,19,0
5501,2129,20,0
5501,2321,21,0
5501,2322,22,0
5501,2323,23,0
5501,2324,24,0
5501,2325,25,0
5501,2326,26,0
5501,2374,27,0
5501,2375,28,0
5501,2376,29,0
5501,2377,30,0
5501,2378,31,1
5600,1066,1,0
5600,1477,2,0
5600,1478,3,0
5600,4161,4,0
5600,1429,5,0
5600,1430,6,0
5600,3280,7,0
5600,1431,8,0
5600,1432,9,0
5600,1433,10,0
5600,3519,11,0
5600,1282,12,0
5600,1283,13,0
5600,1284,14,0
5600,4121,15,0
5600,4153,16,0
5600,4154,17,0
5600,4155,18,0
5600,4156,19,0
5600,1588,20,0
5600,1589,21,0
5600,1443,22,0
5600,4157,23,0
5600,1402,24,0
5600,1403,25,0
5600,1404,26,0
5600,1405,27,0
5600,1407,28,0
5600,1408,29,0
5600,1410,30,1
5601,1410,1,0
5601,1411,2,0
5601,1412,3,0
5601,1413,4,0
5601,1414,5,0
5601,1415,6,0
5601,1416,7,0
5601,3526,8,0
5601,3522,9,0
5601,1289,10,0
5601,1290,11,0
5601,1417,12,0
5601,1418,13,0
5601,1419,14,0
5601,1420,15,0
5601,1421,16,0
5601,1422,17,0
5601,1423,18,0
5601,1424,19,0
5601,1425,20,0
5601,1426,21,0
5601,1427,22,0
5601,1066,23,1
5700,1732,1,0
5700,1734,2,0
5700,1728,3,0
5700,3888,4,0
5700,3525,5,0
5700,1685,6,0
5700,1688,7,0
5700,2343,8,0
5700,2342,9,0
5700,2341,10,0
5700,2340,11,0
5700,2197,12,0
5700,2198,13,0
5700,2199,14,0
5700,2200,15,0
5700,2607,16,0
5700,8012,17,0
5700,1466,18,0
5700,1467,19,0
5700,1522,20,1
5701,1522,1,0
5701,1468,2,0
5701,1469,3,0
5701,2189,4,0
5701,2190,5,0
5701,2191,6,0
5701,2192,7,0
5701,1232,8,0
5701,1233,9,0
5701,1234,10,0
5701,3805,11,0
5701,3792,12,0
5701,1687,13,0
5701,1686,14,0
5701,3524,15,0
5701,3888,16,0
5701,3641,17,0
5701,1342,18,1
5800,1516,1,0
5800,1605,2,0
5800,1606,3,0
5800,1608,4,0
5800,5009,5,0
5800,4136,6,0
5800,4137,7,0
5800,4138,8,0
5800,4139,9,0
5800,4140,10,0
5800,4141,11,0
5800,4142,12,0
5800,4143,13,0
5800,4144,14,0
5800,3660,15,0
5800,1543,16,0
5800,1351,17,0
5800,1353,18,0
5800,4146,19,0
5800,1320,20,0
5800,1066,21,1
5801,1066,1,0
5801,4147,2,0
5801,1275,3,0
5801,1328,4,0
5801,1311,5,0
5801,1011,6,0
5801,4176,7,0
5801,1378,8,0
5801,1379,9,0
5801,1380,10,0
5801,1381,11,0
5801,4148,12,0
5801,1361,13,0
5801,1362,14,0
5801,2108,15,0
5801,2109,16,0
5801,2110,17,0
5801,5005,18,0
5801,1603,19,0
5801,4152,20,0
5801,3536,21,0
5801,1516,22,1
6000,1058,1,0
6000,4182,2,0
6000,4183,3,0
6000,1280,4,0
6000,4212,5,0
6000,4170,6,0
6000,4171,7,0
6000,1367,8,0
6000,1368,9,0
6000,1369,10,0
6000,1355,11,0
6000,1370,12,0
6000,4172,13,0
6000,4173,14,1
6001,4173,1,0
6001,4174,2,0
6001,4175,3,0
6001,4235,4,0
6001,1354,5,0
6001,1356,6,0
6001,1357,7,0
6001,4093,8,0
6001,1279,9,0
6001,1358,10,0
6001,4208,11,0
6001,1058,12,1
6100,1732,1,0
6100,1734,2,0
6100,1728,3,0
6100,3888,4,0
6100,3525,5,0
6100,3562,6,0
6100,1630,7,0
6100,1631,8,0
6100,1632,9,0
6100,1633,10,0
6100,4104,11,0
6100,3003,12,0
6100,1584,13,0
6100,1585,14,0
6100,1586,15,0
6100,1587,16,0
6100,1588,17,0
6100,1589,18,0
6100,1443,19,0
6100,1444,20,0
6100,3835,21,0
6100,2327,22,0
6100,3877,23,0
6100,1054,24,0
6100,3851,25,0
6100,3806,26,0
6100,1063,27,1
6101,1063,1,0
6101,1321,2,0
6101,3850,3,0
6101,1051,4,0
6101,3878,5,0
6101,2313,6,0
6101,1445,7,0
6101,1401,8,0
6101,1623,9,0
6101,1624,10,0
6101,1625,11,0
6101,1455,12,0
6101,1626,13,0
6101,1627,14,0
6101,1628,15,0
6101,1576,16,0
6101,1577,17,0
6101,1578,18,0
6101,1579,19,0
6101,1580,20,0
6101,3515,21,0
6101,3516,22,0
6101,3524,23,0
6101,3888,24,0
6101,3641,25,0
6101,1731,26,0
6101,1732,27,1
6300,1519,1,0
6300,1523,2,0
6300,4163,3,0
6300,4209,4,0
6300,2274,5,0
6300,2275,6,0
6300,2276,7,0
6300,4124,8,0
6300,4125,9,0
6300,4119,10,0
6300,2295,11,0
6300,4120,12,0
6300,2297,13,0
6300,2298,14,0
6300,4220,15,0
6300,2165,16,1
6301,2165,1,0
6301,2166,2,0
6301,4221,3,0
6301,2167,4,0
6301,2168,5,0
6301,2169,6,0
6301,2170,7,0
6301,2171,8,0
6301,2172,9,0
6301,2173,10,0
6301,1504,11,0
6301,1505,12,0
6301,1506,13,0
6301,1507,14,0
6301,2301,15,0
6301,2302,16,0
6301,2303,17,0
6301,2304,18,0
6301,2125,19,0
6301,1519,20,1
6500,1063,1,0
6500,1058,2,0
6500,4147,3,0
6500,1275,4,0
6500,3845,5,0
6500,1170,6,0
6500,1280,7,0
6500,4212,8,0
6500,4170,9,0
6500,1345,10,0
6500,1346,11,0
6500,1347,12,0
6500,1348,13,0
6500,1349,14,0
6500,4041,15,0
6500,1350,16,0
6500,3394,17,0
6500,3396,18,0
6500,3397,19,0
6500,4184,20,0
6500,4185,21,0
6500,4186,22,1
6501,4186,1,0
6501,4187,2,0
6501,4188,3,0
6501,4189,4,0
6501,4190,5,0
6501,4191,6,0
6501,4192,7,0
6501,1371,8,0
6501,1372,9,0
6501,1373,10,0
6501,1374,11,0
6501,1356,12,0
6501,1357,13,0
6501,4093,14,0
6501,1279,15,0
6501,1318,16,0
6501,1319,17,0
6501,4146,18,0
6501,1320,19,0
6501,1058,20,1
6700,1066,1,0
6700,4147,2,0
6700,3986,3,0
6700,3985,4,0
6700,3984,5,0
6700,3983,6,0
6700,3982,7,0
6700,3981,8,0
6700,3980,9,0
6700,3979,10,0
6700,3978,11,0
6700,3977,12,0
6700,3976,13,0
6700,3975,14,0
6700,3974,15,0
6700,3973,16,0
6700,3972,17,0
6700,3960,18,0
6700,3971,19,0
6700,3970,20,0
6700,3968,21,0
6700,4179,22,0
6700,3967,23,0
6700,2648,24,0
6700,3508,25,0
6700,3509,26,0
6700,3510,27,0
6700,1282,28,0
6700,1283,29,0
6700,1284,30,0
6700,1435,31,0
6700,1436,32,0
6700,1627,33,0
6700,1628,34,0
6700,3934,35,0
6700,3742,36,0
6700,3935,37,0
6700,3936,38,0
6700,3937,39,0
6700,2318,40,0
6700,1572,41,1
6701,1572,1,0
6701,3939,2,0
6701,2310,3,0
6701,3940,4,0
6701,2312,5,0
6701,3941,6,0
6701,3942,7,0
6701,1584,8,0
6701,2393,9,0
6701,2789,10,0
6701,2790,11,0
6701,1289,12,0
6701,1290,13,0
6701,2650,14,0
6701,2791,15,0
6701,2792,16,0
6701,1325,17,0
6701,3600,18,0
6701,2647,19,0
6701,1326,20,0
6701,1327,21,0
6701,3543,22,0
6701,3514,23,0
6701,1329,24,0
6701,1330,25,0
6701,1331,26,0
6701,3989,27,0
6701,3988,28,0
6701,3987,29,0
6701,1332,30,0
6701,1333,31,0
6701,3546,32,0
6701,1335,33,0
6701,1336,34,0
6701,3547,35,0
6701,1337,36,0
6701,1338,37,0
6701,1339,38,0
6701,1340,39,0
6701,4146,40,0
6701,1320,41,0
6701,1066,42,1
7200,6107,1,0
7200,1572,2,0
7200,1288,3,0
7200,1287,4,0
7200,5002,5,0
7200,3849,6,0
7200,3646,7,0
7200,3647,8,0
7200,1169,9,0
7200,3648,10,0
7200,3649,11,0
7200,2316,12,1
7200,2312,13,0
7200,7139,14,0
7200,7137,15,1
7201,3646,1,0
7201,3647,2,0
7201,3648,3,0
7201,3649,4,0
7201,2316,5,0
7201,7137,6,0
7201,2317,7,0
7201,3531,8,0
7201,2318,9,0
7201,1572,10,1
7600,1342,1,0
7600,2308,2,0
7600,3959,3,0
7600,3958,4,0
7600,3957,5,0
7600,3953,6,0
7600,3956,7,0
7600,3955,8,0
7600,3954,9,0
7600,1823,10,0
7600,1745,11,0
7600,1824,12,0
7600,2052,13,0
7600,1828,14,0
7600,1829,15,0
7600,1830,16,1
7601,1830,1,0
7601,3746,2,0
7601,1831,3,0
7601,3961,4,0
7601,3962,5,0
7601,3963,6,0
7601,3999,7,0
7601,3964,8,0
7601,3965,9,0
7601,3966,10,0
7601,3641,11,0
7601,1342,12,1
7700,7033,1,0
7700,7025,2,0
7700,7023,3,0
7700,7021,4,0
7700,7019,5,0
7700,7017,6,0
7700,7035,7,0
7700,7010,8,0
7700,7008,9,0
7700,7007,10,0
7700,7005,11,0
7700,7003,12,0
7700,7039,13,0
7700,7001,14,0
7700,7040,15,0
7700,1203,16,0
7700,4002,17,1
7701,4002,1,0
7701,1180,2,0
7701,7037,3,0
7701,7041,4,0
7701,7000,5,0
7701,7038,6,0
7701,7002,7,0
7701,7004,8,0
7701,7008,9,0
7701,7009,10,0
7701,7011,11,0
7701,7016,12,0
7701,7018,13,0
7701,7020,14,0
7701,7022,15,0
7701,7024,16,0
7701,7033,17,1
11000,1732,1,0
11000,3488,2,1
11001,3488,1,0
11001,1732,2,1
20100,1732,1,0
20100,2308,2,0
20100,2053,3,0
20100,1756,4,0
20100,1758,5,0
20100,2055,6,0
20100,2054,7,0
20100,2351,8,0
20100,1033,9,0
20100,2086,10,0
20100,2885,11,0
20100,2888,12,0
20100,3189,13,0
20100,3895,14,0
20100,3893,15,0
20100,2969,16,0
20100,2971,17,0
20100,2986,18,0
20100,3891,19,0
20100,3143,20,0
20100,3144,21,0
20100,3146,22,0
20100,1992,23,0
20100,1972,24,0
20100,3465,25,0
20100,3890,26,0
20100,1117,27,0
20100,3899,28,0
20100,1223,29,0
20100,3887,30,0
20100,2524,31,0
20100,4073,32,0
20100,1916,33,0
20100,1918,34,0
20100,1127,35,1
20101,1127,1,0
20101,2505,2,0
20101,2508,3,0
20101,4072,4,0
20101,2512,5,0
20101,3889,6,0
20101,1260,7,0
20101,2531,8,0
20101,1099,9,0
20101,3445,10,0
20101,3162,11,0
20101,3590,12,0
20101,3165,13,0
20101,3167,14,0
20101,3169,15,0
20101,3170,16,0
20101,3892,17,0
20101,2981,18,0
20101,2983,19,0
20101,2985,20,0
20101,3894,21,0
20101,3896,22,0
20101,2065,23,0
20101,3004,24,0
20101,2881,25,0
20101,1973,26,0
20101,1028,27,0
20101,2024,28,0
20101,1458,29,0
20101,1857,30,0
20101,1860,31,0
20101,1703,32,0
20101,1859,33,0
20101,2052,34,0
20101,3641,35,0
20101,1732,36,1
20200,4001,1,0
20200,3903,2,0
20200,3905,3,0
20200,1983,4,0
20200,1994,5,0
20200,1997,6,0
20200,4053,7,0
20200,2778,8,0
20200,1090,9,0
20200,3943,10,0
20200,3620,11,0
20200,2785,12,0
20200,2787,13,0
20200,2788,14,0
20200,4052,15,0
20200,4055,16,0
20200,3665,17,0
20200,4047,18,0
20200,2035,19,0
20200,3750,20,0
20200,3752,21,0
20200,3842,22,0
20200,3755,23,0
20200,3756,24,0
20200,4043,25,0
20200,3799,26,1
20201,3799,1,0
20201,4042,2,0
20201,3761,3,0
20201,3762,4,0
20201,3763,5,0
20201,3765,6,0
20201,3766,7,0
20201,1931,8,0
20201,4046,9,0
20201,3671,10,0
20201,4054,11,0
20201,4049,12,0
20201,2832,13,0
20201,2670,14,0
20201,1166,15,0
20201,3619,16,0
20201,2675,17,0
20201,2676,18,0
20201,2679,19,0
20201,1966,20,0
20201,1969,21,0
20201,4056,22,0
20201,3687,23,0
20201,3906,24,0
20201,3904,25,0
20201,4001,26,1
20300,1064,1,0
20300,3845,2,0
20300,1170,3,0
20300,1280,4,0
20300,3660,5,0
20300,1544,6,0
20300,1546,7,0
20300,1547,8,0
20300,1549,9,0
20300,1550,10,0
20300,2107,11,0
20300,1258,12,0
20300,1259,13,0
20300,1281,14,0
20300,1299,15,0
20300,1300,16,0
20300,1291,17,0
20300,4100,18,0
20300,4102,19,0
20300,1020,20,0
20300,3649,21,0
20300,2317,22,0
20300,3531,23,0
20300,2318,24,0
20300,1572,25,1
20300,1569,26,0
20300,1573,27,0
20300,1574,28,0
20300,3641,29,0
20300,1732,30,1
20301,1732,1,0
20301,1728,2,0
20301,3888,3,0
20301,1636,4,0
20301,1638,5,0
20301,1572,6,0
20301,1288,7,0
20301,1287,8,0
20301,5002,9,0
20301,3849,10,0
20301,1021,11,0
20301,4103,12,0
20301,4101,13,0
20301,1296,14,0
20301,1308,15,0
20301,1309,16,0
20301,1310,17,0
20301,3857,18,0
20301,1312,19,0
20301,2106,20,0
20301,1484,21,0
20301,1485,22,0
20301,1487,23,0
20301,1488,24,0
20301,1490,25,0
20301,1357,26,0
20301,1279,27,0
20301,1358,28,0
20301,1064,29,1
20400,4000,1,0
20400,1095,2,0
20400,1180,3,0
20400,2669,4,0
20400,1211,5,0
20400,1406,6,0
20400,3173,7,0
20400,3175,8,0
20400,3389,9,0
20400,3390,10,0
20400,3391,11,0
20400,1982,12,0
20400,2706,13,0
20400,1376,14,0
20400,1313,15,0
20400,1292,16,0
20400,3226,17,0
20400,1930,18,0
20400,1903,19,0
20400,1923,20,0
20400,1987,21,0
20400,1936,22,0
20400,2333,23,0
20400,2337,24,0
20400,2339,25,0
20400,1932,26,0
20400,1679,27,0
20400,1057,28,1
20401,1277,1,0
20401,1677,2,0
20401,1933,3,0
20401,1678,4,0
20401,1692,5,0
20401,1935,6,0
20401,1937,7,0
20401,2352,8,0
20401,1924,9,0
20401,1912,10,0
20401,1921,11,0
20401,1474,12,0
20401,1273,13,0
20401,2713,14,0
20401,2754,15,0
20401,2755,16,0
20401,3356,17,0
20401,3357,18,0
20401,3198,19,0
20401,3199,20,0
20401,1716,21,0
20401,1654,22,0
20401,1314,23,0
20401,2672,24,0
20401,1203,25,0
20401,1101,26,0
20401,4000,27,1
20500,1675,1,0
20500,4096,2,0
20500,4094,3,0
20500,4092,4,0
20500,2906,5,0
20500,2907,6,0
20500,1440,7,0
20500,2748,8,0
20500,1391,9,0
20500,1939,10,0
20500,2851,11,0
20500,1953,12,0
20500,4098,13,0
20500,1671,14,0
20500,1277,15,1
20501,1057,1,0
20501,1690,2,0
20501,4097,3,0
20501,1940,4,0
20501,2633,5,0
20501,2635,6,0
20501,1390,7,0
20501,1481,8,0
20501,1434,9,0
20501,2937,10,0
20501,3229,11,0
20501,4091,12,0
20501,2869,13,0
20501,5032,14,0
20501,1675,15,1
20600,2250,1,0
20600,4105,2,0
20600,4106,3,0
20600,2134,4,0
20600,2136,5,0
20600,2267,6,0
20600,3861,7,0
20600,3862,8,0
20600,1512,9,0
20600,1605,10,0
20600,1608,11,0
20600,1612,12,0
20600,1615,13,0
20600,1622,14,0
20600,1624,15,0
20600,1455,16,0
20600,1627,17,0
20600,1635,18,0
20600,1636,19,0
20600,1638,20,0
20600,1590,21,0
20600,1640,22,0
20600,1043,23,0
20600,3499,24,1
20601,3499,1,0
20601,1567,2,0
20601,1569,3,0
20601,1573,4,0
20601,1574,5,0
20601,4104,6,0
20601,1585,7,0
20601,1587,8,0
20601,1589,9,0
20601,1591,10,0
20601,1597,11,0
20601,1600,12,0
20601,1603,13,0
20601,3536,14,0
20601,1521,15,0
20601,3863,16,0
20601,3864,17,0
20601,2249,18,0
20601,2290,19,0
20601,2250,20,1
30200,6101,1,0
30200,6102,2,0
30200,6103,3,0
30200,6104,4,0
30200,6105,5,0
30200,6107,6,0
30200,6024,7,1
30201,6024,1,0
30201,6017,2,0
30201,6019,3,0
30201,6020,4,0
30201,6021,5,0
30201,6022,6,0
30201,6101,7,1
