101,'1-Holiday1-10000001',824,,11053,23,,,1,100,,11054,23,,,1,30,,11055,23,,,1,72,,11056,23,,,1,30,,11057,23,,,1,70,,11058,23,,,1,30,,11059,23,,,1,70,,11060,23,,,1,30,,11061,23,,,1,70,,11062,23,,,1,30,,11063,23,,,1,70,,11064,23,,,1,30,,11065,23,,,1,70,,11066,23,,,1,30,,11067,23,,,1,70,,11068,23,,,1,30,,11069,23,,,1,70,,11070,23,,,1,30,,11071,23,,,1,68,,11072,23,,,1,100,,11073,23,,,1,100,,11074,23,,,1,100,,11075,23,,,1,100,,11076,23,,,1,100,,11077,23,,,1,100,,11078,23,,,1
101,'1-Saturday-10000010',624,,11079,23,,,1,30,,11080,23,,,1,70,,11081,23,,,1,30,,11082,23,,,1,70,,11083,23,,,1,30,,11084,23,,,1,72,,11085,23,,,1,30,,11086,23,,,1,70,,11087,23,,,1,30,,11088,23,,,1,70,,11089,23,,,1,30,,11090,23,,,1,70,,11091,23,,,1,30,,11092,23,,,1,70,,11093,23,,,1,30,,11094,23,,,1,70,,11095,23,,,1,30,,11096,23,,,1,70,,11097,23,,,1,30,,11098,23,,,1,70,,11099,23,,,1,30,,11100,23,,,1,70,,11101,23,,,1,30,,11102,23,,,1,68,,11103,23,,,1,30,,11104,23,,,1,70,,11105,23,,,1,30,,11106,23,,,1,70,,11107,23,,,1,30,,11108,23,,,1,70,,11109,23,,,1,30,,11110,23,,,1,70,,11111,23,,,1,30,,11112,23,,,1,70,,11113,23,,,1,100,,11114,23,,,1
101,'1-Sunday-10000001',824,,11115,23,,,1,100,,11116,23,,,1,30,,11117,23,,,1,72,,11118,23,,,1,30,,11119,23,,,1,70,,11120,23,,,1,30,,11121,23,,,1,70,,11122,23,,,1,30,,11123,23,,,1,70,,11124,23,,,1,30,,11125,23,,,1,70,,11126,23,,,1,30,,11127,23,,,1,70,,11128,23,,,1,30,,11129,23,,,1,70,,11130,23,,,1,30,,11131,23,,,1,70,,11132,23,,,1,30,,11133,23,,,1,68,,11134,23,,,1,100,,11135,23,,,1,100,,11136,23,,,1,100,,11137,23,,,1,100,,11138,23,,,1,100,,11139,23,,,1,100,,11140,23,,,1
101,'1-Weekday-11111100',609,,11177,23,,,1,15,,11175,23,,,1,15,,11179,13,,,1,15,,11176,23,,,1,56,,11178,13,,,1,16,,11141,23,,,1,30,,11142,23,,,1,70,,11143,23,,,1,30,,11144,23,,,1,70,,11145,23,,,1,30,,11146,23,,,1,70,,11155,23,,,1,30,,11156,23,,,1,70,,11157,23,,,1,30,,11158,23,,,1,70,,11159,23,,,1,30,,11160,23,,,1,70,,11161,23,,,1,30,,11162,23,,,1,70,,11163,23,,,1,31,,11147,23,,,1,70,,11148,23,,,1,30,,11149,23,,,1,70,,11150,23,,,1,30,,11151,23,,,1,70,,11152,23,,,1,30,,11153,23,,,1,69,,11154,23,,,1,30,,11164,23,,,1,70,,11165,23,,,1,30,,11166,23,,,1,70,,11167,23,,,1,30,,11168,23,,,1,70,,11169,23,,,1,30,,11170,23,,,1,68,,11171,23,,,1,30,,11172,23,,,1,70,,11173,23,,,1,100,,11174,23,,,1
301,'3-Saturday-10000010',658,,11275,1,,,1,70,,11276,1,,,1,30,,11277,1,,,1,70,,11278,1,,,1,30,,11279,1,,,1,72,,11280,1,,,1,70,,11281,1,,,1,30,,11282,1,,,1,70,,11283,1,,,1,30,,11284,1,,,1,70,,11285,1,,,1,30,,11286,1,,,1,70,,11287,1,,,1,30,,11288,1,,,1,70,,11289,1,,,1,30,,11290,1,,,1,70,,11291,1,,,1,30,,11292,1,,,1,70,,11293,1,,,1,30,,11294,1,,,1,70,,11295,1,,,1,30,,11296,1,,,1,70,,11297,1,,,1,28,,11298,1,,,1,30,,11299,1,,,1,70,,11300,1,,,1,30,,11301,1,,,1,70,,11302,1,,,1,30,,11303,1,,,1,100,,11304,1,,,1,100,,11305,1,,,1
301,'3-Sunday-10000001',858,,11308,1,,,1,100,,11309,1,,,1,71,,11310,1,,,1,30,,11311,1,,,1,70,,11312,1,,,1,30,,11313,1,,,1,70,,11314,1,,,1,30,,11315,1,,,1,70,,11316,1,,,1,30,,11317,1,,,1,70,,11318,1,,,1,30,,11319,1,,,1,70,,11320,1,,,1,30,,11321,1,,,1,70,,11322,1,,,1,30,,11323,1,,,1,70,,11324,1,,,1,30,,11325,1,,,1,68,,11331,1,,,1,30,,11326,1,,,1,70,,11332,1,,,1,30,,11327,1,,,1,70,,11333,1,,,1,30,,11330,1,,,1,100,,11328,1,,,1,100,,11329,1,,,1
301,'3-Weekday-11111100',629,,11335,1,,,1,30,,11334,1,,,1,74,,11336,1,,,1,70,,11337,1,,,1,30,,11338,1,,,1,70,,11339,1,,,1,31,,11340,1,,,1,66,,11341,1,,,1,30,,11347,1,,,1,70,,11348,1,,,1,30,,11349,1,,,1,70,,11350,1,,,1,30,,11351,1,,,1,70,,11346,1,,,1,30,,11345,1,,,1,70,,11344,1,,,1,30,,11343,1,,,1,75,,11342,1,,,1,30,,11358,1,,,1,70,,11357,1,,,1,30,,11356,1,,,1,70,,11355,1,,,1,30,,11354,1,,,1,69,,11353,1,,,1,25,,11352,1,,,1,30,,11363,1,,,1,70,,11362,1,,,1,30,,11364,1,,,1,70,,11366,1,,,1,30,,11361,1,,,1,70,,11367,1,,,1,30,,11360,1,,,1,67,,11368,1,,,1,30,,11359,1,,,1,70,,11369,1,,,1,30,,11365,1,,,1
400,'4-Saturday-10000010',658,,11400,27,4,,1,70,,11370,27,4,,1,30,,11371,27,4,,1,70,,11372,27,4,,1,30,,11373,27,4,,1,72,,11374,27,4,,1,70,,11375,27,4,,1,30,,11376,27,4,,1,70,,11377,27,4,,1,30,,11378,27,4,,1,70,,11379,27,4,,1,30,,11380,27,4,,1,70,,11381,27,4,,1,30,,11382,27,4,,1,70,,11383,27,4,,1,30,,11384,27,4,,1,70,,11385,27,4,,1,30,,11386,27,4,,1,70,,11387,27,4,,1,30,,11388,27,4,,1,70,,11389,27,4,,1,30,,11390,27,4,,1,70,,11391,27,4,,1,28,,11392,27,4,,1,30,,11393,27,4,,1,70,,11394,27,4,,1,30,,11395,27,4,,1,70,,11396,27,4,,1,30,,11397,27,4,,1,100,,11398,27,4,,1,100,,11399,27,4,,1
400,'4-Sunday-10000001',858,,11401,27,4,,1,100,,11402,27,4,,1,71,,11403,27,4,,1,30,,11404,27,4,,1,70,,11405,27,4,,1,30,,11406,27,4,,1,70,,11407,27,4,,1,30,,11408,27,4,,1,70,,11409,27,4,,1,30,,11410,27,4,,1,70,,11411,27,4,,1,30,,11412,27,4,,1,70,,11413,27,4,,1,30,,11414,27,4,,1,70,,11415,27,4,,1,30,,11416,27,4,,1,70,,11417,27,4,,1,30,,11418,27,4,,1,68,,11424,27,4,,1,30,,11419,27,4,,1,70,,11425,27,4,,1,30,,11420,27,4,,1,70,,11426,27,4,,1,30,,11421,27,4,,1,100,,11422,27,4,,1,100,,11423,27,4,,1
400,'4-Weekday-11111100',629,,11427,27,4,,1,30,,11428,27,4,,1,74,,11429,27,4,,1,70,,11430,27,4,,1,30,,11431,27,4,,1,70,,11432,27,4,,1,31,,11433,27,4,,1,66,,11434,27,4,,1,30,,11435,27,4,,1,70,,11436,27,4,,1,30,,11437,27,4,,1,70,,11438,27,4,,1,30,,11439,27,4,,1,70,,11440,27,4,,1,30,,11441,27,4,,1,70,,11442,27,4,,1,30,,11443,27,4,,1,75,,11444,27,4,,1,30,,11445,27,4,,1,70,,11446,27,4,,1,30,,11447,27,4,,1,70,,11448,27,4,,1,30,,11449,27,4,,1,69,,11450,27,4,,1,25,,11451,27,4,,1,30,,11452,27,4,,1,70,,11453,27,4,,1,30,,11454,27,4,,1,70,,11459,27,4,,1,30,,11455,27,4,,1,70,,11460,27,4,,1,30,,11456,27,4,,1,67,,11461,27,4,,1,30,,11457,27,4,,1,70,,11462,27,4,,1,30,,11458,27,4,,1
20401,'204-Holiday1-10000001',745,,20320,14,,,1,70,,20321,14,,,1,30,,20322,14,,,1,70,,20323,14,,,1,30,,20324,14,,,1,70,,20319,14,,,1,30,,20325,14,,,1,70,,20326,14,,,1,30,,20327,14,,,1,70,,20328,14,,,1,30,,20329,14,,,1,70,,20330,14,,,1,30,,20331,14,,,1,70,,20332,14,,,1,30,,20333,14,,,1,70,,20334,14,,,1,30,,20335,14,,,1,70,,20336,14,,,1,30,,20337,14,,,1,70,,20338,14,,,1,30,,20339,14,,,1,70,,20340,14,,,1,30,,20341,14,,,1,70,,20342,14,,,1,30,,20343,14,,,1,70,,20344,14,,,1,30,,20345,14,,,1,70,,20346,14,,,1,30,,20347,14,,,1,70,,20348,14,,,1,30,,20349,14,,,1,70,,20350,14,,,1,30,,20351,14,,,1
20401,'204-Saturday-10000010',645,,20386,14,,,1,70,,20352,14,,,1,30,,20353,14,,,1,70,,20354,14,,,1,30,,20355,14,,,1,70,,20356,14,,,1,30,,20357,14,,,1,70,,20385,14,,,1,30,,20358,14,,,1,70,,20359,14,,,1,30,,20360,14,,,1,70,,20361,14,,,1,30,,20362,14,,,1,70,,20363,14,,,1,30,,20364,14,,,1,70,,20365,14,,,1,30,,20366,14,,,1,70,,20367,14,,,1,30,,20368,14,,,1,70,,20369,14,,,1,30,,20370,14,,,1,70,,20371,14,,,1,30,,20372,14,,,1,70,,20373,14,,,1,30,,20374,14,,,1,70,,20375,14,,,1,30,,20376,14,,,1,70,,20377,14,,,1,30,,20378,14,,,1,70,,20379,14,,,1,30,,20380,14,,,1,70,,20381,14,,,1,30,,20382,14,,,1,70,,20383,14,,,1,30,,20384,14,,,1
20401,'204-Sunday-10000001',743,,20388,14,,,1,70,,20389,14,,,1,30,,20390,14,,,1,70,,20391,14,,,1,30,,20392,14,,,1,70,,20387,14,,,1,34,,20393,14,,,1,70,,20394,14,,,1,30,,20395,14,,,1,70,,20396,14,,,1,30,,20397,14,,,1,70,,20398,14,,,1,30,,20399,14,,,1,70,,20400,14,,,1,30,,20401,14,,,1,70,,20402,14,,,1,30,,20403,14,,,1,70,,20404,14,,,1,30,,20405,14,,,1,70,,20406,14,,,1,30,,20407,14,,,1,70,,20408,14,,,1,27,,20409,14,,,1,70,,20410,14,,,1,30,,20411,14,,,1,70,,20412,14,,,1,30,,20413,14,,,1,70,,20414,14,,,1,30,,20415,14,,,1,70,,20416,14,,,1,30,,20417,14,,,1,70,,20418,14,,,1,30,,20419,14,,,1
20401,'204-Weekday-11111100',610,,20477,14,,,1,31,,20471,14,,,1,71,,20420,14,,,1,16,,20478,14,,,1,15,,20472,14,,,1,15,,20421,14,,,1,55,,20473,14,,,1,15,,20422,14,,,1,15,,20423,14,,,1,15,,20424,14,,,1,55,,20425,14,,,1,15,,20426,14,,,1,15,,20427,14,,,1,15,,20428,14,,,1,59,,20429,14,,,1,15,,20430,14,,,1,15,,20431,14,,,1,55,,20432,14,,,1,15,,20433,14,,,1,15,,20434,14,,,1,15,,20435,14,,,1,55,,20436,14,,,1,15,,20437,14,,,1,15,,20438,14,,,1,15,,20439,14,,,1,55,,20440,14,,,1,15,,20441,14,,,1,15,,20442,14,,,1,15,,20443,14,,,1,55,,20444,14,,,1,15,,20445,14,,,1,15,,20446,14,,,1,16,,20447,14,,,1,56,,20448,14,,,1,10,,20476,14,,,1,13,,20449,14,,,1,20,,20450,14,,,1,55,,20451,14,,,1,15,,20452,14,,,1,15,,20453,14,,,1,15,,20454,14,,,1,55,,20455,14,,,1,15,,20456,14,,,1,15,,20457,14,,,1,15,,20475,14,,,1,55,,20458,14,,,1,13,,20459,14,,,1,14,,20460,14,,,1,27,,20474,14,,,1,50,,20461,14,,,1,40,,20462,14,,,1,70,,20463,14,,,1,30,,20464,14,,,1,70,,20465,14,,,1,30,,20466,14,,,1,69,,20467,14,,,1,28,,20468,14,,,1,70,,20469,14,,,1,30,,20470,14,,,1
