1901,'19-Holiday1-10000001',904,,25185,24,4,,1,100,,25186,24,4,,1,106,,25187,24,4,,1,100,,25184,24,4,,1,100,,25188,24,4,,1,100,,25189,24,4,,1,100,,25190,24,4,,1,100,,25191,24,4,,1,100,,25192,24,4,,1,100,,25193,19,4,,1,94,,25194,19,4,,1,100,,25195,19,4,,1,100,,25196,19,4,,1,100,,25197,19,4,,1,100,,25198,19,4,,1,100,,25199,19,4,,1
1901,'19-Saturday-10000010',707,,25201,24,4,,1,30,,25202,19,4,,1,70,,25203,24,4,,1,30,,25200,19,4,,1,70,,25204,24,4,,1,33,,25205,19,4,,1,70,,25206,24,4,,1,30,,25207,19,4,,1,70,,25208,24,4,,1,30,,25209,19,4,,1,70,,25210,24,4,,1,30,,25211,19,4,,1,70,,25212,24,4,,1,30,,25213,19,4,,1,70,,25214,24,4,,1,30,,25215,19,4,,1,70,,25216,24,4,,1,30,,25217,19,4,,1,70,,25218,24,4,,1,30,,25219,19,4,,1,70,,25220,24,4,,1,30,,25221,19,4,,1,70,,25222,19,4,,1,29,,25223,24,4,,1,68,,25224,19,4,,1,30,,25225,24,4,,1,70,,25226,19,4,,1,30,,25227,24,4,,1,70,,25228,19,4,,1,30,,25229,24,4,,1,70,,25230,19,4,,1,30,,25231,24,4,,1,70,,25232,19,4,,1,30,,25233,24,4,,1,70,,25234,19,4,,1
1901,'19-Sunday-10000001',834,,25236,19,4,,1,70,,25237,24,4,,1,30,,25238,19,4,,1,70,,25239,24,4,,1,31,,25240,19,4,,1,75,,25241,24,4,,1,30,,25242,19,4,,1,70,,25235,24,4,,1,30,,25243,19,4,,1,70,,25244,24,4,,1,30,,25245,19,4,,1,70,,25246,24,4,,1,30,,25247,19,4,,1,70,,25248,24,4,,1,30,,25249,19,4,,1,70,,25250,24,4,,1,30,,25251,19,4,,1,70,,25252,24,4,,1,30,,25253,19,4,,1,70,,25254,19,4,,1,26,,25255,24,4,,1,68,,25256,19,4,,1,30,,25257,24,4,,1,70,,25258,19,4,,1,30,,25259,24,4,,1,70,,25260,19,4,,1,30,,25261,24,4,,1,70,,25262,19,4,,1,30,,25263,24,4,,1,70,,25264,19,4,,1,30,,25265,24,4,,1,70,,25266,19,4,,1
1901,'19-Weekday-11111100',551,,25295,19,4,,1,68,,25282,19,4,,1,14,,25267,24,4,,1,71,,25283,19,4,,1,35,,25268,24,4,,1,76,,25300,19,4,,1,32,,25303,24,4,,1,68,,25299,19,4,,1,33,,25301,24,4,,1,68,,25302,19,4,,1,28,,25269,24,4,,1,72,,25270,19,4,,1,28,,25271,24,4,,1,72,,25272,19,4,,1,28,,25273,24,4,,1,72,,25274,19,4,,1,28,,25275,24,4,,1,72,,25276,19,4,,1,28,,25277,24,4,,1,72,,25278,19,4,,1,30,,25304,19,4,,1,73,,25279,24,4,,1,27,,25284,19,4,,1,73,,25280,24,4,,1,27,,25285,19,4,,1,71,,25281,24,4,,1,28,,25286,19,4,,1,66,,25287,24,4,,1,34,,25288,19,4,,1,66,,25289,24,4,,1,34,,25290,19,4,,1,66,,25291,24,4,,1,34,,25292,19,4,,1,64,,25298,24,4,,1,26,,25294,19,4,,1,66,,25296,24,4,,1,30,,25293,19,4,,1,70,,25297,19,4,,1
3000,'30-Holiday1-10000001',806,,26761,1,,,1,100,,26760,1,,,1,100,,26762,1,,,1,106,,26763,1,,,1,100,,26764,1,,,1,100,,26765,1,,,1,100,,26766,1,,,1,100,,26767,1,,,1,100,,26768,1,,,1,100,,26769,1,,,1,100,,26770,1,,,1,94,,26771,1,,,1,100,,26772,1,,,1,100,,26773,1,,,1,100,,26774,1,,,1,100,,26775,1,,,1
3000,'30-Saturday-10000010',709,,26777,1,,,1,30,,26778,1,,,1,70,,26779,1,,,1,30,,26776,1,,,1,70,,26780,1,,,1,33,,26781,1,,,1,70,,26782,1,,,1,30,,26783,1,,,1,70,,26784,1,,,1,30,,26785,1,,,1,70,,26786,1,,,1,30,,26787,1,,,1,70,,26788,1,,,1,30,,26789,1,,,1,70,,26790,1,,,1,30,,26791,1,,,1,70,,26792,1,,,1,30,,26793,1,,,1,70,,26794,1,,,1,30,,26795,1,,,1,70,,26796,1,,,1,30,,26797,1,,,1,70,,26798,1,,,1,29,,26799,1,,,1,68,,26800,1,,,1,30,,26801,1,,,1,70,,26802,1,,,1,30,,26803,1,,,1,70,,26804,1,,,1,30,,26805,1,,,1,70,,26806,1,,,1,30,,26807,1,,,1,70,,26808,1,,,1,30,,26809,1,,,1,70,,26810,1,,,1
3000,'30-Sunday-10000001',806,,26812,1,,,1,30,,26813,1,,,1,70,,26811,1,,,1,30,,26814,1,,,1,70,,26815,1,,,1,31,,26816,1,,,1,75,,26817,1,,,1,30,,26818,1,,,1,70,,26819,1,,,1,30,,26820,1,,,1,70,,26821,1,,,1,30,,26822,1,,,1,70,,26823,1,,,1,30,,26824,1,,,1,70,,26825,1,,,1,30,,26826,1,,,1,70,,26827,1,,,1,30,,26828,1,,,1,70,,26829,1,,,1,30,,26830,1,,,1,70,,26831,1,,,1,26,,26832,1,,,1,68,,26833,1,,,1,30,,26834,1,,,1,70,,26835,1,,,1,30,,26836,1,,,1,70,,26837,1,,,1,30,,26838,1,,,1,70,,26839,1,,,1,30,,26840,1,,,1,70,,26841,1,,,1,30,,26842,1,,,1
3000,'30-Weekday-11111100',541,,26843,1,,,1,86,,26878,1,,,1,30,,26877,1,,,1,75,,26876,1,,,1,70,,26875,1,,,1,30,,26874,1,,,1,70,,26873,1,,,1,30,,26872,1,,,1,27,,26871,1,,,1,70,,26870,1,,,1,30,,26869,1,,,1,70,,26868,1,,,1,30,,26867,1,,,1,70,,26866,1,,,1,30,,26865,1,,,1,70,,26864,1,,,1,30,,26863,1,,,1,70,,26862,1,,,1,72,,26861,1,,,1,30,,26860,1,,,1,70,,26859,1,,,1,30,,26858,1,,,1,70,,26857,1,,,1,30,,26856,1,,,1,70,,26855,1,,,1,28,,26854,1,,,1,18,,26853,1,,,1,66,,26852,1,,,1,34,,26851,1,,,1,66,,26850,1,,,1,34,,26849,1,,,1,66,,26848,1,,,1,34,,26847,1,,,1,64,,26879,1,,,1,26,,26846,1,,,1,66,,26880,1,,,1,30,,26845,1,,,1,70,,26844,1,,,1
301100,'3011-Sunday-20000001',738,,32428,13,,,1,20,,32429,13,,,1,60,,32430,13,,,1,20,,32431,13,,,1,20,,32432,13,,,1,60,,32433,13,,,1,20,,32434,13,,,1,20,,32435,13,,,1,60,,32436,13,,,1,20,,32437,13,,,1,20,,32438,13,,,1,60,,32439,13,,,1,20,,32440,13,,,1,20,,32441,13,,,1,60,,32442,13,,,1,20,,32443,13,,,1,20,,32444,13,,,1,60,,32445,13,,,1,20,,32446,13,,,1,20,,32447,13,,,1,60,,32448,13,,,1
301101,'3011-Sunday-20000001',654,,32449,4,,,1,60,,32450,4,,,1,20,,32451,4,,,1,20,,32452,4,,,1,60,,32453,4,,,1,20,,32454,4,,,1,20,,32455,4,,,1,60,,32456,4,,,1,20,,32457,4,,,1,20,,32458,4,,,1,60,,32459,4,,,1,20,,32460,4,,,1,20,,32461,4,,,1,60,,32462,4,,,1,20,,32463,4,,,1,20,,32464,4,,,1,60,,32465,4,,,1,20,,32466,4,,,1,20,,32467,4,,,1,60,,32468,4,,,1,20,,32469,4,,,1,20,,32470,4,,,1
