601,'6-Holiday1-10000001',814,,22659,14,,,1,99,,22643,40,,,1,100,,22644,40,,,1,101,,22645,40,,,1,100,,22646,40,,,1,100,,22647,40,,,1,100,,22648,40,,,1,100,,22649,40,,,1,100,,22650,40,,,1,100,,22651,40,,,1,100,,22652,40,,,1,99,,22653,40,,,1,100,,22654,40,,,1,100,,22655,40,,,1,100,,22656,40,,,1,100,,22657,40,,,1,100,,22658,40,,,1
601,'6-Saturday-10000010',623,,22696,35,,,1,30,,22660,40,,,1,70,,22661,40,,,1,30,,22662,40,,,1,70,,22663,40,,,1,30,,22664,40,,,1,72,,22665,40,,,1,31,,22666,40,,,1,70,,22667,40,,,1,30,,22668,40,,,1,70,,22669,40,,,1,30,,22670,40,,,1,70,,22671,40,,,1,30,,22672,40,,,1,70,,22673,40,,,1,30,,22674,40,,,1,70,,22675,40,,,1,30,,22676,40,,,1,70,,22677,40,,,1,30,,22678,40,,,1,70,,22679,40,,,1,30,,22680,40,,,1,70,,22681,40,,,1,30,,22682,40,,,1,68,,22683,40,,,1,29,,22684,40,,,1,70,,22685,40,,,1,30,,22686,40,,,1,70,,22687,40,,,1,30,,22688,40,,,1,70,,22689,40,,,1,30,,22690,40,,,1,70,,22691,40,,,1,30,,22692,40,,,1,70,,22693,40,,,1,30,,22694,40,,,1,70,,22695,40,,,1
601,'6-Sunday-10000001',814,,22729,14,,,1,29,,22697,40,,,1,70,,22698,40,,,1,30,,22699,40,,,1,70,,22700,40,,,1,31,,22701,40,,,1,70,,22702,40,,,1,30,,22703,40,,,1,70,,22704,40,,,1,30,,22705,40,,,1,70,,22706,40,,,1,30,,22707,40,,,1,70,,22708,40,,,1,30,,22709,40,,,1,70,,22710,40,,,1,30,,22711,40,,,1,70,,22712,40,,,1,30,,22713,40,,,1,70,,22714,40,,,1,30,,22715,40,,,1,70,,22716,40,,,1,29,,22717,40,,,1,70,,22718,40,,,1,30,,22719,40,,,1,70,,22720,40,,,1,30,,22721,40,,,1,70,,22722,40,,,1,30,,22723,40,,,1,70,,22724,40,,,1,30,,22725,40,,,1,70,,22726,40,,,1,30,,22727,40,,,1,70,,22728,40,,,1
601,'6-Weekday-11111100',527,,22768,35,,,1,30,,22766,35,,,1,70,,22730,40,,,1,30,,22731,40,,,1,74,,22732,40,,,1,71,,22733,40,,,1,30,,22734,40,,,1,70,,22735,40,,,1,30,,22736,40,,,1,69,,22737,40,,,1,30,,22738,40,,,1,70,,22739,40,,,1,30,,22740,40,,,1,70,,22741,40,,,1,30,,22742,40,,,1,70,,22743,40,,,1,30,,22744,40,,,1,70,,22745,40,,,1,30,,22746,40,,,1,74,,22747,40,,,1,27,,22769,40,,,1,20,,22748,40,,,1,70,,22749,40,,,1,30,,22750,40,,,1,70,,22751,40,,,1,30,,22752,40,,,1,67,,22753,40,,,1,25,,22754,40,,,1,15,,22755,40,,,1,70,,22756,40,,,1,30,,22757,40,,,1,70,,22758,40,,,1,30,,22759,40,,,1,70,,22760,40,,,1,30,,22761,40,,,1,70,,22762,40,,,1,29,,22763,40,,,1,70,,22764,40,,,1,25,,22765,40,,,1,70,,22767,40,,,1
2200,'22-Saturday-10000010',656,,25746,31,4,,1,70,,25747,31,4,,1,30,,25748,31,4,,1,70,,25749,31,4,,1,30,,25750,31,4,,1,71,,25751,31,4,,1,30,,25752,31,4,,1,70,,25753,31,4,,1,30,,25754,31,4,,1,70,,25755,31,4,,1,30,,25756,31,4,,1,70,,25757,31,4,,1,30,,25758,31,4,,1,70,,25759,31,4,,1,30,,25760,31,4,,1,70,,25761,31,4,,1,30,,25762,31,4,,1,70,,25763,31,4,,1,30,,25764,31,4,,1,70,,25765,31,4,,1,30,,25766,31,4,,1,70,,25767,31,4,,1,30,,25768,31,4,,1,69,,25769,31,4,,1,30,,25770,31,4,,1,70,,25771,31,4,,1,30,,25772,31,4,,1,70,,25773,31,4,,1,30,,25774,31,4,,1,70,,25775,31,4,,1,30,,25776,31,4,,1,100,,25777,31,4,,1,100,,25778,31,4,,1
2200,'22-Sunday-10000001',856,,25789,31,4,,1,100,,25779,31,4,,1,100,,25780,31,4,,1,100,,25781,31,4,,1,100,,25782,31,4,,1,100,,25783,31,4,,1,100,,25784,31,4,,1,100,,25785,31,4,,1,100,,25786,31,4,,1,100,,25787,31,4,,1,100,,25788,31,4,,1
2200,'22-Weekday-11111100',627,,25790,31,4,,1,30,,25791,31,4,,1,74,,25792,31,4,,1,70,,25793,31,4,,1,30,,25794,31,4,,1,70,,25795,31,4,,1,30,,25796,31,4,,1,28,,25797,31,4,,1,70,,25798,31,4,,1,30,,25799,31,4,,1,70,,25800,31,4,,1,30,,25801,31,4,,1,70,,25802,31,4,,1,30,,25803,31,4,,1,70,,25804,31,4,,1,30,,25805,31,4,,1,70,,25806,31,4,,1,71,,25807,31,4,,1,30,,25808,31,4,,1,70,,25809,31,4,,1,30,,25810,31,4,,1,70,,25811,31,4,,1,30,,25812,31,4,,1,70,,25813,31,4,,1,28,,25814,31,4,,1,30,,25815,31,4,,1,70,,25816,31,4,,1,30,,25817,31,4,,1,70,,25818,31,4,,1,30,,25819,31,4,,1,70,,25823,31,4,,1,30,,25820,31,4,,1,68,,25824,31,4,,1,30,,25821,31,4,,1,100,,25822,31,4,,1
2201,'22-Saturday-10000010',630,,25825,1,,,1,70,,25826,1,,,1,30,,25827,1,,,1,70,,25828,1,,,1,30,,25829,1,,,1,70,,25830,1,,,1,30,,25831,1,,,1,70,,25832,1,,,1,30,,25833,1,,,1,70,,25834,1,,,1,30,,25835,1,,,1,70,,25836,1,,,1,30,,25837,1,,,1,70,,25838,1,,,1,30,,25839,1,,,1,70,,25840,1,,,1,30,,25841,1,,,1,70,,25842,1,,,1,30,,25843,1,,,1,70,,25844,1,,,1,30,,25845,1,,,1,70,,25846,1,,,1,30,,25847,1,,,1,70,,25848,1,,,1,30,,25849,1,,,1,70,,25850,1,,,1,30,,25851,1,,,1,70,,25852,1,,,1,30,,25853,1,,,1,70,,25854,1,,,1,30,,25855,1,,,1,70,,25856,1,,,1,100,,25857,1,,,1
2201,'22-Sunday-10000001',900,,25867,1,,,1,100,,25858,1,,,1,100,,25859,1,,,1,100,,25860,1,,,1,100,,25861,1,,,1,100,,25862,1,,,1,100,,25863,1,,,1,100,,25864,1,,,1,100,,25865,1,,,1,100,,25866,1,,,1,100,,25868,1,,,1
2201,'22-Weekday-11111100',557,,25899,1,,,1,70,,25869,1,,,1,30,,25870,1,,,1,73,,25871,1,,,1,74,,25872,1,,,1,30,,25873,1,,,1,70,,25874,1,,,1,29,,25875,1,,,1,68,,25876,1,,,1,30,,25877,1,,,1,70,,25878,1,,,1,30,,25879,1,,,1,70,,25880,1,,,1,30,,25881,1,,,1,70,,25882,1,,,1,30,,25883,1,,,1,70,,25884,1,,,1,30,,25885,1,,,1,71,,25886,1,,,1,31,,25887,1,,,1,70,,25888,1,,,1,30,,25889,1,,,1,70,,25890,1,,,1,30,,25891,1,,,1,70,,25892,1,,,1,27,,25893,1,,,1,70,,25894,1,,,1,30,,25895,1,,,1,70,,25896,1,,,1,30,,25900,1,,,1,70,,25897,1,,,1,30,,25901,1,,,1,70,,25898,1,,,1,28,,25903,1,,,1,30,,25902,1,,,1
2600,'26-Weekday-11111100',625,,26099,12,4,,1,30,,26087,12,4,,1,73,,26088,12,4,,1,74,,26089,12,4,,1,30,,26090,12,4,,1,70,,26091,12,4,,1,598,,26092,12,4,,1,31,,26093,12,4,,1,70,,26094,12,4,,1,30,,26095,12,4,,1,70,,26096,12,4,,1,30,,26097,12,4,,1,70,,26098,12,4,,1,522,,26100,12,4,,1
2601,'26-Weekday-11111100',559,,26113,1,,,1,70,,26112,1,,,1,30,,26111,1,,,1,74,,26110,1,,,1,70,,26109,1,,,1,30,,26108,1,,,1,598,,26107,1,,,1,71,,26106,1,,,1,30,,26105,1,,,1,70,,26104,1,,,1,30,,26103,1,,,1,70,,26102,1,,,1,30,,26101,1,,,1,526,,26114,1,,,1
301101,'3011-Sunday-20000001',724,,32449,15,,,1,20,,32450,15,,,1,60,,32451,15,,,1,20,,32452,15,,,1,20,,32453,15,,,1,60,,32454,15,,,1,20,,32455,15,,,1,20,,32456,15,,,1,60,,32457,15,,,1,20,,32458,15,,,1,20,,32459,15,,,1,60,,32460,15,,,1,20,,32461,15,,,1,20,,32462,15,,,1,60,,32463,15,,,1,20,,32464,15,,,1,20,,32465,15,,,1,60,,32466,15,,,1,20,,32467,15,,,1,20,,32468,15,,,1,60,,32469,15,,,1,20,,32470,15,,,1
