1301,'13-Holiday1-10000001',844,,24597,27,,,1,100,,24598,27,,,1,102,,24599,27,,,1,100,,24600,27,,,1,100,,24601,27,,,1,100,,24602,27,,,1,100,,24603,27,,,1,100,,24604,27,,,1,100,,24605,27,,,1,100,,24606,27,,,1,98,,24607,27,,,1,100,,24608,27,,,1,100,,24609,27,,,1,100,,24610,27,,,1,100,,24611,27,,,1,100,,24612,27,,,1
1301,'13-Saturday-10000010',716,,24614,27,,,1,30,,24615,27,,,1,70,,24616,27,,,1,30,,24617,27,,,1,70,,24618,27,,,1,31,,24619,27,,,1,70,,24620,27,,,1,30,,24621,27,,,1,70,,24622,27,,,1,30,,24623,27,,,1,70,,24613,27,,,1,30,,24624,27,,,1,70,,24625,27,,,1,30,,24626,27,,,1,70,,24627,27,,,1,30,,24628,27,,,1,70,,24629,27,,,1,30,,24630,27,,,1,70,,24631,27,,,1,30,,24632,27,,,1,70,,24633,27,,,1,30,,24634,27,,,1,70,,24635,27,,,1,29,,24636,27,,,1,70,,24637,27,,,1,30,,24638,27,,,1,70,,24646,27,,,1,30,,24639,27,,,1,70,,24640,27,,,1,30,,24641,27,,,1,70,,24642,27,,,1,30,,24643,27,,,1,70,,24644,27,,,1,30,,24645,27,,,1,70,,24647,27,,,1
1301,'13-Sunday-10000001',814,,24680,27,,,1,30,,24648,27,,,1,70,,24649,27,,,1,30,,24650,27,,,1,72,,24651,27,,,1,30,,24652,27,,,1,70,,24653,27,,,1,30,,24654,27,,,1,70,,24655,27,,,1,30,,24656,27,,,1,70,,24657,27,,,1,30,,24658,27,,,1,70,,24659,27,,,1,30,,24660,27,,,1,70,,24661,27,,,1,30,,24662,27,,,1,70,,24663,27,,,1,30,,24664,27,,,1,70,,24665,27,,,1,30,,24666,27,,,1,68,,24667,27,,,1,30,,24668,27,,,1,70,,24669,27,,,1,30,,24670,27,,,1,70,,24671,27,,,1,30,,24672,27,,,1,70,,24673,27,,,1,30,,24674,27,,,1,70,,24675,27,,,1,30,,24676,27,,,1,70,,24677,27,,,1,30,,24678,27,,,1,70,,24679,27,,,1
1301,'13-Weekday-11111100',614,,24711,27,,,1,28,,24714,27,,,1,14,,24717,27,,,1,74,,24706,27,,,1,75,,24705,27,,,1,36,,24681,27,,,1,72,,24682,27,,,1,28,,24683,27,,,1,73,,24684,27,,,1,28,,24685,27,,,1,68,,24686,27,,,1,32,,24687,27,,,1,68,,24688,27,,,1,32,,24689,27,,,1,68,,24690,27,,,1,32,,24691,27,,,1,68,,24692,27,,,1,34,,24693,27,,,1,70,,24694,27,,,1,32,,24695,27,,,1,70,,24707,27,,,1,33,,24696,27,,,1,67,,24697,27,,,1,33,,24704,27,,,1,64,,24698,27,,,1,29,,24699,27,,,1,80,,24700,27,,,1,30,,24701,27,,,1,70,,24713,27,,,1,30,,24712,27,,,1,70,,24702,27,,,1,30,,24703,27,,,1,69,,24708,27,,,1,27,,24716,27,,,1,70,,24709,27,,,1,30,,24710,27,,,1,70,,24715,27,,,1
2901,'29-Saturday-10000010',752,,26657,43,,,1,70,,26658,43,,,1,30,,26659,43,,,1,72,,26660,43,,,1,30,,26661,43,,,1,70,,26662,43,,,1,30,,26663,43,,,1,70,,26664,43,,,1,30,,26665,43,,,1,70,,26666,43,,,1,30,,26667,43,,,1,70,,26668,43,,,1,30,,26669,43,,,1,70,,26670,43,,,1,30,,26671,43,,,1,70,,26672,43,,,1,30,,26673,43,,,1,70,,26674,43,,,1,30,,26675,43,,,1,70,,26676,43,,,1,30,,26677,43,,,1,68,,26678,43,,,1,30,,26679,43,,,1,70,,26680,43,,,1,30,,26681,43,,,1,70,,26682,43,,,1,30,,26683,43,,,1,70,,26684,43,,,1,30,,26685,43,,,1,70,,26686,43,,,1,30,,26687,43,,,1,70,,26688,43,,,1,30,,26689,43,,,1,100,,26690,43,,,1
2901,'29-Sunday-10000001',847,,26691,43,,,1,70,,26692,43,,,1,30,,26693,43,,,1,71,,26694,43,,,1,30,,26695,43,,,1,70,,26696,43,,,1,30,,26697,43,,,1,70,,26698,43,,,1,30,,26699,43,,,1,70,,26700,43,,,1,30,,26701,43,,,1,70,,26702,43,,,1,30,,26703,43,,,1,70,,26704,43,,,1,30,,26705,43,,,1,70,,26706,43,,,1,30,,26707,43,,,1,70,,26708,43,,,1,30,,26709,43,,,1,70,,26710,43,,,1,30,,26711,43,,,1,70,,26712,43,,,1,30,,26713,43,,,1,70,,26714,43,,,1,30,,26715,43,,,1,70,,26716,43,,,1,30,,26717,43,,,1,69,,26718,43,,,1,30,,26719,43,,,1,70,,26720,43,,,1,30,,26721,43,,,1,100,,26722,43,,,1
2901,'29-Weekday-11111100',617,,26759,32,,,1,24,,26725,43,,,1,71,,26726,43,,,1,37,,26727,43,,,1,70,,26728,43,,,1,30,,26729,43,,,1,70,,26730,43,,,1,31,,26731,43,,,1,69,,26732,43,,,1,30,,26733,43,,,1,70,,26734,43,,,1,30,,26735,43,,,1,70,,26736,43,,,1,30,,26737,43,,,1,70,,26738,43,,,1,30,,26739,43,,,1,70,,26740,43,,,1,32,,26724,43,,,1,73,,26723,43,,,1,30,,26741,43,,,1,70,,26742,43,,,1,30,,26743,43,,,1,70,,26744,43,,,1,30,,26745,43,,,1,68,,26746,43,,,1,28,,26747,43,,,1,70,,26748,43,,,1,30,,26749,43,,,1,70,,26750,43,,,1,30,,26751,43,,,1,70,,26752,43,,,1,30,,26753,43,,,1,68,,26754,43,,,1,25,,26755,43,,,1,70,,26756,43,,,1,30,,26757,43,,,1,70,,26758,43,,,1
20201,'202-Holiday1-10000001',807,,30532,25,,,1,30,,30533,25,,,1,70,,30534,25,,,1,30,,30531,25,,,1,70,,30535,25,,,1,31,,30536,25,,,1,70,,30537,25,,,1,30,,30538,25,,,1,70,,30539,25,,,1,30,,30540,25,,,1,70,,30541,25,,,1,30,,30542,25,,,1,70,,30543,25,,,1,30,,30544,25,,,1,70,,30545,25,,,1,30,,30546,25,,,1,70,,30547,25,,,1,30,,30548,25,,,1,70,,30549,25,,,1,30,,30550,25,,,1,70,,30551,25,,,1,29,,30552,25,,,1,70,,30553,25,,,1,30,,30554,25,,,1,70,,30555,25,,,1,30,,30556,25,,,1,70,,30557,25,,,1,30,,30558,25,,,1,70,,30559,25,,,1,30,,30560,25,,,1,70,,30561,25,,,1,30,,30562,25,,,1,70,,30563,25,,,1,30,,30564,25,,,1
20201,'202-Saturday-10000010',737,,30565,25,,,1,70,,30566,25,,,1,30,,30567,25,,,1,70,,30568,25,,,1,31,,30569,25,,,1,70,,30570,25,,,1,30,,30571,25,,,1,70,,30572,25,,,1,30,,30573,25,,,1,70,,30574,25,,,1,30,,30575,25,,,1,70,,30576,25,,,1,30,,30577,25,,,1,70,,30578,25,,,1,30,,30579,25,,,1,70,,30580,25,,,1,30,,30581,25,,,1,70,,30582,25,,,1,30,,30583,25,,,1,70,,30584,25,,,1,30,,30585,25,,,1,70,,30586,25,,,1,29,,30587,25,,,1,70,,30588,25,,,1,30,,30589,25,,,1,70,,30590,25,,,1,30,,30591,25,,,1,70,,30592,25,,,1,30,,30593,25,,,1,70,,30594,25,,,1,30,,30595,25,,,1,70,,30596,25,,,1,30,,30597,25,,,1,70,,30598,25,,,1,30,,30599,25,,,1
20201,'202-Sunday-10000001',807,,30601,25,,,1,30,,30602,25,,,1,70,,30603,25,,,1,30,,30600,25,,,1,70,,30604,25,,,1,31,,30605,25,,,1,70,,30606,25,,,1,30,,30607,25,,,1,70,,30608,25,,,1,30,,30609,25,,,1,70,,30610,25,,,1,30,,30611,25,,,1,70,,30612,25,,,1,30,,30613,25,,,1,70,,30614,25,,,1,30,,30615,25,,,1,70,,30616,25,,,1,30,,30617,25,,,1,70,,30618,25,,,1,30,,30619,25,,,1,70,,30620,25,,,1,29,,30621,25,,,1,70,,30622,25,,,1,30,,30623,25,,,1,70,,30624,25,,,1,30,,30625,25,,,1,70,,30626,25,,,1,30,,30627,25,,,1,70,,30628,25,,,1,30,,30629,25,,,1,70,,30630,25,,,1,30,,30631,25,,,1,70,,30632,25,,,1,30,,30633,25,,,1
20201,'202-Weekday-11111100',635,,30634,25,,,1,70,,30635,25,,,1,35,,30636,25,,,1,15,,30649,25,,,1,55,,30650,25,,,1,15,,30651,25,,,1,15,,30652,25,,,1,15,,30653,25,,,1,55,,30654,25,,,1,15,,30655,25,,,1,15,,30656,25,,,1,16,,30657,25,,,1,54,,30658,25,,,1,15,,30659,25,,,1,15,,30660,25,,,1,15,,30661,25,,,1,55,,30662,25,,,1,15,,30663,25,,,1,15,,30664,25,,,1,15,,30665,25,,,1,55,,30666,25,,,1,15,,30667,25,,,1,15,,30668,25,,,1,15,,30669,25,,,1,55,,30670,25,,,1,15,,30671,25,,,1,15,,30672,25,,,1,15,,30673,25,,,1,55,,30674,25,,,1,15,,30675,25,,,1,16,,30676,25,,,1,15,,30677,25,,,1,62,,30678,25,,,1,10,,30679,25,,,1,15,,30680,25,,,1,15,,30681,25,,,1,55,,30682,25,,,1,15,,30683,25,,,1,15,,30684,25,,,1,15,,30685,25,,,1,55,,30686,25,,,1,15,,30687,25,,,1,15,,30688,25,,,1,15,,30689,25,,,1,54,,30690,25,,,1,14,,30691,25,,,1,13,,30637,25,,,1,70,,30648,25,,,1,30,,30638,25,,,1,70,,30639,25,,,1,30,,30640,25,,,1,70,,30641,25,,,1,30,,30642,25,,,1,69,,30643,25,,,1,29,,30644,25,,,1,70,,30645,25,,,1,30,,30646,25,,,1,70,,30647,25,,,1
