1900,'19-Holiday1-10000001',845,,25063,23,4,,1,100,,25064,23,4,,1,105,,25065,23,4,,1,100,,25066,23,4,,1,100,,25067,23,4,,1,100,,25068,23,4,,1,100,,25069,23,4,,1,100,,25070,23,4,,1,100,,25071,23,4,,1
1900,'19-Saturday-10000010',648,,25114,23,4,,1,100,,25081,23,4,,1,100,,25083,23,4,,1,102,,25084,23,4,,1,100,,25086,23,4,,1,100,,25088,23,4,,1,100,,25090,23,4,,1,100,,25092,23,4,,1,100,,25094,23,4,,1,100,,25096,23,4,,1,100,,25098,23,4,,1,170,,25101,23,4,,1,98,,25103,23,4,,1,100,,25105,23,4,,1,100,,25107,23,4,,1,100,,25109,23,4,,1,100,,25111,23,4,,1,100,,25113,23,4,,1
1900,'19-Sunday-10000001',845,,25117,23,4,,1,100,,25119,23,4,,1,105,,25121,23,4,,1,100,,25123,23,4,,1,100,,25124,23,4,,1,100,,25126,23,4,,1,100,,25128,23,4,,1,100,,25130,23,4,,1,100,,25132,23,4,,1,167,,25135,23,4,,1,98,,25137,23,4,,1,100,,25139,23,4,,1,100,,25141,23,4,,1,100,,25143,23,4,,1,100,,25145,23,4,,1
1900,'19-Weekday-11111100',614,,25149,23,4,,1,102,,25177,23,4,,1,108,,25176,23,4,,1,100,,25175,23,4,,1,97,,25178,23,4,,1,100,,25151,23,4,,1,100,,25153,23,4,,1,100,,25155,23,4,,1,100,,25157,23,4,,1,134,,25159,23,4,,1,100,,25173,23,4,,1,100,,25183,23,4,,1,95,,25162,23,4,,1,100,,25164,23,4,,1,100,,25166,23,4,,1,100,,25168,23,4,,1,93,,25170,23,4,,1
1901,'19-Holiday1-10000001',845,,25185,1,,,1,100,,25186,1,,,1,105,,25187,1,,,1,100,,25184,1,,,1,100,,25188,1,,,1,100,,25189,1,,,1,100,,25190,1,,,1,100,,25191,1,,,1,100,,25192,1,,,1
1901,'19-Saturday-10000010',648,,25201,1,,,1,100,,25203,1,,,1,100,,25204,1,,,1,102,,25206,1,,,1,100,,25208,1,,,1,100,,25210,1,,,1,100,,25212,1,,,1,100,,25214,1,,,1,100,,25216,1,,,1,100,,25218,1,,,1,100,,25220,1,,,1,170,,25223,1,,,1,98,,25225,1,,,1,100,,25227,1,,,1,100,,25229,1,,,1,100,,25231,1,,,1,100,,25233,1,,,1
1901,'19-Sunday-10000001',845,,25237,1,,,1,100,,25239,1,,,1,105,,25241,1,,,1,100,,25235,1,,,1,100,,25244,1,,,1,100,,25246,1,,,1,100,,25248,1,,,1,100,,25250,1,,,1,100,,25252,1,,,1,167,,25255,1,,,1,98,,25257,1,,,1,100,,25259,1,,,1,100,,25261,1,,,1,100,,25263,1,,,1,100,,25265,1,,,1
1901,'19-Weekday-11111100',614,,25267,1,,,1,102,,25268,1,,,1,108,,25303,1,,,1,100,,25301,1,,,1,97,,25269,1,,,1,100,,25271,1,,,1,100,,25273,1,,,1,100,,25275,1,,,1,100,,25277,1,,,1,134,,25279,1,,,1,100,,25280,1,,,1,100,,25281,1,,,1,95,,25287,1,,,1,100,,25289,1,,,1,100,,25291,1,,,1,100,,25298,1,,,1,93,,25296,1,,,1
2101,'21-Saturday-10000010',703,,25688,22,,,1,30,,25689,22,,,1,70,,25664,22,,,1,30,,25665,22,,,1,70,,25666,22,,,1,30,,25667,22,,,1,70,,25668,22,,,1,30,,25669,22,,,1,70,,25670,22,,,1,30,,25671,22,,,1,70,,25672,22,,,1,30,,25673,22,,,1,70,,25674,22,,,1,30,,25675,22,,,1,70,,25676,22,,,1,30,,25677,22,,,1,70,,25678,22,,,1,30,,25679,22,,,1,70,,25680,22,,,1,30,,25681,22,,,1,70,,25682,22,,,1,30,,25683,22,,,1,70,,25684,22,,,1,30,,25685,22,,,1,70,,25686,22,,,1,30,,25687,22,,,1
2101,'21-Sunday-10000001',737,,25690,22,,,1,70,,25691,22,,,1,30,,25692,22,,,1,70,,25693,22,,,1,30,,25694,22,,,1,71,,25695,22,,,1,34,,25696,22,,,1,71,,25697,22,,,1,30,,25698,22,,,1,70,,25699,22,,,1,30,,25700,22,,,1,70,,25701,22,,,1,30,,25702,22,,,1,70,,25703,22,,,1,30,,25704,22,,,1,70,,25705,22,,,1,30,,25706,22,,,1,70,,25707,22,,,1,30,,25708,22,,,1,70,,25709,22,,,1,30,,25710,22,,,1,68,,25711,22,,,1,27,,25712,22,,,1,69,,25713,22,,,1
2101,'21-Weekday-11111100',611,,25718,22,,,1,92,,25726,22,,,1,35,,25719,22,,,1,71,,25716,22,,,1,30,,25717,22,,,1,70,,25727,22,,,1,29,,25720,22,,,1,67,,25735,22,,,1,31,,25730,22,,,1,70,,25736,22,,,1,30,,25734,22,,,1,70,,25737,22,,,1,30,,25733,22,,,1,70,,25738,22,,,1,30,,25732,22,,,1,70,,25739,22,,,1,31,,25721,22,,,1,72,,25740,22,,,1,30,,25722,22,,,1,70,,25728,22,,,1,30,,25723,22,,,1,70,,25729,22,,,1,30,,25731,22,,,1,69,,25724,22,,,1,29,,25714,22,,,1,67,,25725,22,,,1,30,,25715,22,,,1,70,,25743,22,,,1,30,,25744,22,,,1,70,,25745,22,,,1,30,,25742,22,,,1,70,,25741,22,,,1
