1600,'16-Holiday1-10000001',852,,24756,25,,,1,100,,24757,25,,,1,99,,24758,25,,,1,100,,24759,25,,,1,100,,24760,25,,,1,100,,24761,25,,,1,100,,24762,25,,,1,100,,24763,25,,,1,100,,24764,25,,,1,100,,24765,25,,,1,102,,24766,25,,,1,100,,24767,25,,,1,100,,24768,25,,,1,100,,24769,25,,,1,100,,24770,25,,,1,100,,24771,25,,,1
1600,'16-Saturday-10000010',722,,24806,25,,,1,30,,24773,25,,,1,70,,24774,25,,,1,30,,24775,25,,,1,71,,24776,25,,,1,30,,24777,25,,,1,70,,24778,25,,,1,30,,24779,25,,,1,70,,24780,25,,,1,30,,24781,25,,,1,70,,24782,25,,,1,30,,24783,25,,,1,70,,24784,25,,,1,30,,24785,25,,,1,70,,24786,25,,,1,30,,24787,25,,,1,70,,24788,25,,,1,30,,24789,25,,,1,70,,24790,25,,,1,30,,24791,25,,,1,70,,24792,25,,,1,30,,24793,25,,,1,70,,24794,25,,,1,30,,24795,25,,,1,70,,24796,25,,,1,30,,24797,25,,,1,70,,24798,25,,,1,30,,24799,25,,,1,70,,24800,25,,,1,30,,24801,25,,,1,70,,24802,25,,,1,30,,24803,25,,,1,70,,24804,25,,,1,30,,24805,25,,,1
1600,'16-Sunday-10000001',822,,24809,25,,,1,30,,24810,25,,,1,70,,24811,25,,,1,30,,24812,25,,,1,69,,24813,25,,,1,30,,24814,25,,,1,70,,24815,25,,,1,30,,24816,25,,,1,70,,24817,25,,,1,30,,24818,25,,,1,70,,24819,25,,,1,30,,24820,25,,,1,70,,24821,25,,,1,30,,24822,25,,,1,70,,24823,25,,,1,30,,24824,25,,,1,70,,24825,25,,,1,30,,24826,25,,,1,70,,24827,25,,,1,30,,24828,25,,,1,72,,24829,25,,,1,30,,24830,25,,,1,70,,24831,25,,,1,30,,24832,25,,,1,70,,24833,25,,,1,30,,24834,25,,,1,70,,24835,25,,,1,30,,24836,25,,,1,70,,24837,25,,,1,30,,24838,25,,,1,70,,24839,25,,,1,30,,24840,25,,,1
1600,'16-Weekday-11111100',618,,24879,25,,,1,30,,24878,25,,,1,55,,24881,25,,,1,16,,24842,25,,,1,15,,24882,25,,,1,15,,24843,25,,,1,55,,24883,25,,,1,15,,24844,25,,,1,15,,24884,25,,,1,15,,24845,25,,,1,55,,24909,25,,,1,15,,24846,25,,,1,15,,24904,25,,,1,14,,24847,25,,,1,56,,24905,25,,,1,15,,24848,25,,,1,15,,24906,25,,,1,15,,24849,25,,,1,55,,24907,25,,,1,15,,24850,25,,,1,15,,24908,25,,,1,15,,24851,25,,,1,55,,24900,25,,,1,15,,24852,25,,,1,15,,24903,25,,,1,15,,24853,25,,,1,55,,24902,25,,,1,15,,24854,25,,,1,15,,24901,25,,,1,15,,24855,25,,,1,55,,24899,25,,,1,15,,24856,25,,,1,16,,24898,25,,,1,15,,24857,25,,,1,56,,24885,25,,,1,15,,24858,25,,,1,15,,24886,25,,,1,15,,24859,25,,,1,55,,24887,25,,,1,15,,24860,25,,,1,15,,24888,25,,,1,15,,24861,25,,,1,55,,24889,25,,,1,15,,24862,25,,,1,15,,24890,25,,,1,15,,24863,25,,,1,55,,24891,25,,,1,15,,24864,25,,,1,14,,24865,25,,,1,15,,24892,25,,,1,55,,24866,25,,,1,15,,24893,25,,,1,15,,24867,25,,,1,15,,24894,25,,,1,55,,24868,25,,,1,15,,24895,25,,,1,15,,24869,25,,,1,15,,24896,25,,,1,55,,24870,25,,,1,15,,24897,25,,,1,15,,24871,25,,,1,15,,24910,25,,,1,54,,24872,25,,,1,18,,24873,25,,,1,30,,24874,25,,,1,70,,24875,25,,,1
2201,'22-Saturday-10000010',637,,25825,7,,,1,70,,25826,7,,,1,30,,25827,7,,,1,70,,25828,7,,,1,30,,25829,7,,,1,70,,25830,7,,,1,30,,25831,7,,,1,70,,25832,7,,,1,30,,25833,7,,,1,70,,25834,7,,,1,30,,25835,7,,,1,70,,25836,7,,,1,30,,25837,7,,,1,70,,25838,7,,,1,30,,25839,7,,,1,70,,25840,7,,,1,30,,25841,7,,,1,70,,25842,7,,,1,30,,25843,7,,,1,70,,25844,7,,,1,30,,25845,7,,,1,70,,25846,7,,,1,30,,25847,7,,,1,70,,25848,7,,,1,30,,25849,7,,,1,70,,25850,7,,,1,30,,25851,7,,,1,70,,25852,7,,,1,30,,25853,7,,,1,70,,25854,7,,,1,30,,25855,7,,,1,70,,25856,7,,,1,100,,25857,7,,,1
2201,'22-Sunday-10000001',907,,25867,7,,,1,100,,25858,7,,,1,100,,25859,7,,,1,100,,25860,7,,,1,100,,25861,7,,,1,100,,25862,7,,,1,100,,25863,7,,,1,100,,25864,7,,,1,100,,25865,7,,,1,100,,25866,7,,,1,100,,25868,7,,,1
2201,'22-Weekday-11111100',603,,25899,7,,,1,30,,25869,7,,,1,71,,25870,7,,,1,34,,25871,7,,,1,74,,25872,7,,,1,30,,25873,7,,,1,70,,25874,7,,,1,28,,25875,7,,,1,68,,25876,7,,,1,30,,25877,7,,,1,70,,25878,7,,,1,30,,25879,7,,,1,70,,25880,7,,,1,30,,25881,7,,,1,70,,25882,7,,,1,30,,25883,7,,,1,70,,25884,7,,,1,33,,25885,7,,,1,71,,25886,7,,,1,31,,25887,7,,,1,70,,25888,7,,,1,30,,25889,7,,,1,70,,25890,7,,,1,30,,25891,7,,,1,68,,25892,7,,,1,27,,25893,7,,,1,70,,25894,7,,,1,30,,25895,7,,,1,70,,25896,7,,,1,30,,25900,7,,,1,70,,25897,7,,,1,30,,25901,7,,,1,69,,25898,7,,,1,28,,25903,7,,,1,70,,25902,7,,,1
3300,'33-Saturday-10000010',710,,27046,33,,,1,30,,27047,33,,,1,70,,27048,33,,,1,30,,27049,33,,,1,70,,27050,33,,,1,30,,27051,33,,,1,70,,27052,33,,,1,30,,27053,33,,,1,70,,27054,33,,,1,30,,27055,33,,,1,70,,27056,33,,,1,30,,27057,33,,,1,70,,27058,33,,,1,30,,27059,33,,,1,70,,27060,33,,,1,30,,27061,33,,,1,70,,27062,33,,,1,30,,27063,33,,,1,70,,27064,33,,,1,30,,27065,33,,,1,70,,27066,33,,,1,30,,27067,33,,,1,70,,27068,33,,,1,30,,27069,33,,,1,70,,27070,33,,,1
3300,'33-Sunday-10000001',810,,27071,33,,,1,30,,27072,33,,,1,69,,27073,33,,,1,28,,27074,33,,,1,70,,27075,33,,,1,30,,27076,33,,,1,70,,27077,33,,,1,30,,27078,33,,,1,70,,27079,33,,,1,30,,27080,33,,,1,70,,27081,33,,,1,30,,27082,33,,,1,70,,27083,33,,,1,30,,27084,33,,,1,70,,27085,33,,,1,30,,27086,33,,,1,70,,27087,33,,,1,30,,27088,33,,,1,70,,27089,33,,,1,30,,27090,33,,,1,71,,27091,33,,,1,32,,27092,33,,,1,70,,27093,33,,,1
3300,'33-Weekday-11111100',603,,27097,33,,,1,30,,27100,33,,,1,70,,27101,33,,,1,34,,27102,33,,,1,70,,27103,33,,,1,30,,27104,33,,,1,70,,27105,33,,,1,29,,27106,33,,,1,69,,27107,33,,,1,30,,27108,33,,,1,70,,27109,33,,,1,30,,27110,33,,,1,70,,27111,33,,,1,30,,27112,33,,,1,70,,27113,33,,,1,30,,27114,33,,,1,70,,27115,33,,,1,32,,27116,33,,,1,71,,27126,33,,,1,30,,27117,33,,,1,70,,27118,33,,,1,30,,27119,33,,,1,70,,27120,33,,,1,30,,27121,33,,,1,68,,27122,33,,,1,28,,27123,33,,,1,70,,27094,33,,,1,30,,27127,33,,,1,70,,27099,33,,,1,30,,27128,33,,,1,70,,27098,33,,,1,30,,27129,33,,,1,70,,27096,33,,,1,28,,27095,33,,,1,70,,27124,33,,,1,30,,27125,33,,,1
