5300,'53-Holiday1-10000001',847,,28007,26,,,1,100,,28008,26,,,1,104,,28009,26,,,1,100,,28010,26,,,1,100,,28011,26,,,1,100,,28012,26,,,1,100,,28013,26,,,1,100,,28014,26,,,1,100,,28015,26,,,1,100,,28016,26,,,1,96,,28017,26,,,1,100,,28018,26,,,1,100,,28019,26,,,1,100,,28020,26,,,1,100,,28021,26,,,1,100,,28022,26,,,1
5300,'53-Saturday-10000010',720,,28023,26,,,1,30,,28024,26,,,1,70,,28025,26,,,1,30,,28026,26,,,1,71,,28027,26,,,1,30,,28028,26,,,1,70,,28029,26,,,1,30,,28030,26,,,1,70,,28031,26,,,1,30,,28032,26,,,1,70,,28033,26,,,1,30,,28034,26,,,1,70,,28035,26,,,1,30,,28036,26,,,1,70,,28037,26,,,1,30,,28038,26,,,1,70,,28039,26,,,1,30,,28040,26,,,1,70,,28041,26,,,1,30,,28042,26,,,1,70,,28043,26,,,1,30,,28044,26,,,1,69,,28045,26,,,1,30,,28046,26,,,1,100,,28047,26,,,1,100,,28048,26,,,1,100,,28049,26,,,1,100,,28050,26,,,1,100,,28051,26,,,1
5300,'53-Sunday-10000001',817,,28052,26,,,1,100,,28053,26,,,1,104,,28054,26,,,1,30,,28055,26,,,1,70,,28056,26,,,1,30,,28057,26,,,1,70,,28058,26,,,1,30,,28059,26,,,1,70,,28060,26,,,1,30,,28061,26,,,1,70,,28062,26,,,1,30,,28063,26,,,1,70,,28064,26,,,1,30,,28065,26,,,1,70,,28066,26,,,1,30,,28067,26,,,1,70,,28068,26,,,1,30,,28069,26,,,1,96,,28070,26,,,1,100,,28071,26,,,1,100,,28072,26,,,1,100,,28073,26,,,1,100,,28074,26,,,1,100,,28075,26,,,1
5300,'53-Weekday-11111100',624,,28103,31,,,1,30,,28104,31,,,1,70,,28105,31,,,1,30,,28106,31,,,1,70,,28107,31,,,1,27,,28092,26,,,1,70,,28093,26,,,1,30,,28094,26,,,1,70,,28085,26,,,1,30,,28086,26,,,1,70,,28087,26,,,1,30,,28088,26,,,1,70,,28089,26,,,1,30,,28090,26,,,1,70,,28091,26,,,1,30,,28110,26,,,1,80,,28095,31,,,1,74,,28111,31,,,1,30,,28098,31,,,1,70,,28102,31,,,1,30,,28101,31,,,1,70,,28100,31,,,1,30,,28099,31,,,1,70,,28108,31,,,1,19,,28109,31,,,1,25,,28084,26,,,1,70,,28078,26,,,1,30,,28079,26,,,1,70,,28080,26,,,1,30,,28081,26,,,1,70,,28077,26,,,1,30,,28076,26,,,1,72,,28097,31,,,1,30,,28096,31,,,1,65,,28082,26,,,1,30,,28083,26,,,1
5800,'58-Holiday1-11111111',830,,28761,17,,,1,100,,28760,17,,,1,101,,28759,17,,,1,100,,28758,17,,,1,100,,28757,17,,,1,100,,28756,17,,,1,100,,28755,17,,,1,100,,28754,17,,,1,100,,28753,17,,,1,100,,28752,17,,,1,99,,28751,17,,,1,100,,28750,17,,,1,100,,28749,17,,,1,100,,28748,17,,,1,100,,28747,17,,,1,100,,28746,17,,,1
5800,'58-Saturday-10000010',730,,28768,17,,,1,70,,28767,17,,,1,30,,28766,17,,,1,70,,28765,17,,,1,30,,28764,17,,,1,70,,28763,17,,,1,30,,28762,17,,,1,70,,28783,17,,,1,30,,28782,17,,,1,70,,28781,17,,,1,30,,28780,17,,,1,70,,28779,17,,,1,30,,28778,17,,,1,70,,28777,17,,,1,30,,28776,17,,,1,70,,28775,17,,,1,30,,28774,17,,,1,70,,28773,17,,,1,30,,28772,17,,,1,70,,28771,17,,,1,30,,28770,17,,,1,70,,28769,17,,,1,30,,28789,17,,,1,100,,28788,17,,,1,100,,28787,17,,,1,100,,28786,17,,,1,100,,28785,17,,,1,100,,28784,17,,,1
5800,'58-Sunday-10000001',900,,28790,17,,,1,100,,28792,17,,,1,101,,28791,17,,,1,30,,28807,17,,,1,70,,28806,17,,,1,30,,28805,17,,,1,70,,28804,17,,,1,30,,28803,17,,,1,70,,28802,17,,,1,30,,28801,17,,,1,70,,28800,17,,,1,30,,28799,17,,,1,70,,28798,17,,,1,30,,28797,17,,,1,70,,28796,17,,,1,30,,28795,17,,,1,70,,28794,17,,,1,29,,28793,17,,,1,100,,28812,17,,,1,100,,28811,17,,,1,100,,28810,17,,,1,100,,28809,17,,,1,100,,28808,17,,,1
5800,'58-Weekday-11111100',549,,28813,17,,,1,70,,28814,17,,,1,25,,28815,17,,,1,70,,28816,17,,,1,31,,28817,17,,,1,70,,28818,17,,,1,30,,28819,17,,,1,70,,28820,17,,,1,30,,28821,17,,,1,70,,28822,17,,,1,30,,28823,17,,,1,70,,28824,17,,,1,30,,28825,17,,,1,70,,28826,17,,,1,30,,28827,17,,,1,70,,28828,17,,,1,30,,28829,17,,,1,70,,28849,17,,,1,86,,28830,17,,,1,30,,28831,17,,,1,70,,28832,17,,,1,30,,28833,17,,,1,70,,28834,17,,,1,30,,28835,17,,,1,70,,28836,17,,,1,13,,28837,17,,,1,30,,28838,17,,,1,70,,28839,17,,,1,30,,28840,17,,,1,70,,28841,17,,,1,30,,28842,17,,,1,70,,28843,17,,,1,30,,28844,17,,,1,68,,28845,17,,,1,15,,28846,17,,,1,30,,28847,17,,,1,70,,28848,17,,,1
20300,'203-Holiday1-10000001',906,,30692,5,0,6 7,1,100,,30693,5,0,6 7,1,100,,30694,5,0,6 7,1,100,,30695,5,0,6 7,1,100,,30696,5,0,6 7,1,100,,30697,5,0,6 7,1,100,,30698,5,0,6 7,1,100,,30699,5,0,6 7,1,100,,30700,5,0,6 7,1,100,,30701,5,0,6 7,1,100,,30702,5,0,6 7,1,100,,30703,5,0,6 7,1,100,,30704,5,0,6 7,1
20300,'203-Saturday-10000010',636,,30705,5,0,6 7,1,100,,30706,5,0,6 7,1,100,,30707,5,0,6 7,1,100,,30708,5,0,6 7,1,70,,30709,5,0,6 7,1,30,,30710,5,0,6 7,1,70,,30711,5,0,6 7,1,30,,30712,5,0,6 7,1,70,,30713,5,0,6 7,1,30,,30714,5,0,6 7,1,70,,30715,5,0,6 7,1,30,,30716,5,0,6 7,1,70,,30717,5,0,6 7,1,30,,30718,5,0,6 7,1,70,,30719,5,0,6 7,1,30,,30720,5,0,6 7,1,70,,30721,5,0,6 7,1,30,,30722,5,0,6 7,1,70,,30723,5,0,6 7,1,30,,30724,5,0,6 7,1,70,,30725,5,0,6 7,1,100,,30726,5,0,6 7,1,100,,30727,5,0,6 7,1,100,,30728,5,0,6 7,1
20300,'203-Sunday-10000001',906,,30729,5,0,6 7,1,100,,30730,5,0,6 7,1,100,,30731,5,0,6 7,1,100,,30732,5,0,6 7,1,100,,30733,5,0,6 7,1,100,,30734,5,0,6 7,1,100,,30735,5,0,6 7,1,100,,30736,5,0,6 7,1,100,,30737,5,0,6 7,1,100,,30738,5,0,6 7,1,100,,30739,5,0,6 7,1,100,,30740,5,0,6 7,1,100,,30741,5,0,6 7,1
20300,'203-Weekday-11111100',606,,30742,5,,,1,30,,30743,5,,,1,70,,30744,5,,,1,30,,30745,5,,,1,70,,30773,5,,,1,30,,30746,5,,,1,70,,30770,5,,,1,30,,30769,5,0,6 7,1,70,,30774,5,0,6 7,1,30,,30768,5,0,6 7,1,70,,30767,5,0,6 7,1,30,,30766,5,0,6 7,1,70,,30775,5,0,6 7,1,30,,30765,5,0,6 7,1,70,,30764,5,0,6 7,1,30,,30763,5,0,6 7,1,70,,30762,5,0,6 7,1,32,,30771,5,,,1,70,,30747,5,,,1,30,,30748,5,,,1,70,,30749,5,,,1,30,,30750,5,,,1,70,,30751,5,,,1,30,,30752,5,,,1,68,,30753,5,0,6 7,1,30,,30754,5,0,6 7,1,70,,30755,5,0,6 7,1,30,,30756,5,0,6 7,1,70,,30757,5,0,6 7,1,30,,30758,5,0,6 7,1,70,,30759,5,0,6 7,1,30,,30760,5,0,6 7,1,70,,30761,5,0,6 7,1,30,,30772,5,0,6 7,1
