1300,'13-Holiday1-10000001',802,,24477,4,,,1,100,,24478,4,,,1,101,,24479,4,,,1,100,,24480,4,,,1,100,,24481,4,,,1,100,,24482,4,,,1,100,,24483,4,,,1,100,,24484,4,,,1,100,,24485,4,,,1,100,,24486,4,,,1,99,,24487,4,,,1,100,,24488,4,,,1,100,,24489,4,,,1,100,,24490,4,,,1,100,,24491,4,,,1,100,,24492,4,,,1
1300,'13-Saturday-10000010',703,,24494,4,,,1,30,,24495,4,,,1,70,,24496,4,,,1,30,,24497,4,,,1,70,,24498,4,,,1,30,,24499,4,,,1,70,,24500,4,,,1,30,,24501,4,,,1,70,,24502,4,,,1,30,,24503,4,,,1,70,,24504,4,,,1,30,,24505,4,,,1,70,,24506,4,,,1,30,,24507,4,,,1,70,,24493,4,,,1,30,,24508,4,,,1,70,,24509,4,,,1,30,,24510,4,,,1,70,,24511,4,,,1,30,,24512,4,,,1,70,,24513,4,,,1,30,,24514,4,,,1,70,,24515,4,,,1,30,,24516,4,,,1,70,,24517,4,,,1,30,,24518,4,,,1,70,,24519,4,,,1,30,,24520,4,,,1,70,,24521,4,,,1,30,,24522,4,,,1,70,,24523,4,,,1,30,,24524,4,,,1,70,,24525,4,,,1,30,,24526,4,,,1,70,,24527,4,,,1
1300,'13-Sunday-10000001',802,,24529,4,,,1,30,,24528,4,,,1,70,,24530,4,,,1,30,,24531,4,,,1,71,,24532,4,,,1,30,,24533,4,,,1,70,,24534,4,,,1,30,,24535,4,,,1,70,,24536,4,,,1,30,,24537,4,,,1,70,,24538,4,,,1,30,,24539,4,,,1,70,,24540,4,,,1,30,,24541,4,,,1,70,,24542,4,,,1,30,,24543,4,,,1,70,,24544,4,,,1,30,,24545,4,,,1,70,,24546,4,,,1,30,,24547,4,,,1,69,,24548,4,,,1,30,,24549,4,,,1,70,,24550,4,,,1,30,,24551,4,,,1,70,,24552,4,,,1,30,,24553,4,,,1,70,,24554,4,,,1,30,,24555,4,,,1,70,,24556,4,,,1,30,,24557,4,,,1,70,,24558,4,,,1
1300,'13-Weekday-11111100',532,,24584,4,,,1,70,,24559,4,,,1,30,,24560,4,,,1,71,,24561,4,,,1,30,,24562,4,,,1,70,,24563,4,,,1,30,,24564,4,,,1,70,,24565,4,,,1,30,,24566,4,,,1,70,,24567,4,,,1,30,,24568,4,,,1,70,,24569,4,,,1,30,,24570,4,,,1,70,,24571,4,,,1,30,,24572,4,,,1,70,,24573,4,,,1,30,,24574,4,,,1,70,,24575,4,,,1,30,,24576,4,,,1,70,,24577,4,,,1,30,,24578,4,,,1,70,,24579,4,,,1,30,,24580,4,,,1,70,,24581,4,,,1,30,,24582,4,,,1,70,,24583,4,,,1,30,,24589,4,,,1,70,,24590,4,,,1,30,,24591,4,,,1,70,,24592,4,,,1,30,,24593,4,,,1,70,,24594,4,,,1,30,,24595,4,,,1,69,,24596,4,,,1,30,,24585,4,,,1,70,,24587,4,,,1,30,,24586,4,,,1,70,,24588,4,,,1
2900,'29-Saturday-10000010',658,,26554,4,,,1,70,,26555,4,,,1,30,,26556,4,,,1,70,,26557,4,,,1,30,,26558,4,,,1,70,,26559,4,,,1,30,,26560,4,,,1,70,,26561,4,,,1,30,,26562,4,,,1,70,,26563,4,,,1,30,,26564,4,,,1,70,,26565,4,,,1,30,,26566,4,,,1,70,,26567,4,,,1,30,,26568,4,,,1,70,,26569,4,,,1,30,,26570,4,,,1,70,,26571,4,,,1,30,,26572,4,,,1,70,,26573,4,,,1,30,,26574,4,,,1,70,,26575,4,,,1,30,,26576,4,,,1,70,,26577,4,,,1,30,,26578,4,,,1,70,,26579,4,,,1,30,,26580,4,,,1,70,,26581,4,,,1,30,,26582,4,,,1,70,,26583,4,,,1,30,,26584,4,,,1,70,,26585,4,,,1,30,,26586,4,,,1,70,,26587,4,,,1,100,,26588,4,,,1
2900,'29-Sunday-10000001',858,,26589,4,,,1,70,,26590,4,,,1,30,,26591,4,,,1,70,,26592,4,,,1,30,,26593,4,,,1,70,,26594,4,,,1,30,,26595,4,,,1,70,,26596,4,,,1,30,,26597,4,,,1,70,,26598,4,,,1,30,,26599,4,,,1,70,,26600,4,,,1,30,,26601,4,,,1,70,,26602,4,,,1,30,,26603,4,,,1,70,,26604,4,,,1,30,,26605,4,,,1,70,,26606,4,,,1,30,,26607,4,,,1,70,,26608,4,,,1,30,,26609,4,,,1,70,,26610,4,,,1,30,,26611,4,,,1,70,,26612,4,,,1,30,,26613,4,,,1,70,,26614,4,,,1,30,,26615,4,,,1,70,,26616,4,,,1,30,,26617,4,,,1,70,,26618,4,,,1,100,,26619,4,,,1
2900,'29-Weekday-11111100',547,,26656,4,,,1,80,,26653,4,,,1,25,,26655,4,,,1,81,,26654,4,,,1,70,,26629,4,,,1,30,,26630,4,,,1,70,,26631,4,,,1,30,,26632,4,,,1,70,,26633,4,,,1,30,,26634,4,,,1,70,,26635,4,,,1,30,,26636,4,,,1,70,,26637,4,,,1,30,,26638,4,,,1,70,,26639,4,,,1,30,,26640,4,,,1,70,,26641,4,,,1,30,,26642,4,,,1,70,,26643,4,,,1,30,,26644,4,,,1,70,,26645,4,,,1,30,,26646,4,,,1,70,,26647,4,,,1,30,,26648,4,,,1,70,,26649,4,,,1,30,,26650,4,,,1,70,,26651,4,,,1,30,,26652,4,,,1,70,,26628,4,,,1,30,,26627,4,,,1,70,,26626,4,,,1,30,,26620,4,,,1,70,,26625,4,,,1,25,,26623,4,,,1,25,,26624,4,,,1,70,,26622,4,,,1,30,,26621,4,,,1
20200,'202-Holiday1-10000001',717,,30369,2,,,1,30,,30370,2,,,1,70,,30371,2,,,1,30,,30372,2,,,1,70,,30373,2,,,1,30,,30374,2,,,1,71,,30375,2,,,1,30,,30376,2,,,1,70,,30377,2,,,1,30,,30378,2,,,1,70,,30368,2,,,1,30,,30379,2,,,1,70,,30380,2,,,1,30,,30381,2,,,1,70,,30382,2,,,1,30,,30383,2,,,1,70,,30384,2,,,1,30,,30385,2,,,1,70,,30386,2,,,1,30,,30387,2,,,1,70,,30388,2,,,1,30,,30389,2,,,1,69,,30390,2,,,1,30,,30391,2,,,1,70,,30392,2,,,1,30,,30393,2,,,1,70,,30394,2,,,1,30,,30395,2,,,1,70,,30396,2,,,1,30,,30397,2,,,1,70,,30398,2,,,1,30,,30399,2,,,1,70,,30400,2,,,1,30,,30401,2,,,1
20200,'202-Saturday-10000010',617,,30437,2,,,1,30,,30402,2,,,1,70,,30403,2,,,1,30,,30404,2,,,1,70,,30405,2,,,1,30,,30406,2,,,1,71,,30407,2,,,1,30,,30408,2,,,1,70,,30409,2,,,1,30,,30410,2,,,1,70,,30411,2,,,1,30,,30412,2,,,1,70,,30413,2,,,1,30,,30414,2,,,1,70,,30415,2,,,1,30,,30416,2,,,1,70,,30417,2,,,1,30,,30418,2,,,1,70,,30419,2,,,1,30,,30420,2,,,1,70,,30421,2,,,1,30,,30422,2,,,1,70,,30423,2,,,1,30,,30424,2,,,1,69,,30425,2,,,1,30,,30426,2,,,1,70,,30427,2,,,1,30,,30428,2,,,1,70,,30429,2,,,1,30,,30430,2,,,1,70,,30431,2,,,1,30,,30432,2,,,1,70,,30433,2,,,1,30,,30434,2,,,1,70,,30435,2,,,1,30,,30436,2,,,1
20200,'202-Sunday-10000001',717,,30439,2,,,1,30,,30440,2,,,1,70,,30441,2,,,1,30,,30442,2,,,1,70,,30443,2,,,1,30,,30444,2,,,1,71,,30445,2,,,1,30,,30446,2,,,1,70,,30447,2,,,1,30,,30448,2,,,1,70,,30438,2,,,1,30,,30449,2,,,1,70,,30450,2,,,1,30,,30451,2,,,1,70,,30452,2,,,1,30,,30453,2,,,1,70,,30454,2,,,1,30,,30455,2,,,1,70,,30456,2,,,1,30,,30457,2,,,1,70,,30458,2,,,1,30,,30459,2,,,1,69,,30460,2,,,1,30,,30461,2,,,1,70,,30462,2,,,1,30,,30463,2,,,1,70,,30464,2,,,1,30,,30465,2,,,1,70,,30466,2,,,1,30,,30467,2,,,1,70,,30468,2,,,1,30,,30469,2,,,1,70,,30470,2,,,1,30,,30471,2,,,1
20200,'202-Weekday-11111100',552,,30486,2,,,1,70,,30487,2,,,1,30,,30488,2,,,1,60,,30472,2,,,1,15,,30489,2,,,1,15,,30491,2,,,1,15,,30473,2,,,1,55,,30490,2,,,1,15,,30492,2,,,1,15,,30507,2,,,1,15,,30512,2,,,1,55,,30501,2,,,1,15,,30513,2,,,1,15,,30528,2,,,1,15,,30514,2,,,1,55,,30508,2,,,1,15,,30515,2,,,1,15,,30496,2,,,1,15,,30516,2,,,1,55,,30529,2,,,1,15,,30517,2,,,1,15,,30506,2,,,1,15,,30518,2,,,1,55,,30502,2,,,1,15,,30519,2,,,1,15,,30530,2,,,1,15,,30520,2,,,1,55,,30500,2,,,1,15,,30509,2,,,1,15,,30521,2,,,1,15,,30503,2,,,1,55,,30498,2,,,1,15,,30522,2,,,1,15,,30495,2,,,1,15,,30497,2,,,1,55,,30523,2,,,1,15,,30505,2,,,1,15,,30510,2,,,1,15,,30524,2,,,1,55,,30504,2,,,1,15,,30527,2,,,1,15,,30525,2,,,1,15,,30499,2,,,1,55,,30511,2,,,1,15,,30526,2,,,1,15,,30494,2,,,1,15,,30493,2,,,1,60,,30474,2,,,1,30,,30475,2,,,1,70,,30476,2,,,1,30,,30477,2,,,1,70,,30478,2,,,1,30,,30479,2,,,1,70,,30480,2,,,1,30,,30481,2,,,1,70,,30482,2,,,1,30,,30483,2,,,1,70,,30484,2,,,1,30,,30485,2,,,1
