300,'3-Saturday-10000010',631,,21977,2,,,1,70,,21978,2,,,1,30,,21979,2,,,1,70,,21980,2,,,1,30,,21981,2,,,1,70,,21982,2,,,1,30,,21983,2,,,1,70,,21984,2,,,1,30,,21985,2,,,1,70,,21986,2,,,1,30,,21987,2,,,1,70,,21988,2,,,1,30,,21989,2,,,1,70,,21990,2,,,1,30,,21991,2,,,1,70,,21992,2,,,1,30,,21993,2,,,1,70,,21994,2,,,1,30,,21995,2,,,1,70,,21996,2,,,1,30,,21997,2,,,1,70,,21998,2,,,1,30,,21999,2,,,1,70,,22000,2,,,1,30,,22001,2,,,1,70,,22002,2,,,1,30,,22003,2,,,1,70,,22004,2,,,1,30,,22005,2,,,1,100,,22006,2,,,1,100,,22007,2,,,1
300,'3-Sunday-10000001',831,,22008,2,,,1,100,,22009,2,,,1,70,,22010,2,,,1,30,,22011,2,,,1,70,,22012,2,,,1,30,,22013,2,,,1,70,,22014,2,,,1,30,,22015,2,,,1,70,,22016,2,,,1,30,,22017,2,,,1,70,,22018,2,,,1,30,,22019,2,,,1,70,,22020,2,,,1,30,,22021,2,,,1,70,,22022,2,,,1,30,,22023,2,,,1,70,,22024,2,,,1,30,,22025,2,,,1,70,,22030,2,,,1,30,,22026,2,,,1,70,,22031,2,,,1,30,,22027,2,,,1,70,,22032,2,,,1,30,,22028,2,,,1,100,,22033,2,,,1,100,,22029,2,,,1
300,'3-Weekday-11111100',601,,22053,2,,,1,30,,22052,2,,,1,70,,22051,2,,,1,30,,22050,2,,,1,70,,22049,2,,,1,30,,22048,2,,,1,70,,22047,2,,,1,30,,22046,2,,,1,70,,22045,2,,,1,30,,22044,2,,,1,70,,22043,2,,,1,30,,22042,2,,,1,70,,22041,2,,,1,30,,22040,2,,,1,70,,22039,2,,,1,30,,22038,2,,,1,70,,22037,2,,,1,40,,22036,2,,,1,70,,22035,2,,,1,30,,22034,2,,,1,70,,22063,2,,,1,30,,22062,2,,,1,70,,22061,2,,,1,30,,22060,2,,,1,70,,22059,2,,,1,20,,22058,2,,,1,70,,22057,2,,,1,30,,22056,2,,,1,70,,22067,2,,,1,30,,22055,2,,,1,70,,22068,2,,,1,30,,22054,2,,,1,70,,22069,2,,,1,30,,22065,2,,,1,70,,22070,2,,,1,30,,22064,2,,,1
2200,'22-Saturday-10000010',631,,25746,2,,,1,70,,25747,2,,,1,30,,25748,2,,,1,70,,25749,2,,,1,30,,25750,2,,,1,70,,25751,2,,,1,30,,25752,2,,,1,70,,25753,2,,,1,30,,25754,2,,,1,70,,25755,2,,,1,30,,25756,2,,,1,70,,25757,2,,,1,30,,25758,2,,,1,70,,25759,2,,,1,30,,25760,2,,,1,70,,25761,2,,,1,30,,25762,2,,,1,70,,25763,2,,,1,30,,25764,2,,,1,70,,25765,2,,,1,30,,25766,2,,,1,70,,25767,2,,,1,30,,25768,2,,,1,70,,25769,2,,,1,30,,25770,2,,,1,70,,25771,2,,,1,30,,25772,2,,,1,70,,25773,2,,,1,30,,25774,2,,,1,70,,25775,2,,,1,30,,25776,2,,,1,100,,25777,2,,,1,100,,25778,2,,,1
2200,'22-Sunday-10000001',831,,25789,2,,,1,100,,25779,2,,,1,100,,25780,2,,,1,100,,25781,2,,,1,100,,25782,2,,,1,100,,25783,2,,,1,100,,25784,2,,,1,100,,25785,2,,,1,100,,25786,2,,,1,100,,25787,2,,,1,100,,25788,2,,,1
2200,'22-Weekday-11111100',601,,25790,2,,,1,30,,25791,2,,,1,70,,25792,2,,,1,30,,25793,2,,,1,70,,25794,2,,,1,30,,25795,2,,,1,70,,25796,2,,,1,30,,25797,2,,,1,70,,25798,2,,,1,30,,25799,2,,,1,70,,25800,2,,,1,30,,25801,2,,,1,70,,25802,2,,,1,30,,25803,2,,,1,70,,25804,2,,,1,30,,25805,2,,,1,70,,25806,2,,,1,30,,25807,2,,,1,70,,25808,2,,,1,30,,25809,2,,,1,70,,25810,2,,,1,30,,25811,2,,,1,70,,25812,2,,,1,30,,25813,2,,,1,70,,25814,2,,,1,30,,25815,2,,,1,70,,25816,2,,,1,30,,25817,2,,,1,70,,25818,2,,,1,30,,25819,2,,,1,70,,25823,2,,,1,30,,25820,2,,,1,70,,25824,2,,,1,30,,25821,2,,,1,100,,25822,2,,,1
3300,'33-Saturday-10000010',644,,27046,2,,,1,70,,27047,2,,,1,30,,27048,2,,,1,70,,27049,2,,,1,29,,27050,2,,,1,68,,27051,2,,,1,30,,27052,2,,,1,70,,27053,2,,,1,30,,27054,2,,,1,70,,27055,2,,,1,30,,27056,2,,,1,70,,27057,2,,,1,30,,27058,2,,,1,70,,27059,2,,,1,30,,27060,2,,,1,70,,27061,2,,,1,30,,27062,2,,,1,70,,27063,2,,,1,30,,27064,2,,,1,70,,27065,2,,,1,30,,27066,2,,,1,70,,27067,2,,,1,31,,27068,2,,,1,72,,27069,2,,,1,30,,27070,2,,,1
3300,'33-Sunday-10000001',744,,27071,2,,,1,70,,27072,2,,,1,29,,27073,2,,,1,68,,27074,2,,,1,30,,27075,2,,,1,70,,27076,2,,,1,30,,27077,2,,,1,70,,27078,2,,,1,30,,27079,2,,,1,70,,27080,2,,,1,30,,27081,2,,,1,70,,27082,2,,,1,30,,27083,2,,,1,70,,27084,2,,,1,30,,27085,2,,,1,70,,27086,2,,,1,30,,27087,2,,,1,70,,27088,2,,,1,30,,27089,2,,,1,70,,27090,2,,,1,31,,27091,2,,,1,72,,27092,2,,,1,30,,27093,2,,,1
3300,'33-Weekday-11111100',536,,27097,2,,,1,70,,27100,2,,,1,30,,27101,2,,,1,70,,27102,2,,,1,30,,27103,2,,,1,70,,27104,2,,,1,30,,27105,2,,,1,70,,27106,2,,,1,30,,27107,2,,,1,70,,27108,2,,,1,30,,27109,2,,,1,70,,27110,2,,,1,30,,27111,2,,,1,70,,27112,2,,,1,30,,27113,2,,,1,70,,27114,2,,,1,30,,27115,2,,,1,70,,27116,2,,,1,30,,27126,2,,,1,70,,27117,2,,,1,30,,27118,2,,,1,70,,27119,2,,,1,30,,27120,2,,,1,70,,27121,2,,,1,30,,27122,2,,,1,70,,27123,2,,,1,30,,27094,2,,,1,70,,27127,2,,,1,30,,27099,2,,,1,70,,27128,2,,,1,30,,27098,2,,,1,70,,27129,2,,,1,30,,27096,2,,,1,70,,27095,2,,,1,30,,27124,2,,,1,70,,27125,2,,,1
3500,'35-Weekday-11111100',616,,27250,2,,,1,30,,27251,2,,,1,65,,27253,2,,,1,30,,27254,2,,,1,70,,27255,2,,,1,600,,27256,2,,,1,30,,27257,2,,,1,70,,27258,2,,,1,30,,27259,2,,,1,70,,27260,2,,,1,30,,27252,2,,,1,570,,27261,2,,,1
