100,'1-Holiday1-10000001',845,,21723,51,,,1,100,,21724,51,,,1,72,,21725,51,,,1,31,,21726,51,,,1,70,,21727,51,,,1,30,,21728,51,,,1,70,,21729,51,,,1,30,,21730,51,,,1,70,,21731,51,,,1,30,,21732,51,,,1,70,,21733,51,,,1,30,,21734,51,,,1,70,,21735,51,,,1,30,,21736,51,,,1,70,,21737,51,,,1,30,,21738,51,,,1,70,,21739,51,,,1,30,,21740,51,,,1,68,,21741,51,,,1,29,,21742,51,,,1,100,,21743,51,,,1,100,,21744,51,,,1,100,,21745,51,,,1,100,,21746,51,,,1,100,,21747,51,,,1,100,,21748,51,,,1
100,'1-Saturday-10000010',645,,21749,51,,,1,70,,21750,51,,,1,30,,21751,51,,,1,70,,21752,51,,,1,30,,21753,51,,,1,72,,21754,51,,,1,31,,21755,51,,,1,70,,21756,51,,,1,30,,21757,51,,,1,70,,21758,51,,,1,30,,21759,51,,,1,70,,21760,51,,,1,30,,21761,51,,,1,70,,21762,51,,,1,30,,21763,51,,,1,70,,21764,51,,,1,30,,21765,51,,,1,70,,21766,51,,,1,30,,21767,51,,,1,70,,21768,51,,,1,30,,21769,51,,,1,70,,21770,51,,,1,30,,21771,51,,,1,68,,21772,51,,,1,29,,21773,51,,,1,70,,21774,51,,,1,30,,21775,51,,,1,70,,21776,51,,,1,30,,21777,51,,,1,70,,21778,51,,,1,30,,21779,51,,,1,70,,21780,51,,,1,30,,21781,51,,,1,70,,21782,51,,,1,30,,21783,51,,,1,100,,21784,51,,,1
100,'1-Sunday-10000001',845,,21785,51,,,1,100,,21786,51,,,1,72,,21787,51,,,1,31,,21788,51,,,1,70,,21789,51,,,1,30,,21790,51,,,1,70,,21791,51,,,1,30,,21792,51,,,1,70,,21793,51,,,1,30,,21794,51,,,1,70,,21795,51,,,1,30,,21796,51,,,1,70,,21797,51,,,1,30,,21798,51,,,1,70,,21799,51,,,1,30,,21800,51,,,1,70,,21801,51,,,1,30,,21802,51,,,1,68,,21803,51,,,1,29,,21804,51,,,1,100,,21805,51,,,1,100,,21806,51,,,1,100,,21807,51,,,1,100,,21808,51,,,1,100,,21809,51,,,1,100,,21810,51,,,1
100,'1-Weekday-11111100',616,,21847,51,,,1,30,,21844,51,,,1,69,,21845,51,,,1,17,,21848,51,,,1,18,,21811,51,,,1,70,,21812,51,,,1,30,,21813,51,,,1,70,,21814,51,,,1,30,,21815,51,,,1,70,,21816,51,,,1,30,,21825,51,,,1,70,,21826,51,,,1,30,,21827,51,,,1,70,,21828,51,,,1,30,,21829,51,,,1,70,,21830,51,,,1,30,,21831,51,,,1,70,,21832,51,,,1,32,,21833,51,,,1,70,,21817,51,,,1,30,,21818,51,,,1,70,,21819,51,,,1,30,,21820,51,,,1,70,,21821,51,,,1,30,,21822,51,,,1,67,,21823,51,,,1,28,,21824,51,,,1,70,,21834,51,,,1,30,,21835,51,,,1,70,,21836,51,,,1,30,,21837,51,,,1,70,,21838,51,,,1,30,,21839,51,,,1,67,,21840,51,,,1,28,,21841,51,,,1,70,,21842,51,,,1,30,,21843,51,,,1,100,,21846,51,,,1
2301,'23-Saturday-10000010',733,,25996,25,,,1,70,,25997,25,,,1,30,,25998,25,,,1,70,,25999,25,,,1,31,,26000,25,,,1,70,,26001,25,,,1,30,,26002,25,,,1,70,,26003,25,,,1,30,,26004,25,,,1,70,,26005,25,,,1,30,,26006,25,,,1,70,,26007,25,,,1,30,,26008,25,,,1,70,,26009,25,,,1,30,,26010,25,,,1,70,,26011,25,,,1,30,,26012,25,,,1,70,,26013,25,,,1,30,,26014,25,,,1,70,,26015,25,,,1,30,,26016,25,,,1,70,,26017,25,,,1,29,,26018,25,,,1,70,,26019,25,,,1,30,,26020,25,,,1,70,,26024,25,,,1,30,,26021,25,,,1,70,,26022,25,,,1,30,,26023,25,,,1
2301,'23-Sunday-10000001',802,,26029,25,,,1,30,,26030,25,,,1,70,,26031,25,,,1,31,,26032,25,,,1,70,,26033,25,,,1,30,,26034,25,,,1,70,,26035,25,,,1,30,,26036,25,,,1,70,,26037,25,,,1,30,,26027,25,,,1,70,,26038,25,,,1,30,,26039,25,,,1,70,,26040,25,,,1,30,,26041,25,,,1,70,,26042,25,,,1,30,,26043,25,,,1,70,,26044,25,,,1,30,,26045,25,,,1,70,,26046,25,,,1,30,,26047,25,,,1,70,,26048,25,,,1,30,,26049,25,,,1,70,,26050,25,,,1,30,,26051,25,,,1,70,,26052,25,,,1,30,,26026,25,,,1,70,,26028,25,,,1,30,,26025,25,,,1
2301,'23-Weekday-11111100',549,,26086,25,,,1,85,,26085,25,,,1,70,,26084,25,,,1,31,,26083,25,,,1,70,,26082,25,,,1,30,,26081,25,,,1,70,,26080,25,,,1,30,,26079,25,,,1,69,,26078,25,,,1,30,,26077,25,,,1,70,,26076,25,,,1,30,,26075,25,,,1,70,,26074,25,,,1,30,,26073,25,,,1,70,,26072,25,,,1,30,,26071,25,,,1,70,,26070,25,,,1,30,,26069,25,,,1,72,,26068,25,,,1,30,,26067,25,,,1,70,,26066,25,,,1,30,,26065,25,,,1,70,,26064,25,,,1,30,,26063,25,,,1,69,,26062,25,,,1,28,,26061,25,,,1,70,,26060,25,,,1,30,,26059,25,,,1,70,,26058,25,,,1,30,,26057,25,,,1,70,,26056,25,,,1,30,,26055,25,,,1,70,,26053,25,,,1,29,,26054,25,,,1
2701,'27-Holiday1-10000001',751,,26238,11,,,1,70,,26239,11,,,1,30,,26240,11,,,1,70,,26241,11,,,1,30,,26242,11,,,1,70,,26243,11,,,1,30,,26244,11,,,1,70,,26245,11,,,1,30,,26246,11,,,1,70,,26247,11,,,1,30,,26248,11,,,1,70,,26249,11,,,1,30,,26250,11,,,1,70,,26251,11,,,1,30,,26252,11,,,1,70,,26253,11,,,1,30,,26254,11,,,1,70,,26255,11,,,1,30,,26256,11,,,1,70,,26257,11,,,1,30,,26258,11,,,1,70,,26259,11,,,1,30,,26260,11,,,1,70,,26261,11,,,1,30,,26262,11,,,1,70,,26263,11,,,1,30,,26264,11,,,1,70,,26265,11,,,1,30,,26266,11,,,1,70,,26236,11,,,1,30,,26237,11,,,1
2701,'27-Saturday-10000010',656,,26296,11,,,1,75,,26267,11,,,1,75,,26291,11,,,1,35,,26268,11,,,1,75,,26269,11,,,1,36,,26270,11,,,1,75,,26271,11,,,1,75,,26272,11,,,1,35,,26273,11,,,1,75,,26274,11,,,1,35,,26275,11,,,1,75,,26276,11,,,1,35,,26277,11,,,1,75,,26278,11,,,1,75,,26279,11,,,1,35,,26280,11,,,1,75,,26281,11,,,1,35,,26282,11,,,1,75,,26283,11,,,1,75,,26284,11,,,1,34,,26285,11,,,1,75,,26286,11,,,1,35,,26287,11,,,1,75,,26288,11,,,1,35,,26289,11,,,1,75,,26290,11,,,1,75,,26292,11,,,1,35,,26293,11,,,1,75,,26294,11,,,1,35,,26295,11,,,1
2701,'27-Sunday-10000001',731,,26297,11,,,1,75,,26298,11,,,1,35,,26299,11,,,1,75,,26300,11,,,1,35,,26301,11,,,1,75,,26302,11,,,1,75,,26303,11,,,1,35,,26304,11,,,1,75,,26305,11,,,1,35,,26306,11,,,1,75,,26307,11,,,1,35,,26308,11,,,1,75,,26309,11,,,1,75,,26310,11,,,1,35,,26311,11,,,1,75,,26312,11,,,1,35,,26313,11,,,1,75,,26314,11,,,1,75,,26315,11,,,1,35,,26316,11,,,1,75,,26317,11,,,1,35,,26318,11,,,1,75,,26319,11,,,1,35,,26320,11,,,1,75,,26321,11,,,1,75,,26322,11,,,1,35,,26323,11,,,1,75,,26324,11,,,1
2701,'27-Weekday-11111100',551,,26352,11,,,1,70,,26325,11,,,1,35,,26326,11,,,1,77,,26327,11,,,1,75,,26328,11,,,1,35,,26329,11,,,1,75,,26330,11,,,1,34,,26331,11,,,1,75,,26332,11,,,1,75,,26333,11,,,1,35,,26334,11,,,1,75,,26335,11,,,1,35,,26336,11,,,1,75,,26337,11,,,1,35,,26338,11,,,1,75,,26339,11,,,1,76,,26340,11,,,1,35,,26341,11,,,1,75,,26342,11,,,1,35,,26343,11,,,1,75,,26344,11,,,1,75,,26345,11,,,1,34,,26346,11,,,1,75,,26347,11,,,1,35,,26348,11,,,1,75,,26349,11,,,1,35,,26350,11,,,1,75,,26351,11,,,1,75,,26353,11,,,1,35,,26354,11,,,1,75,,26355,11,,,1,35,,26356,11,,,1
