5000,'50-Holiday1-10000001',816,,27449,2,,,1,100,,27448,2,,,1,100,,27447,2,,,1,100,,27446,2,,,1,100,,27445,2,,,1,100,,27444,2,,,1,100,,27443,2,,,1,100,,27442,2,,,1,100,,27441,2,,,1,100,,27440,2,,,1,100,,27439,2,,,1,100,,27438,2,,,1,100,,27437,2,,,1,100,,27436,2,,,1,100,,27435,2,,,1,100,,27434,2,,,1
5000,'50-Saturday-10000010',646,,27450,2,,,1,70,,27451,2,,,1,30,,27452,2,,,1,70,,27453,2,,,1,30,,27454,2,,,1,70,,27455,2,,,1,30,,27456,2,,,1,70,,27457,2,,,1,30,,27458,2,,,1,70,,27459,2,,,1,30,,27460,2,,,1,70,,27461,2,,,1,30,,27462,2,,,1,70,,27463,2,,,1,30,,27464,2,,,1,70,,27465,2,,,1,30,,27466,2,,,1,70,,27467,2,,,1,30,,27468,2,,,1,70,,27469,2,,,1,30,,27470,2,,,1,70,,27471,2,,,1,30,,27478,2,,,1,70,,27480,2,,,1,30,,27479,2,,,1,70,,27477,2,,,1,30,,27481,2,,,1,70,,27476,2,,,1,30,,27475,2,,,1,70,,27482,2,,,1,30,,27474,2,,,1,70,,27473,2,,,1,30,,27472,2,,,1
5000,'50-Sunday-10000001',816,,27503,2,,,1,85,,27502,2,,,1,45,,27501,2,,,1,85,,27500,2,,,1,85,,27499,2,,,1,85,,27498,2,,,1,45,,27497,2,,,1,85,,27496,2,,,1,85,,27495,2,,,1,85,,27494,2,,,1,45,,27493,2,,,1,85,,27492,2,,,1,85,,27491,2,,,1,85,,27490,2,,,1,45,,27489,2,,,1,85,,27488,2,,,1,85,,27487,2,,,1,85,,27486,2,,,1,45,,27485,2,,,1,85,,27484,2,,,1,85,,27483,2,,,1
5000,'50-Weekday-11111100',546,,27504,2,,,1,70,,27505,2,,,1,30,,27506,2,,,1,70,,27507,2,,,1,30,,27508,2,,,1,70,,27509,2,,,1,30,,27510,2,,,1,70,,27511,2,,,1,30,,27512,2,,,1,70,,27513,2,,,1,30,,27514,2,,,1,70,,27515,2,,,1,30,,27516,2,,,1,70,,27517,2,,,1,30,,27518,2,,,1,70,,27519,2,,,1,30,,27520,2,,,1,70,,27521,2,,,1,20,,27522,2,,,1,70,,27523,2,,,1,30,,27524,2,,,1,70,,27525,2,,,1,30,,27526,2,,,1,70,,27527,2,,,1,30,,27528,2,,,1,80,,27529,2,,,1,30,,27530,2,,,1,70,,27531,2,,,1,30,,27532,2,,,1,70,,27533,2,,,1,30,,27534,2,,,1,70,,27535,2,,,1,30,,27536,2,,,1,70,,27537,2,,,1
5300,'53-Holiday1-10000001',831,,28007,2,,,1,100,,28008,2,,,1,100,,28009,2,,,1,100,,28010,2,,,1,100,,28011,2,,,1,100,,28012,2,,,1,100,,28013,2,,,1,100,,28014,2,,,1,100,,28015,2,,,1,100,,28016,2,,,1,100,,28017,2,,,1,100,,28018,2,,,1,100,,28019,2,,,1,100,,28020,2,,,1,100,,28021,2,,,1,100,,28022,2,,,1
5300,'53-Saturday-10000010',701,,28023,2,,,1,30,,28024,2,,,1,70,,28025,2,,,1,30,,28026,2,,,1,70,,28027,2,,,1,30,,28028,2,,,1,70,,28029,2,,,1,30,,28030,2,,,1,70,,28031,2,,,1,30,,28032,2,,,1,70,,28033,2,,,1,30,,28034,2,,,1,70,,28035,2,,,1,30,,28036,2,,,1,70,,28037,2,,,1,30,,28038,2,,,1,70,,28039,2,,,1,30,,28040,2,,,1,70,,28041,2,,,1,30,,28042,2,,,1,70,,28043,2,,,1,30,,28044,2,,,1,70,,28045,2,,,1,30,,28046,2,,,1,100,,28047,2,,,1,100,,28048,2,,,1,100,,28049,2,,,1,100,,28050,2,,,1,100,,28051,2,,,1
5300,'53-Sunday-10000001',801,,28052,2,,,1,100,,28053,2,,,1,100,,28054,2,,,1,30,,28055,2,,,1,70,,28056,2,,,1,30,,28057,2,,,1,70,,28058,2,,,1,30,,28059,2,,,1,70,,28060,2,,,1,30,,28061,2,,,1,70,,28062,2,,,1,30,,28063,2,,,1,70,,28064,2,,,1,30,,28065,2,,,1,70,,28066,2,,,1,30,,28067,2,,,1,70,,28068,2,,,1,30,,28069,2,,,1,100,,28070,2,,,1,100,,28071,2,,,1,100,,28072,2,,,1,100,,28073,2,,,1,100,,28074,2,,,1,100,,28075,2,,,1
5300,'53-Weekday-11111100',601,,28103,2,,,1,30,,28104,2,,,1,70,,28105,2,,,1,30,,28106,2,,,1,70,,28107,2,,,1,30,,28092,2,,,1,70,,28093,2,,,1,30,,28094,2,,,1,70,,28085,2,,,1,30,,28086,2,,,1,70,,28087,2,,,1,30,,28088,2,,,1,70,,28089,2,,,1,30,,28090,2,,,1,70,,28091,2,,,1,30,,28110,2,,,1,75,,28095,2,,,1,35,,28111,2,,,1,70,,28098,2,,,1,30,,28102,2,,,1,70,,28101,2,,,1,30,,28100,2,,,1,70,,28099,2,,,1,30,,28108,2,,,1,60,,28109,2,,,1,30,,28084,2,,,1,70,,28078,2,,,1,30,,28079,2,,,1,70,,28080,2,,,1,30,,28081,2,,,1,70,,28077,2,,,1,30,,28076,2,,,1,70,,28097,2,,,1,30,,28096,2,,,1,70,,28082,2,,,1,30,,28083,2,,,1
5501,'55-Holiday1-11111111',816,,28321,2,,,1,100,,28322,2,,,1,100,,28323,2,,,1,100,,28324,2,,,1,100,,28325,2,,,1,100,,28326,2,,,1,100,,28327,2,,,1,100,,28328,2,,,1,100,,28329,2,,,1,100,,28330,2,,,1,100,,28331,2,,,1,100,,28332,2,,,1,100,,28333,2,,,1,100,,28334,2,,,1,100,,28335,2,,,1,100,,28336,2,,,1
5501,'55-Saturday-10000010',646,,28363,2,,,1,70,,28337,2,,,1,30,,28362,2,,,1,70,,28338,2,,,1,30,,28354,2,,,1,70,,28339,2,,,1,30,,28370,2,,,1,70,,28340,2,,,1,30,,28355,2,,,1,70,,28348,2,,,1,30,,28371,2,,,1,70,,28347,2,,,1,30,,28361,2,,,1,70,,28346,2,,,1,30,,28364,2,,,1,70,,28345,2,,,1,30,,28360,2,,,1,70,,28344,2,,,1,30,,28365,2,,,1,70,,28343,2,,,1,30,,28359,2,,,1,70,,28342,2,,,1,30,,28366,2,,,1,70,,28341,2,,,1,30,,28358,2,,,1,70,,28349,2,,,1,30,,28367,2,,,1,70,,28350,2,,,1,30,,28357,2,,,1,70,,28351,2,,,1,30,,28368,2,,,1,70,,28352,2,,,1,30,,28356,2,,,1,70,,28353,2,,,1,30,,28369,2,,,1
5501,'55-Sunday-10000001',816,,28372,2,,,1,100,,28373,2,,,1,100,,28374,2,,,1,100,,28375,2,,,1,100,,28376,2,,,1,100,,28377,2,,,1,100,,28378,2,,,1,100,,28379,2,,,1,100,,28380,2,,,1,100,,28381,2,,,1,100,,28382,2,,,1,100,,28383,2,,,1,100,,28384,2,,,1,100,,28385,2,,,1,100,,28386,2,,,1,100,,28387,2,,,1
5501,'55-Weekday-11111100',546,,28415,2,,,1,70,,28388,2,,,1,30,,28416,2,,,1,70,,28400,2,,,1,30,,28406,2,,,1,70,,28399,2,,,1,30,,28417,2,,,1,70,,28398,2,,,1,30,,28407,2,,,1,70,,28397,2,,,1,30,,28418,2,,,1,70,,28396,2,,,1,30,,28408,2,,,1,70,,28395,2,,,1,30,,28419,2,,,1,70,,28394,2,,,1,30,,28409,2,,,1,70,,28393,2,,,1,30,,28420,2,,,1,70,,28392,2,,,1,30,,28410,2,,,1,70,,28391,2,,,1,30,,28421,2,,,1,70,,28390,2,,,1,30,,28411,2,,,1,70,,28389,2,,,1,30,,28422,2,,,1,70,,28401,2,,,1,30,,28412,2,,,1,70,,28402,2,,,1,30,,28423,2,,,1,70,,28403,2,,,1,30,,28413,2,,,1,70,,28404,2,,,1,30,,28424,2,,,1,70,,28405,2,,,1,30,,28414,2,,,1
6300,'63-Holiday1-10000001',846,,29389,2,,,1,100,,29390,2,,,1,100,,29391,2,,,1,100,,29392,2,,,1,100,,29393,2,,,1,100,,29394,2,,,1,100,,29395,2,,,1,100,,29396,2,,,1,100,,29397,2,,,1,100,,29398,2,,,1,100,,29399,2,,,1,100,,29400,2,,,1,100,,29401,2,,,1,100,,29402,2,,,1,100,,29403,2,,,1
6300,'63-Saturday-10000010',631,,29404,2,,,1,70,,29405,2,,,1,30,,29406,2,,,1,70,,29407,2,,,1,30,,29408,2,,,1,70,,29432,2,,,1,30,,29409,2,,,1,70,,29410,2,,,1,30,,29411,2,,,1,70,,29412,2,,,1,30,,29413,2,,,1,70,,29414,2,,,1,30,,29415,2,,,1,70,,29416,2,,,1,30,,29417,2,,,1,70,,29418,2,,,1,30,,29419,2,,,1,70,,29420,2,,,1,30,,29421,2,,,1,70,,29422,2,,,1,30,,29423,2,,,1,70,,29424,2,,,1,30,,29425,2,,,1,70,,29426,2,,,1,30,,29433,2,,,1,70,,29427,2,,,1,30,,29434,2,,,1,70,,29428,2,,,1,30,,29435,2,,,1,70,,29429,2,,,1,30,,29436,2,,,1,70,,29430,2,,,1,30,,29437,2,,,1,70,,29431,2,,,1
6300,'63-Sunday-10000001',846,,29438,2,,,1,100,,29439,2,,,1,100,,29440,2,,,1,100,,29441,2,,,1,100,,29442,2,,,1,100,,29443,2,,,1,100,,29444,2,,,1,100,,29445,2,,,1,100,,29446,2,,,1,100,,29447,2,,,1,100,,29448,2,,,1,100,,29449,2,,,1,100,,29450,2,,,1,100,,29451,2,,,1,100,,29452,2,,,1
6300,'63-Weekday-11111100',601,,29453,2,,,1,30,,29454,2,,,1,70,,29487,2,,,1,30,,29455,2,,,1,70,,29456,2,,,1,30,,29457,2,,,1,70,,29458,2,,,1,30,,29459,2,,,1,70,,29460,2,,,1,30,,29461,2,,,1,70,,29462,2,,,1,30,,29463,2,,,1,70,,29464,2,,,1,30,,29465,2,,,1,70,,29466,2,,,1,30,,29467,2,,,1,70,,29468,2,,,1,35,,29469,2,,,1,70,,29470,2,,,1,30,,29471,2,,,1,70,,29472,2,,,1,30,,29473,2,,,1,70,,29474,2,,,1,30,,29475,2,,,1,70,,29476,2,,,1,30,,29477,2,,,1,65,,29478,2,,,1,30,,29479,2,,,1,70,,29480,2,,,1,30,,29481,2,,,1,70,,29482,2,,,1,30,,29483,2,,,1,70,,29484,2,,,1,30,,29485,2,,,1,70,,29486,2,,,1
