'12-Holiday1-1-20245-0000001',1200,73000,,'',1,7000,,'',1,3000,,'',1,7000,,'',1,3000,,'',1,7000,,'',1,3000,,'',1,7000,,'',1,3000,,'',1,7000,,'',1,3000,,'',1,7000,,'',1,3000,,'',1,7000,,'',1,3000,,'',1,7000,,'',1,3000,,'',1,7000,,'',1,3000,,'',1,7000,,'',1,3000,,'',1,7000,,'',1,3000,,'',1,7000,,'',1,3000,,'',1,7000,,'',1,3000,,'',1,7000,,'',1,3000,,'',1,7000,,'',1,3000,,'',1,7000,,'',1,3000,,'',1
'12-Holiday1-1-20245-0000001',1201,74700,4,'',1,7000,4,'',1,3000,4,'',1,7000,4,'',1,3000,4,'',1,7100,4,'',1,3200,4,'',1,7100,4,'',1,3000,4,'',1,7000,4,'',1,3000,4,'',1,7000,4,'',1,3000,4,'',1,7000,4,'',1,3000,4,'',1,7000,4,'',1,3000,4,'',1,7000,4,'',1,3000,4,'',1,7000,4,'',1,3000,4,'',1,6900,4,'',1,2900,4,'',1,6900,4,'',1,2900,4,'',1,7000,4,'',1,3000,4,'',1,7000,4,'',1,3000,4,'',1,7000,4,'',1,3000,4,'',1,7000,4,'',1,3000,4,'',1,7000,4,'',1,3000,4,'',1
'12-Holiday2-1-20245-0000001',1200,80000,,'',1,10000,,'',1,10000,,'',1,10000,,'',1,10000,,'',1,10000,,'',1,10000,,'',1,10000,,'',1,10000,,'',1,10000,,'',1,10000,,'',1
'12-Holiday2-1-20245-0000001',1201,84700,4,'',1,10000,4,'',1,10300,4,'',1,10100,4,'',1,10000,4,'',1,10000,4,'',1,10000,4,'',1,10000,4,'',1,10000,4,'',1,10000,4,'',1,9800,4,'',1
'12-Holiday3-1-20245-0000001',1200,73000,,'',1,7000,,'',1,3000,,'',1,7000,,'',1,3000,,'',1,7000,,'',1,3000,,'',1,7000,,'',1,3000,,'',1,7000,,'',1,3000,,'',1,7000,,'',1,3000,,'',1,7000,,'',1,3000,,'',1,7000,,'',1,3000,,'',1,7000,,'',1,3000,,'',1,7000,,'',1,3000,,'',1,7000,,'',1,3000,,'',1,7000,,'',1,3000,,'',1,7000,,'',1,3000,,'',1,7000,,'',1,3000,,'',1,7000,,'',1,3000,,'',1,7000,,'',1,3000,,'',1
'12-Holiday3-1-20245-0000001',1201,74700,4,'',1,7000,4,'',1,3000,4,'',1,7000,4,'',1,3000,4,'',1,7100,4,'',1,3200,4,'',1,7100,4,'',1,3000,4,'',1,7000,4,'',1,3000,4,'',1,7000,4,'',1,3000,4,'',1,7000,4,'',1,3000,4,'',1,7000,4,'',1,3000,4,'',1,7000,4,'',1,3000,4,'',1,7000,4,'',1,3000,4,'',1,6900,4,'',1,2900,4,'',1,6900,4,'',1,2900,4,'',1,7000,4,'',1,3000,4,'',1,7000,4,'',1,3000,4,'',1,7000,4,'',1,3000,4,'',1,7000,4,'',1,3000,4,'',1,7000,4,'',1,3000,4,'',1
'12-Saturday-1-20245-0000010',1200,63000,,'',1,7000,,'',1,3000,,'',1,7000,,'',1,3000,,'',1,7000,,'',1,3000,,'',1,7000,,'',1,3000,,'',1,7000,,'',1,3000,,'',1,7000,,'',1,3000,,'',1,7000,,'',1,3000,,'',1,7000,,'',1,3000,,'',1,7000,,'',1,3000,,'',1,7000,,'',1,3000,,'',1,7000,,'',1,3000,,'',1,7000,,'',1,3000,,'',1,7000,,'',1,3000,,'',1,7000,,'',1,3000,,'',1,7000,,'',1,3000,,'',1,7000,,'',1,3000,,'',1,7000,,'',1,3000,,'',1,7000,,'',1
'12-Saturday-1-20245-0000010',1201,64700,4,'',1,7000,4,'',1,3000,4,'',1,7000,4,'',1,3000,4,'',1,7100,4,'',1,3200,4,'',1,7400,4,'',1,3000,4,'',1,7000,4,'',1,3000,4,'',1,7000,4,'',1,3000,4,'',1,7000,4,'',1,3000,4,'',1,7000,4,'',1,3000,4,'',1,7000,4,'',1,3000,4,'',1,7000,4,'',1,3000,4,'',1,7000,4,'',1,3000,4,'',1,6900,4,'',1,2700,4,'',1,6700,4,'',1,3000,4,'',1,7000,4,'',1,3000,4,'',1,7000,4,'',1,3000,4,'',1,7000,4,'',1,3000,4,'',1,7000,4,'',1,3000,4,'',1,7000,4,'',1,3000,4,'',1
'12-Sunday-1-20245-0000001',1200,73000,,'',1,7000,,'',1,3000,,'',1,7000,,'',1,3000,,'',1,7000,,'',1,3000,,'',1,7000,,'',1,3000,,'',1,7000,,'',1,3000,,'',1,7000,,'',1,3000,,'',1,7000,,'',1,3000,,'',1,7000,,'',1,3000,,'',1,7000,,'',1,3000,,'',1,7000,,'',1,3000,,'',1,7000,,'',1,3000,,'',1,7000,,'',1,3000,,'',1,7000,,'',1,3000,,'',1,7000,,'',1,3000,,'',1,7000,,'',1,3000,,'',1,7000,,'',1,3000,,'',1
'12-Sunday-1-20245-0000001',1201,74700,4,'',1,7000,4,'',1,3000,4,'',1,7000,4,'',1,3000,4,'',1,7100,4,'',1,3200,4,'',1,7100,4,'',1,3000,4,'',1,7000,4,'',1,3000,4,'',1,7000,4,'',1,3000,4,'',1,7000,4,'',1,3000,4,'',1,7000,4,'',1,3000,4,'',1,7000,4,'',1,3000,4,'',1,7000,4,'',1,3000,4,'',1,6900,4,'',1,2900,4,'',1,6900,4,'',1,2900,4,'',1,7000,4,'',1,3000,4,'',1,7000,4,'',1,3000,4,'',1,7000,4,'',1,3000,4,'',1,7000,4,'',1,3000,4,'',1,7000,4,'',1,3000,4,'',1
'12-Weekday-1-20245-1111100',1200,60000,,'',1,3000,,'',1,7000,,'',1,1500,,'',1,1500,,'',1,1500,,'',1,5500,,'',1,1500,,'',1,1500,,'',1,1500,,'',1,5500,,'',1,1500,,'',1,1500,,'',1,1500,,'',1,5500,,'',1,1500,,'',1,1500,,'',1,1500,,'',1,5500,,'',1,1500,,'',1,1500,,'',1,1500,,'',1,5500,,'',1,1500,,'',1,1500,,'',1,1500,,'',1,5500,,'',1,1500,,'',1,1500,,'',1,1500,,'',1,5500,,'',1,1500,,'',1,1500,,'',1,1500,,'',1,5500,,'',1,1000,,'',1,2000,,'',1,1500,,'',1,5500,,'',1,1500,,'',1,1500,,'',1,1500,,'',1,5500,,'',1,1500,,'',1,1500,,'',1,1500,,'',1,5500,,'',1,1500,,'',1,1500,,'',1,1500,,'',1,5500,,'',1,1500,,'',1,1500,,'',1,1500,,'',1,5500,,'',1,1500,,'',1,1500,,'',1,1500,,'',1,5500,,'',1,1500,,'',1,1500,,'',1,1500,,'',1,5500,,'',1,3000,,'',1,7000,,'',1,3000,,'',1,7000,,'',1
'12-Weekday-1-20245-1111100',1201,62600,4,'',1,2200,4,'',1,6900,4,'',1,1600,4,'',1,1700,4,'',1,6400,4,'',1,1500,4,'',1,1500,4,'',1,1500,4,'',1,5500,4,'',1,1500,4,'',1,1600,4,'',1,5500,4,'',1,1500,4,'',1,1500,4,'',1,1500,4,'',1,5500,4,'',1,1500,4,'',1,1500,4,'',1,1500,4,'',1,5500,4,'',1,1500,4,'',1,1500,4,'',1,1500,4,'',1,5500,4,'',1,1500,4,'',1,1500,4,'',1,1500,4,'',1,5500,4,'',1,1500,4,'',1,1500,4,'',1,1700,4,'',1,5700,4,'',1,1600,4,'',1,1700,4,'',1,1600,4,'',1,5600,4,'',1,1500,4,'',1,1500,4,'',1,1500,4,'',1,5500,4,'',1,1500,4,'',1,1500,4,'',1,1500,4,'',1,5300,4,'',1,1400,4,'',1,1400,4,'',1,1400,4,'',1,5300,4,'',1,1300,4,'',1,1900,4,'',1,2000,4,'',1,5500,4,'',1,1500,4,'',1,1500,4,'',1,1500,4,'',1,5500,4,'',1,1500,4,'',1,1500,4,'',1,1500,4,'',1,5400,4,'',1,1400,4,'',1,2500,4,'',1,6700,4,'',1,3000,4,'',1,7000,4,'',1,3000,4,'',1
'12-Weekday-2-20245-1111100',1200,60000,,'',1,3000,,'',1,7000,,'',1,1500,,'',1,1500,,'',1,1500,,'',1,5500,,'',1,1500,,'',1,1500,,'',1,1500,,'',1,5500,,'',1,1500,,'',1,1500,,'',1,1500,,'',1,5500,,'',1,1500,,'',1,1500,,'',1,1500,,'',1,5500,,'',1,1500,,'',1,1500,,'',1,1500,,'',1,5500,,'',1,1500,,'',1,1500,,'',1,1500,,'',1,5500,,'',1,1500,,'',1,1500,,'',1,1500,,'',1,5500,,'',1,1500,,'',1,1500,,'',1,1500,,'',1,5500,,'',1,1000,,'',1,2000,,'',1,1500,,'',1,5500,,'',1,1500,,'',1,1500,,'',1,1500,,'',1,5500,,'',1,1500,,'',1,1500,,'',1,1500,,'',1,5500,,'',1,1500,,'',1,1500,,'',1,1500,,'',1,5500,,'',1,1500,,'',1,1500,,'',1,1500,,'',1,5500,,'',1,1500,,'',1,1500,,'',1,1500,,'',1,5500,,'',1,1500,,'',1,1500,,'',1,1500,,'',1,5500,,'',1,3000,,'',1,7000,,'',1,3000,,'',1,7000,,'',1,3000,0,'Westmount / Ottawa',1,7000,,'',1
'12-Weekday-2-20245-1111100',1201,62600,4,'',1,2200,4,'',1,6900,4,'',1,1600,4,'',1,1700,4,'',1,6400,4,'',1,1500,4,'',1,1500,4,'',1,1500,4,'',1,5500,4,'',1,1500,4,'',1,1600,4,'',1,5500,4,'',1,1500,4,'',1,1500,4,'',1,1500,4,'',1,5500,4,'',1,1500,4,'',1,1500,4,'',1,1500,4,'',1,5500,4,'',1,1500,4,'',1,1500,4,'',1,1500,4,'',1,5500,4,'',1,1500,4,'',1,1500,4,'',1,1500,4,'',1,5500,4,'',1,1500,4,'',1,1500,4,'',1,1700,4,'',1,5700,4,'',1,1600,4,'',1,1700,4,'',1,1600,4,'',1,5600,4,'',1,1500,4,'',1,1500,4,'',1,1500,4,'',1,5500,4,'',1,1500,4,'',1,1500,4,'',1,1500,4,'',1,5300,4,'',1,1400,4,'',1,1400,4,'',1,1400,4,'',1,5300,4,'',1,1300,4,'',1,1900,4,'',1,2000,4,'',1,5500,4,'',1,1500,4,'',1,1500,4,'',1,1500,4,'',1,5500,4,'',1,1500,4,'',1,1500,4,'',1,1500,4,'',1,5400,4,'',1,1400,4,'',1,2500,4,'',1,6700,4,'',1,3000,4,'',1,7000,4,'',1,3000,4,'',1,7000,4,'',1,3000,4,'',1
