5700,'57-Saturday-10000010',706,,28667,5,,,1,100,,28655,5,,,1,101,,28656,5,,,1,100,,28657,5,,,1,100,,28658,5,,,1,100,,28659,5,,,1,100,,28660,5,,,1,100,,28661,5,,,1,100,,28662,5,,,1,100,,28663,5,,,1,100,,28664,5,,,1,100,,28665,5,,,1,100,,28666,5,,,1
5700,'57-Weekday-11111100',639,,28669,5,,,1,69,,28695,5,,,1,30,,28670,5,,,1,70,,28671,5,,,1,30,,28672,5,,,1,70,,28673,5,,,1,31,,28674,5,,,1,70,,28675,5,,,1,30,,28676,5,,,1,70,,28677,5,,,1,30,,28678,5,,,1,70,,28679,5,,,1,30,,28680,5,,,1,70,,28681,5,,,1,30,,28682,5,,,1,70,,28683,5,,,1,34,,28685,5,,,1,70,,28686,5,,,1,30,,28687,5,,,1,70,,28688,5,,,1,30,,28689,5,,,1,70,,28690,5,,,1,30,,28691,5,,,1,70,,28684,5,,,1,25,,28696,5,,,1,70,,28692,5,,,1,30,,28697,5,,,1,70,,28693,5,,,1,30,,28698,5,,,1,70,,28694,5,,,1,30,,28700,5,,,1,70,,28699,5,,,1,30,,28701,5,,,1
5701,'57-Saturday-10000010',748,,28710,15,,,1,100,,28709,15,,,1,101,,28703,15,,,1,100,,28702,15,,,1,100,,28707,15,,,1,100,,28706,15,,,1,100,,28705,15,,,1,100,,28704,15,,,1,100,,28708,15,,,1,100,,28713,15,,,1,100,,28712,15,,,1,100,,28711,15,,,1
5701,'57-Weekday-11111100',647,,28741,15,,,1,74,,28714,15,,,1,30,,28715,15,,,1,70,,28716,15,,,1,30,,28717,15,,,1,70,,28718,15,,,1,28,,28719,15,,,1,70,,28720,15,,,1,30,,28721,15,,,1,70,,28722,15,,,1,30,,28724,15,,,1,70,,28723,15,,,1,30,,28725,15,,,1,70,,28726,15,,,1,30,,28727,15,,,1,70,,28728,15,,,1,33,,28729,15,,,1,70,,28731,15,,,1,30,,28730,15,,,1,70,,28732,15,,,1,30,,28733,15,,,1,70,,28734,15,,,1,30,,28735,15,,,1,67,,28736,15,,,1,30,,28737,15,,,1,70,,28742,15,,,1,30,,28738,15,,,1,70,,28743,15,,,1,30,,28739,15,,,1,70,,28745,15,,,1,30,,28740,15,,,1,70,,28744,15,,,1
6100,'61-Holiday1-11111111',831,,29094,5,,,1,70,,29066,5,,,1,30,,29067,5,,,1,70,,29068,5,,,1,31,,29069,5,,,1,70,,29070,5,,,1,30,,29071,5,,,1,70,,29072,5,,,1,30,,29073,5,,,1,70,,29074,5,,,1,30,,29075,5,,,1,70,,29076,5,,,1,30,,29077,5,,,1,70,,29078,5,,,1,30,,29079,5,,,1,70,,29080,5,,,1,30,,29081,5,,,1,70,,29082,5,,,1,30,,29083,5,,,1,70,,29084,5,,,1,24,,29085,5,,,1,30,,29086,5,,,1,70,,29087,5,,,1,30,,29088,5,,,1,70,,29089,5,,,1,30,,29090,5,,,1,70,,29091,5,,,1,30,,29092,5,,,1,70,,29093,5,,,1
6100,'61-Saturday-10000010',726,,29119,5,,,1,30,,29120,5,,,1,70,,29121,5,,,1,30,,29122,5,,,1,71,,29123,5,,,1,30,,29124,5,,,1,70,,29126,5,,,1,30,,29125,5,,,1,70,,29105,5,,,1,30,,29106,5,,,1,70,,29107,5,,,1,30,,29108,5,,,1,70,,29109,5,,,1,30,,29110,5,,,1,70,,29111,5,,,1,30,,29112,5,,,1,70,,29113,5,,,1,30,,29114,5,,,1,70,,29115,5,,,1,30,,29116,5,,,1,70,,29117,5,,,1,30,,29118,5,,,1,72,,29096,5,,,1,30,,29097,5,,,1,70,,29098,5,,,1,30,,29099,5,,,1,70,,29100,5,,,1,30,,29101,5,,,1,70,,29102,5,,,1,30,,29127,5,,,1,70,,29103,5,,,1,30,,29104,5,,,1,70,,29128,5,,,1
6100,'61-Sunday-10000001',831,,29134,5,,,1,70,,29133,5,,,1,30,,29132,5,,,1,70,,29131,5,,,1,31,,29130,5,,,1,70,,29129,5,,,1,30,,29143,5,,,1,70,,29142,5,,,1,30,,29141,5,,,1,70,,29140,5,,,1,30,,29139,5,,,1,70,,29138,5,,,1,30,,29137,5,,,1,70,,29136,5,,,1,30,,29135,5,,,1,70,,29157,5,,,1,30,,29155,5,,,1,70,,29156,5,,,1,30,,29154,5,,,1,70,,29153,5,,,1,24,,29152,5,,,1,30,,29151,5,,,1,70,,29150,5,,,1,30,,29148,5,,,1,70,,29147,5,,,1,30,,29146,5,,,1,70,,29145,5,,,1,30,,29144,5,,,1,70,,29149,5,,,1
6100,'61-Weekday-11111100',628,,29170,5,,,1,30,,29171,5,,,1,70,,29178,5,,,1,15,,29192,5,,,1,15,,29179,5,,,1,55,,29193,5,,,1,15,,29175,5,,,1,15,,29194,5,,,1,15,,29172,5,,,1,55,,29195,5,,,1,15,,29174,5,,,1,15,,29196,5,,,1,15,,29173,5,,,1,70,,29180,5,,,1,30,,29158,5,,,1,70,,29181,5,,,1,30,,29182,5,,,1,70,,29159,5,,,1,30,,29160,5,,,1,70,,29161,5,,,1,30,,29205,5,,,1,70,,29162,5,,,1,30,,29163,5,,,1,55,,29197,5,,,1,15,,29164,5,,,1,15,,29198,5,,,1,15,,29165,5,,,1,55,,29199,5,,,1,15,,29166,5,,,1,15,,29200,5,,,1,15,,29167,5,,,1,55,,29201,5,,,1,15,,29168,5,,,1,15,,29202,5,,,1,15,,29169,5,,,1,55,,29203,5,,,1,15,,29177,5,,,1,15,,29204,5,,,1,15,,29176,5,,,1,70,,29190,5,,,1,30,,29189,5,,,1,70,,29188,5,,,1,30,,29187,5,,,1,70,,29186,5,,,1,30,,29206,5,,,1,70,,29185,5,,,1,30,,29184,5,,,1,70,,29183,5,,,1
6101,'61-Holiday1-11111111',835,,29207,23,,,1,70,,29208,23,,,1,30,,29209,23,,,1,71,,29210,23,,,1,34,,29211,23,,,1,70,,29212,23,,,1,30,,29213,23,,,1,70,,29214,23,,,1,30,,29215,23,,,1,70,,29216,23,,,1,30,,29217,23,,,1,70,,29218,23,,,1,30,,29219,23,,,1,70,,29220,23,,,1,30,,29221,23,,,1,70,,29222,23,,,1,30,,29223,23,,,1,70,,29224,23,,,1,30,,29225,23,,,1,68,,29226,23,,,1,27,,29227,23,,,1,70,,29228,23,,,1,30,,29229,23,,,1,70,,29230,23,,,1,30,,29231,23,,,1,70,,29232,23,,,1,30,,29233,23,,,1,70,,29234,23,,,1,30,,29235,23,,,1
6101,'61-Saturday-10000010',707,,29259,23,,,1,30,,29260,23,,,1,70,,29261,23,,,1,28,,29270,16,,,1,2,,29262,23,,,1,69,,29263,23,,,1,31,,29264,23,,,1,70,,29265,23,,,1,30,,29266,23,,,1,70,,29269,23,,,1,30,,29267,23,,,1,70,,29268,23,,,1,30,,29239,23,,,1,70,,29238,23,,,1,30,,29240,23,,,1,70,,29237,23,,,1,30,,29241,23,,,1,70,,29242,23,,,1,30,,29243,23,,,1,70,,29244,23,,,1,30,,29245,23,,,1,70,,29246,23,,,1,30,,29258,23,,,1,71,,29257,23,,,1,30,,29256,23,,,1,70,,29255,23,,,1,30,,29254,23,,,1,70,,29253,23,,,1,30,,29252,23,,,1,70,,29251,23,,,1,30,,29250,23,,,1,70,,29249,23,,,1,30,,29248,23,,,1,70,,29247,23,,,1
6101,'61-Sunday-10000001',835,,29300,23,,,1,70,,29299,23,,,1,30,,29298,23,,,1,71,,29297,23,,,1,34,,29296,23,,,1,70,,29295,23,,,1,30,,29280,23,,,1,70,,29281,23,,,1,30,,29282,23,,,1,70,,29283,23,,,1,30,,29284,23,,,1,70,,29285,23,,,1,30,,29286,23,,,1,70,,29287,23,,,1,30,,29288,23,,,1,70,,29289,23,,,1,30,,29291,23,,,1,70,,29292,23,,,1,30,,29293,23,,,1,68,,29290,23,,,1,27,,29294,23,,,1,70,,29274,23,,,1,30,,29273,23,,,1,70,,29279,23,,,1,30,,29272,23,,,1,70,,29278,23,,,1,30,,29277,23,,,1,70,,29275,23,,,1,30,,29276,23,,,1
6101,'61-Weekday-11111100',636,,29324,23,,,1,69,,29330,23,,,1,17,,29346,23,,,1,15,,29331,23,,,1,15,,29340,23,,,1,55,,29332,23,,,1,15,,29345,23,,,1,15,,29333,23,,,1,15,,29336,23,,,1,55,,29334,23,,,1,15,,29342,23,,,1,15,,29335,23,,,1,15,,29339,23,,,1,55,,29327,23,,,1,30,,29328,23,,,1,70,,29329,23,,,1,30,,29326,23,,,1,70,,29325,23,,,1,30,,29303,23,,,1,70,,29304,23,,,1,30,,29305,23,,,1,70,,29306,23,,,1,32,,29307,23,,,1,18,,29344,23,,,1,55,,29308,23,,,1,15,,29338,23,,,1,15,,29309,23,,,1,15,,29347,23,,,1,55,,29310,23,,,1,15,,29348,23,,,1,15,,29311,23,,,1,15,,29349,23,,,1,55,,29312,23,,,1,15,,29337,23,,,1,15,,29313,23,,,1,15,,29341,23,,,1,54,,29314,23,,,1,11,,29343,23,,,1,15,,29315,23,,,1,70,,29316,23,,,1,15,,29350,23,,,1,15,,29317,23,,,1,70,,29318,23,,,1,30,,29319,23,,,1,70,,29320,23,,,1,30,,29351,23,,,1,70,,29321,23,,,1,28,,29322,23,,,1,70,,29323,23,,,1
20301,'203-Weekday-11111100',630,,30826,3,,,1,70,,30827,3,,,1,38,,30828,3,,,1,70,,30829,3,,,1,30,,30830,3,,,1,70,,30831,3,,,1,31,,30832,3,,,1,567,,30851,3,,,1,30,,30852,3,,,1,70,,30853,3,,,1,30,,30854,3,,,1,70,,30855,3,,,1,30,,30856,3,,,1,71,,30857,3,,,1
