600,'6-Holiday1-10000001',805,,22517,23,,,1,100,,22518,23,,,1,100,,22519,23,,,1,100,,22520,23,,,1,100,,22521,23,,,1,100,,22522,23,,,1,100,,22523,23,,,1,100,,22524,23,,,1,100,,22525,23,,,1,100,,22526,23,,,1,100,,22527,23,,,1,100,,22528,23,,,1,100,,22529,23,,,1,100,,22530,23,,,1,100,,22531,23,,,1,100,,22532,23,,,1,100,,22533,23,,,1
600,'6-Saturday-10000010',546,,22534,8,,,1,89,,22535,23,,,1,70,,22536,23,,,1,30,,22537,23,,,1,70,,22538,23,,,1,30,,22539,23,,,1,71,,22540,23,,,1,32,,22541,23,,,1,70,,22542,23,,,1,30,,22543,23,,,1,70,,22544,23,,,1,30,,22545,23,,,1,70,,22546,23,,,1,30,,22547,23,,,1,70,,22548,23,,,1,30,,22549,23,,,1,70,,22550,23,,,1,30,,22551,23,,,1,70,,22552,23,,,1,30,,22553,23,,,1,70,,22554,23,,,1,30,,22555,23,,,1,70,,22556,23,,,1,30,,22557,23,,,1,69,,22558,23,,,1,28,,22559,23,,,1,70,,22560,23,,,1,30,,22561,23,,,1,70,,22562,23,,,1,30,,22563,23,,,1,70,,22564,23,,,1,30,,22565,23,,,1,70,,22566,23,,,1,30,,22567,23,,,1,70,,22568,23,,,1,30,,22569,23,,,1,70,,22570,23,,,1,30,,22571,23,,,1
600,'6-Sunday-10000001',805,,22572,23,,,1,30,,22573,23,,,1,70,,22574,23,,,1,30,,22575,23,,,1,70,,22576,23,,,1,30,,22577,23,,,1,70,,22578,23,,,1,30,,22579,23,,,1,70,,22580,23,,,1,30,,22581,23,,,1,70,,22582,23,,,1,30,,22583,23,,,1,70,,22584,23,,,1,30,,22585,23,,,1,70,,22586,23,,,1,30,,22587,23,,,1,70,,22588,23,,,1,30,,22589,23,,,1,70,,22590,23,,,1,30,,22591,23,,,1,70,,22592,23,,,1,30,,22593,23,,,1,70,,22594,23,,,1,30,,22595,23,,,1,70,,22596,23,,,1,30,,22597,23,,,1,70,,22598,23,,,1,30,,22599,23,,,1,70,,22600,23,,,1,30,,22601,23,,,1,70,,22602,23,,,1,30,,22603,23,,,1,70,,22604,23,,,1
600,'6-Weekday-11111100',536,,22642,4,,,1,70,,22640,23,,,1,30,,22605,23,,,1,71,,22606,23,,,1,32,,22607,23,,,1,70,,22608,23,,,1,30,,22609,23,,,1,70,,22610,23,,,1,30,,22611,23,,,1,69,,22612,23,,,1,30,,22613,23,,,1,70,,22614,23,,,1,30,,22615,23,,,1,70,,22616,23,,,1,30,,22617,23,,,1,70,,22618,23,,,1,30,,22619,23,,,1,70,,22620,23,,,1,32,,22621,23,,,1,71,,22622,23,,,1,30,,22623,23,,,1,70,,22624,23,,,1,30,,22625,23,,,1,70,,22626,23,,,1,30,,22627,23,,,1,68,,22628,23,,,1,28,,22629,23,,,1,70,,22630,23,,,1,30,,22631,23,,,1,70,,22632,23,,,1,30,,22633,23,,,1,70,,22634,23,,,1,30,,22635,23,,,1,69,,22636,23,,,1,31,,22637,23,,,1,70,,22638,23,,,1,30,,22639,23,,,1,70,,22641,23,,,1
2000,'20-Holiday1-10000001',817,,25305,22,,,1,30,,25306,22,,,1,70,,25307,22,,,1,30,,25308,22,,,1,72,,25309,22,,,1,30,,25310,22,,,1,70,,25311,22,,,1,30,,25312,22,,,1,70,,25313,22,,,1,30,,25314,22,,,1,70,,25315,22,,,1,30,,25316,22,,,1,70,,25317,22,,,1,30,,25318,22,,,1,70,,25319,22,,,1,30,,25320,22,,,1,70,,25321,22,,,1,30,,25322,22,,,1,70,,25323,22,,,1,30,,25324,22,,,1,68,,25325,22,,,1,30,,25326,22,,,1,70,,25327,22,,,1,30,,25328,22,,,1,70,,25329,22,,,1,30,,25330,22,,,1,70,,25331,22,,,1,30,,25332,22,,,1,70,,25333,22,,,1,30,,25334,22,,,1,100,,25335,22,,,1
2000,'20-Saturday-10000010',622,,25336,22,,,1,30,,25337,22,,,1,70,,25338,22,,,1,30,,25339,22,,,1,70,,25340,22,,,1,30,,25341,22,,,1,73,,25342,22,,,1,30,,25343,22,,,1,70,,25344,22,,,1,30,,25345,22,,,1,70,,25346,22,,,1,30,,25347,22,,,1,70,,25348,22,,,1,30,,25349,22,,,1,70,,25350,22,,,1,30,,25351,22,,,1,70,,25352,22,,,1,30,,25353,22,,,1,70,,25354,22,,,1,30,,25355,22,,,1,70,,25356,22,,,1,30,,25357,22,,,1,70,,25358,22,,,1,30,,25359,22,,,1,67,,25360,22,,,1,30,,25361,22,,,1,70,,25362,22,,,1,30,,25363,22,,,1,70,,25364,22,,,1,30,,25365,22,,,1,70,,25366,22,,,1,30,,25367,22,,,1,70,,25368,22,,,1,30,,25369,22,,,1,70,,25370,22,,,1,30,,25371,22,,,1
2000,'20-Sunday-10000001',812,,25373,22,,,1,30,,25374,22,,,1,70,,25375,22,,,1,30,,25376,22,,,1,71,,25377,22,,,1,31,,25378,22,,,1,70,,25379,22,,,1,30,,25380,22,,,1,70,,25381,22,,,1,30,,25382,22,,,1,70,,25383,22,,,1,30,,25384,22,,,1,70,,25385,22,,,1,30,,25386,22,,,1,70,,25387,22,,,1,30,,25388,22,,,1,70,,25389,22,,,1,30,,25390,22,,,1,70,,25391,22,,,1,30,,25392,22,,,1,69,,25393,22,,,1,29,,25394,22,,,1,70,,25395,22,,,1,30,,25396,22,,,1,70,,25397,22,,,1,30,,25398,22,,,1,70,,25399,22,,,1,30,,25400,22,,,1,70,,25401,22,,,1,30,,25402,22,,,1,100,,25403,22,,,1
2000,'20-Weekday-11111100',548,,25416,22,,,1,70,,25417,22,,,1,15,,25443,22,,,1,15,,25418,22,,,1,75,,25440,22,,,1,30,,25439,22,,,1,70,,25406,22,,,1,30,,25407,22,,,1,70,,25408,22,,,1,29,,25441,22,,,1,70,,25419,22,,,1,30,,25420,22,,,1,70,,25421,22,,,1,30,,25422,22,,,1,70,,25423,22,,,1,30,,25424,22,,,1,70,,25425,22,,,1,30,,25426,22,,,1,70,,25427,22,,,1,81,,25409,22,,,1,30,,25410,22,,,1,70,,25411,22,,,1,30,,25412,22,,,1,70,,25413,22,,,1,30,,25414,22,,,1,70,,25415,22,,,1,17,,25428,22,,,1,30,,25442,22,,,1,70,,25429,22,,,1,30,,25430,22,,,1,70,,25431,22,,,1,30,,25432,22,,,1,70,,25433,22,,,1,30,,25434,22,,,1,68,,25435,22,,,1,30,,25436,22,,,1,70,,25437,22,,,1,30,,25438,22,,,1
3400,'34-Weekday-11111100',637,,27226,1,,,1,70,,27237,1,,,1,30,,27229,1,,,1,70,,27228,1,,,1,30,,27227,1,,,1,599,,27230,1,,,1,70,,27235,1,,,1,30,,27234,1,,,1,70,,27233,1,,,1,30,,27232,1,,,1,70,,27231,1,,,1,525,,27236,1,,,1
3500,'35-Weekday-11111100',637,,27250,23,4,,1,70,,27251,23,4,,1,30,,27253,23,4,,1,70,,27254,23,4,,1,30,,27255,23,4,,1,599,,27256,23,4,,1,70,,27257,23,4,,1,30,,27258,23,4,,1,70,,27259,23,4,,1,30,,27260,23,4,,1,70,,27252,23,4,,1,525,,27261,23,4,,1
