2201,'22-Saturday-10000010',632,,15047,2,,,1,70,,15048,2,,,1,30,,15049,2,,,1,70,,15050,2,,,1,30,,15051,2,,,1,70,,15052,2,,,1,30,,15053,2,,,1,70,,15054,2,,,1,30,,15055,2,,,1,70,,15056,2,,,1,30,,15057,2,,,1,70,,15058,2,,,1,30,,15059,2,,,1,70,,15060,2,,,1,30,,15061,2,,,1,70,,15062,2,,,1,30,,15063,2,,,1,70,,15064,2,,,1,30,,15065,2,,,1,70,,15066,2,,,1,30,,15067,2,,,1,70,,15068,2,,,1,30,,15069,2,,,1,70,,15070,2,,,1,30,,15071,2,,,1,70,,15072,2,,,1,30,,15073,2,,,1,70,,15074,2,,,1,30,,15075,2,,,1,70,,15076,2,,,1,30,,15077,2,,,1,70,,15078,2,,,1,100,,15079,2,,,1
2201,'22-Sunday-10000001',902,,15089,2,,,1,100,,15080,2,,,1,100,,15081,2,,,1,100,,15082,2,,,1,100,,15083,2,,,1,100,,15084,2,,,1,100,,15085,2,,,1,100,,15086,2,,,1,100,,15087,2,,,1,100,,15088,2,,,1,100,,15090,2,,,1
2201,'22-Weekday-11111100',559,,15121,2,,,1,70,,15091,2,,,1,30,,15092,2,,,1,73,,15093,2,,,1,74,,15094,2,,,1,30,,15095,2,,,1,70,,15096,2,,,1,29,,15097,2,,,1,68,,15098,2,,,1,30,,15099,2,,,1,70,,15100,2,,,1,30,,15101,2,,,1,70,,15102,2,,,1,30,,15103,2,,,1,70,,15104,2,,,1,30,,15105,2,,,1,70,,15106,2,,,1,30,,15107,2,,,1,71,,15108,2,,,1,31,,15109,2,,,1,70,,15110,2,,,1,30,,15111,2,,,1,70,,15112,2,,,1,30,,15113,2,,,1,70,,15114,2,,,1,27,,15115,2,,,1,70,,15116,2,,,1,30,,15117,2,,,1,70,,15118,2,,,1,30,,15122,2,,,1,70,,15119,2,,,1,30,,15123,2,,,1,70,,15120,2,,,1,28,,15125,2,,,1,70,,15124,2,,,1
2601,'26-Weekday-11111100',600,,15335,2,,,1,30,,15334,2,,,1,70,,15333,2,,,1,34,,15332,2,,,1,70,,15331,2,,,1,30,,15330,2,,,1,599,,15329,2,,,1,71,,15328,2,,,1,30,,15327,2,,,1,70,,15326,2,,,1,30,,15325,2,,,1,70,,15324,2,,,1,30,,15323,2,,,1,525,,15336,2,,,1
3301,'33-Saturday-10000010',655,,16353,5,,,1,70,,16354,5,,,1,30,,16355,5,,,1,70,,16356,5,,,1,30,,16357,5,,,1,71,,16358,5,,,1,30,,16359,5,,,1,70,,16360,5,,,1,30,,16361,5,,,1,70,,16362,5,,,1,30,,16363,5,,,1,70,,16364,5,,,1,30,,16365,5,,,1,70,,16366,5,,,1,30,,16367,5,,,1,70,,16368,5,,,1,30,,16369,5,,,1,70,,16370,5,,,1,30,,16371,5,,,1,70,,16372,5,,,1,30,,16373,5,,,1,70,,16374,5,,,1,30,,16375,5,,,1,69,,16376,5,,,1,30,,16377,5,,,1
3301,'33-Sunday-10000001',755,,16378,5,,,1,70,,16379,5,,,1,30,,16380,5,,,1,70,,16381,5,,,1,30,,16382,5,,,1,70,,16383,5,,,1,30,,16384,5,,,1,70,,16385,5,,,1,30,,16386,5,,,1,70,,16387,5,,,1,30,,16388,5,,,1,70,,16389,5,,,1,30,,16390,5,,,1,70,,16391,5,,,1,30,,16392,5,,,1,70,,16393,5,,,1,30,,16394,5,,,1,70,,16395,5,,,1,30,,16396,5,,,1,70,,16397,5,,,1,30,,16398,5,,,1,70,,16399,5,,,1,30,,16400,5,,,1
3301,'33-Weekday-11111100',544,,16401,5,,,1,70,,16402,5,,,1,30,,16403,5,,,1,73,,16404,5,,,1,34,,16405,5,,,1,70,,16406,5,,,1,30,,16407,5,,,1,70,,16408,5,,,1,28,,16409,5,,,1,68,,16410,5,,,1,30,,16411,5,,,1,70,,16412,5,,,1,31,,16413,5,,,1,70,,16414,5,,,1,30,,16415,5,,,1,70,,16416,5,,,1,30,,16417,5,,,1,70,,16418,5,,,1,32,,16419,5,,,1,71,,16420,5,,,1,30,,16421,5,,,1,70,,16422,5,,,1,30,,16423,5,,,1,70,,16424,5,,,1,30,,16425,5,,,1,66,,16426,5,,,1,28,,16427,5,,,1,70,,16433,5,,,1,30,,16428,5,,,1,70,,16429,5,,,1,30,,16434,5,,,1,70,,16430,5,,,1,30,,16435,5,,,1,70,,16431,5,,,1,28,,16432,5,,,1,70,,16436,5,,,1
20100,'201-Holiday1-10000001',700,,19239,9,,,1,30,,19240,9,,,1,70,,19241,9,,,1,30,,19242,9,,,1,70,,19243,9,,,1,30,,19244,9,,,1,70,,19245,9,,,1,31,,19246,9,,,1,70,,19238,9,,,1,30,,19247,9,,,1,70,,19248,9,,,1,30,,19249,9,,,1,70,,19250,9,,,1,30,,19251,9,,,1,70,,19252,9,,,1,30,,19253,9,,,1,70,,19254,9,,,1,30,,19255,9,,,1,70,,19256,9,,,1,30,,19257,9,,,1,70,,19258,9,,,1,30,,19259,9,,,1,70,,19260,9,,,1,29,,19261,9,,,1,70,,19262,9,,,1,30,,19263,9,,,1,70,,19264,9,,,1,30,,19265,9,,,1,70,,19266,9,,,1,30,,19267,9,,,1,70,,19268,9,,,1,30,,19269,9,,,1,70,,19270,9,,,1,30,,19271,9,,,1,70,,19272,9,,,1
20100,'201-Saturday-10000010',636,,19308,2,,,1,65,,19273,9,,,1,30,,19274,9,,,1,70,,19275,9,,,1,30,,19276,9,,,1,70,,19277,9,,,1,31,,19278,9,,,1,70,,19279,9,,,1,30,,19280,9,,,1,70,,19281,9,,,1,30,,19282,9,,,1,70,,19283,9,,,1,30,,19284,9,,,1,70,,19285,9,,,1,30,,19286,9,,,1,70,,19287,9,,,1,30,,19288,9,,,1,70,,19289,9,,,1,30,,19290,9,,,1,70,,19291,9,,,1,30,,19292,9,,,1,70,,19293,9,,,1,30,,19294,9,,,1,70,,19295,9,,,1,29,,19296,9,,,1,70,,19297,9,,,1,30,,19298,9,,,1,70,,19299,9,,,1,30,,19300,9,,,1,70,,19301,9,,,1,30,,19302,9,,,1,70,,19303,9,,,1,30,,19304,9,,,1,70,,19305,9,,,1,30,,19306,9,,,1,70,,19307,9,,,1
20100,'201-Sunday-10000001',700,,19310,9,,,1,30,,19311,9,,,1,70,,19312,9,,,1,30,,19313,9,,,1,70,,19314,9,,,1,30,,19315,9,,,1,70,,19316,9,,,1,31,,19317,9,,,1,70,,19309,9,,,1,30,,19318,9,,,1,70,,19319,9,,,1,30,,19320,9,,,1,70,,19321,9,,,1,30,,19322,9,,,1,70,,19323,9,,,1,30,,19324,9,,,1,70,,19325,9,,,1,30,,19326,9,,,1,70,,19327,9,,,1,30,,19328,9,,,1,70,,19329,9,,,1,30,,19330,9,,,1,70,,19331,9,,,1,29,,19332,9,,,1,70,,19333,9,,,1,30,,19334,9,,,1,70,,19335,9,,,1,30,,19336,9,,,1,70,,19337,9,,,1,30,,19338,9,,,1,70,,19339,9,,,1,30,,19340,9,,,1,70,,19341,9,,,1,30,,19342,9,,,1,70,,19343,9,,,1
20100,'201-Weekday-11111100',516,,19378,2,,,1,20,,19419,2,,,1,16,,19379,9,,,1,55,,19380,9,,,1,15,,19377,9,,,1,15,,19381,9,,,1,15,,19376,9,,,1,55,,19382,9,,,1,15,,19375,9,,,1,10,,19407,9,,,1,10,,19383,9,,,1,10,,19371,9,,,1,50,,19408,9,,,1,10,,19384,9,,,1,10,,19372,9,,,1,10,,19409,9,,,1,10,,19385,9,,,1,10,,19369,9,,,1,50,,19410,9,,,1,10,,19386,9,,,1,10,,19368,9,,,1,10,,19411,9,,,1,11,,19387,9,,,1,10,,19344,9,,,1,50,,19423,9,,,1,10,,19388,9,,,1,10,,19345,9,,,1,10,,19424,9,,,1,10,,19389,9,,,1,10,,19346,9,,,1,50,,19425,9,,,1,10,,19390,9,,,1,10,,19347,9,,,1,10,,19426,9,,,1,10,,19391,9,,,1,10,,19348,9,,,1,50,,19427,9,,,1,10,,19392,9,,,1,10,,19349,9,,,1,10,,19428,9,,,1,10,,19393,9,,,1,10,,19350,9,,,1,50,,19429,9,,,1,10,,19394,9,,,1,10,,19351,9,,,1,10,,19430,9,,,1,10,,19395,9,,,1,10,,19352,9,,,1,50,,19431,9,,,1,10,,19396,9,,,1,10,,19353,9,,,1,10,,19432,9,,,1,11,,19397,9,,,1,61,,19370,9,,,1,10,,19412,9,,,1,10,,19406,9,,,1,10,,19398,9,,,1,10,,19413,9,,,1,10,,19374,9,,,1,50,,19354,9,,,1,10,,19414,9,,,1,10,,19399,9,,,1,10,,19400,9,,,1,10,,19415,9,,,1,10,,19355,9,,,1,50,,19401,9,,,1,10,,19416,9,,,1,10,,19373,9,,,1,10,,19402,9,,,1,10,,19417,9,,,1,10,,19356,9,,,1,50,,19403,9,,,1,10,,19418,9,,,1,9,,19357,9,,,1,10,,19404,9,,,1,15,,19437,9,,,1,55,,19405,9,,,1,15,,19420,9,,,1,15,,19358,9,,,1,15,,19421,9,,,1,55,,19359,9,,,1,15,,19422,9,,,1,15,,19360,9,,,1,15,,19433,9,,,1,55,,19361,9,,,1,15,,19434,9,,,1,15,,19362,9,,,1,15,,19435,9,0,15 16,1,55,,19363,9,,,1,13,,19436,9,,,1,30,,19364,9,,,1,70,,19365,9,,,1,35,,19366,9,,,1,70,,19367,9,,,1
