5300,'53-Holiday1-10000001',851,,28007,31,,,1,100,,28008,31,,,1,104,,28009,31,,,1,100,,28010,31,,,1,100,,28011,31,,,1,100,,28012,31,,,1,100,,28013,31,,,1,100,,28014,31,,,1,100,,28015,31,,,1,100,,28016,31,,,1,96,,28017,31,,,1,100,,28018,31,,,1,100,,28019,31,,,1,100,,28020,31,,,1,100,,28021,31,,,1,100,,28022,31,,,1
5300,'53-Saturday-10000010',724,,28023,31,,,1,30,,28024,31,,,1,70,,28025,31,,,1,30,,28026,31,,,1,71,,28027,31,,,1,30,,28028,31,,,1,70,,28029,31,,,1,30,,28030,31,,,1,70,,28031,31,,,1,30,,28032,31,,,1,70,,28033,31,,,1,30,,28034,31,,,1,70,,28035,31,,,1,30,,28036,31,,,1,70,,28037,31,,,1,30,,28038,31,,,1,70,,28039,31,,,1,30,,28040,31,,,1,70,,28041,31,,,1,30,,28042,31,,,1,70,,28043,31,,,1,30,,28044,31,,,1,69,,28045,31,,,1,30,,28046,31,,,1,100,,28047,31,,,1,100,,28048,31,,,1,100,,28049,31,,,1,100,,28050,31,,,1,100,,28051,31,,,1
5300,'53-Sunday-10000001',821,,28052,31,,,1,100,,28053,31,,,1,104,,28054,31,,,1,30,,28055,31,,,1,70,,28056,31,,,1,30,,28057,31,,,1,70,,28058,31,,,1,30,,28059,31,,,1,70,,28060,31,,,1,30,,28061,31,,,1,70,,28062,31,,,1,30,,28063,31,,,1,70,,28064,31,,,1,30,,28065,31,,,1,70,,28066,31,,,1,30,,28067,31,,,1,70,,28068,31,,,1,30,,28069,31,,,1,96,,28070,31,,,1,100,,28071,31,,,1,100,,28072,31,,,1,100,,28073,31,,,1,100,,28074,31,,,1,100,,28075,31,,,1
5300,'53-Weekday-11111100',628,,28103,36,,,1,30,,28104,36,,,1,70,,28105,36,,,1,30,,28106,36,,,1,70,,28107,36,,,1,27,,28092,31,,,1,70,,28093,31,,,1,30,,28094,31,,,1,70,,28085,31,,,1,30,,28086,31,,,1,70,,28087,31,,,1,30,,28088,31,,,1,70,,28089,31,,,1,30,,28090,31,,,1,70,,28091,31,,,1,30,,28110,31,,,1,81,,28095,36,,,1,74,,28111,36,,,1,30,,28098,36,,,1,70,,28102,36,,,1,30,,28101,36,,,1,70,,28100,36,,,1,30,,28099,36,,,1,69,,28108,36,,,1,19,,28109,36,,,1,25,,28084,31,,,1,70,,28078,31,,,1,30,,28079,31,,,1,70,,28080,31,,,1,30,,28081,31,,,1,70,,28077,31,,,1,30,,28076,31,,,1,72,,28097,36,,,1,30,,28096,36,,,1,64,,28082,31,,,1,30,,28083,31,,,1
5800,'58-Holiday1-11111111',834,,28761,22,,,1,100,,28760,22,,,1,101,,28759,22,,,1,100,,28758,22,,,1,100,,28757,22,,,1,100,,28756,22,,,1,100,,28755,22,,,1,100,,28754,22,,,1,100,,28753,22,,,1,100,,28752,22,,,1,99,,28751,22,,,1,100,,28750,22,,,1,100,,28749,22,,,1,100,,28748,22,,,1,100,,28747,22,,,1,100,,28746,22,,,1
5800,'58-Saturday-10000010',734,,28768,22,,,1,70,,28767,22,,,1,30,,28766,22,,,1,70,,28765,22,,,1,30,,28764,22,,,1,70,,28763,22,,,1,30,,28762,22,,,1,70,,28783,22,,,1,30,,28782,22,,,1,70,,28781,22,,,1,30,,28780,22,,,1,70,,28779,22,,,1,30,,28778,22,,,1,70,,28777,22,,,1,30,,28776,22,,,1,70,,28775,22,,,1,30,,28774,22,,,1,70,,28773,22,,,1,30,,28772,22,,,1,70,,28771,22,,,1,30,,28770,22,,,1,70,,28769,22,,,1,30,,28789,22,,,1,100,,28788,22,,,1,100,,28787,22,,,1,100,,28786,22,,,1,100,,28785,22,,,1,100,,28784,22,,,1
5800,'58-Sunday-10000001',904,,28790,22,,,1,100,,28792,22,,,1,101,,28791,22,,,1,30,,28807,22,,,1,70,,28806,22,,,1,30,,28805,22,,,1,70,,28804,22,,,1,30,,28803,22,,,1,70,,28802,22,,,1,30,,28801,22,,,1,70,,28800,22,,,1,30,,28799,22,,,1,70,,28798,22,,,1,30,,28797,22,,,1,70,,28796,22,,,1,30,,28795,22,,,1,70,,28794,22,,,1,29,,28793,22,,,1,100,,28812,22,,,1,100,,28811,22,,,1,100,,28810,22,,,1,100,,28809,22,,,1,100,,28808,22,,,1
5800,'58-Weekday-11111100',553,,28813,22,,,1,70,,28814,22,,,1,25,,28815,22,,,1,70,,28816,22,,,1,31,,28817,22,,,1,70,,28818,22,,,1,30,,28819,22,,,1,70,,28820,22,,,1,30,,28821,22,,,1,70,,28822,22,,,1,30,,28823,22,,,1,70,,28824,22,,,1,30,,28825,22,,,1,70,,28826,22,,,1,30,,28827,22,,,1,70,,28828,22,,,1,30,,28829,22,,,1,70,,28849,22,,,1,86,,28830,22,,,1,30,,28831,22,,,1,70,,28832,22,,,1,30,,28833,22,,,1,70,,28834,22,,,1,30,,28835,22,,,1,70,,28836,22,,,1,13,,28837,22,,,1,30,,28838,22,,,1,70,,28839,22,,,1,30,,28840,22,,,1,70,,28841,22,,,1,30,,28842,22,,,1,70,,28843,22,,,1,30,,28844,22,,,1,68,,28845,22,,,1,15,,28846,22,,,1,70,,28847,22,,,1,30,,28848,22,,,1
6501,'65-Holiday1-10000001',838,,29704,19,,,1,81,,29705,19,,,1,85,,29706,19,,,1,46,,29707,19,,,1,85,,29708,19,,,1,85,,29709,19,,,1,85,,29710,19,,,1,45,,29711,19,,,1,85,,29712,19,,,1,85,,29713,19,,,1,85,,29714,19,,,1,45,,29715,19,,,1,85,,29716,19,,,1,85,,29717,19,,,1,85,,29718,19,,,1,45,,29719,19,,,1,85,,29720,19,,,1,85,,29721,19,,,1,85,,29722,19,,,1
6501,'65-Saturday-10000010',719,,29723,19,,,1,30,,29724,19,,,1,70,,29725,19,,,1,30,,29726,19,,,1,72,,29727,19,,,1,31,,29728,19,,,1,70,,29729,19,,,1,30,,29730,19,,,1,70,,29731,19,,,1,30,,29732,19,,,1,70,,29733,19,,,1,30,,29734,19,,,1,70,,29735,19,,,1,30,,29736,19,,,1,70,,29737,19,,,1,30,,29738,19,,,1,70,,29739,19,,,1,30,,29740,19,,,1,70,,29741,19,,,1,30,,29742,19,,,1,70,,29743,19,,,1,30,,29744,19,,,1,69,,29745,19,,,1,29,,29746,19,,,1,85,,29747,19,,,1,85,,29748,19,,,1,85,,29749,19,,,1,45,,29750,19,,,1,85,,29751,19,,,1,85,,29752,19,,,1
6501,'65-Sunday-10000001',849,,29753,19,,,1,70,,29754,19,,,1,30,,29786,19,,,1,71,,29755,19,,,1,22,,29778,19,,,1,8,,29756,19,,,1,70,,29757,19,,,1,22,,29779,19,,,1,8,,29758,19,,,1,70,,29759,19,,,1,22,,29780,19,,,1,8,,29760,19,,,1,70,,29761,19,,,1,22,,29781,19,,,1,8,,29762,19,,,1,70,,29763,19,,,1,22,,29782,19,,,1,8,,29764,19,,,1,70,,29765,19,,,1,22,,29783,19,,,1,8,,29766,19,,,1,70,,29767,19,,,1,22,,29784,19,,,1,8,,29768,19,,,1,70,,29769,19,,,1,22,,29785,19,,,1,8,,29770,19,,,1,70,,29771,19,,,1,30,,29772,19,,,1,85,,29773,19,,,1,85,,29774,19,,,1,85,,29775,19,,,1,45,,29776,19,,,1,85,,29777,19,,,1
6501,'65-Weekday-11111100',549,,29787,19,,,1,70,,29788,19,,,1,30,,29789,19,,,1,72,,29790,19,,,1,32,,29791,19,,,1,70,,29792,19,,,1,30,,29793,19,,,1,70,,29794,19,,,1,29,,29795,19,,,1,70,,29796,19,,,1,30,,29797,19,,,1,70,,29798,19,,,1,30,,29799,19,,,1,70,,29800,19,,,1,30,,29801,19,,,1,70,,29802,19,,,1,30,,29803,19,,,1,70,,29804,19,,,1,78,,29805,19,,,1,32,,29806,19,,,1,70,,29807,19,,,1,30,,29808,19,,,1,70,,29809,19,,,1,30,,29810,19,,,1,70,,29811,19,,,1,26,,29812,19,,,1,22,,29813,19,,,1,70,,29814,19,,,1,30,,29815,19,,,1,70,,29816,19,,,1,30,,29817,19,,,1,70,,29818,19,,,1,30,,29819,19,,,1,69,,29820,19,,,1,28,,29821,19,,,1,70,,29822,19,,,1,30,,29823,19,,,1
6701,'67-Weekday-11111100',648,,29854,41,,,1,70,,29845,41,,,1,30,,29844,41,,,1,70,,29842,41,,,1,30,,29857,41,,,1,70,,29843,41,,,1,534,,29850,41,,,1,70,,29849,41,,,1,30,,29848,41,,,1,70,,29847,41,,,1,30,,29846,41,,,1,70,,29855,41,,,1,30,,29851,41,,,1,70,,29858,41,,,1,429,,29853,41,,,1,70,,29856,41,,,1,30,,29852,41,,,1
