101,'1-Holiday1-10000001',803,,21849,2,,,1,100,,21850,2,,,1,30,,21851,2,,,1,70,,21852,2,,,1,30,,21853,2,,,1,70,,21854,2,,,1,30,,21855,2,,,1,70,,21856,2,,,1,30,,21857,2,,,1,70,,21858,2,,,1,30,,21859,2,,,1,70,,21860,2,,,1,30,,21861,2,,,1,70,,21862,2,,,1,30,,21863,2,,,1,70,,21864,2,,,1,30,,21865,2,,,1,70,,21866,2,,,1,30,,21867,2,,,1,70,,21868,2,,,1,100,,21869,2,,,1,100,,21870,2,,,1,100,,21871,2,,,1,100,,21872,2,,,1,100,,21873,2,,,1,100,,21874,2,,,1
101,'1-Saturday-10000010',603,,21875,2,,,1,30,,21876,2,,,1,70,,21877,2,,,1,30,,21878,2,,,1,70,,21879,2,,,1,30,,21880,2,,,1,70,,21881,2,,,1,30,,21882,2,,,1,70,,21883,2,,,1,30,,21884,2,,,1,70,,21885,2,,,1,30,,21886,2,,,1,70,,21887,2,,,1,30,,21888,2,,,1,70,,21889,2,,,1,30,,21890,2,,,1,70,,21891,2,,,1,30,,21892,2,,,1,70,,21893,2,,,1,30,,21894,2,,,1,70,,21895,2,,,1,30,,21896,2,,,1,70,,21897,2,,,1,30,,21898,2,,,1,70,,21899,2,,,1,30,,21900,2,,,1,70,,21901,2,,,1,30,,21902,2,,,1,70,,21903,2,,,1,30,,21904,2,,,1,70,,21905,2,,,1,30,,21906,2,,,1,70,,21907,2,,,1,30,,21908,2,,,1,70,,21909,2,,,1,100,,21910,2,,,1
101,'1-Sunday-10000001',803,,21911,2,,,1,100,,21912,2,,,1,30,,21913,2,,,1,70,,21914,2,,,1,30,,21915,2,,,1,70,,21916,2,,,1,30,,21917,2,,,1,70,,21918,2,,,1,30,,21919,2,,,1,70,,21920,2,,,1,30,,21921,2,,,1,70,,21922,2,,,1,30,,21923,2,,,1,70,,21924,2,,,1,30,,21925,2,,,1,70,,21926,2,,,1,30,,21927,2,,,1,70,,21928,2,,,1,30,,21929,2,,,1,70,,21930,2,,,1,100,,21931,2,,,1,100,,21932,2,,,1,100,,21933,2,,,1,100,,21934,2,,,1,100,,21935,2,,,1,100,,21936,2,,,1
101,'1-Weekday-11111100',547,,21973,2,,,1,55,,21971,2,,,1,30,,21972,2,,,1,71,,21937,2,,,1,30,,21938,2,,,1,70,,21939,2,,,1,30,,21940,2,,,1,70,,21941,2,,,1,30,,21942,2,,,1,70,,21951,2,,,1,30,,21952,2,,,1,70,,21953,2,,,1,30,,21954,2,,,1,70,,21955,2,,,1,30,,21956,2,,,1,70,,21957,2,,,1,30,,21958,2,,,1,70,,21959,2,,,1,30,,21943,2,,,1,70,,21944,2,,,1,30,,21945,2,,,1,70,,21946,2,,,1,30,,21947,2,,,1,70,,21948,2,,,1,30,,21949,2,,,1,70,,21950,2,,,1,30,,21960,2,,,1,70,,21961,2,,,1,30,,21962,2,,,1,70,,21963,2,,,1,30,,21964,2,,,1,70,,21965,2,,,1,30,,21966,2,,,1,70,,21967,2,,,1,30,,21968,2,,,1,70,,21969,2,,,1,100,,21970,2,,,1
800,'8-Holiday1-10000001',732,,23285,2,,,1,70,,23252,2,,,1,30,,23253,2,,,1,70,,23254,2,,,1,30,,23255,2,,,1,70,,23256,2,,,1,30,,23257,2,,,1,70,,23258,2,,,1,30,,23259,2,,,1,70,,23260,2,,,1,30,,23261,2,,,1,70,,23262,2,,,1,30,,23263,2,,,1,70,,23264,2,,,1,30,,23265,2,,,1,70,,23266,2,,,1,30,,23267,2,,,1,70,,23268,2,,,1,30,,23269,2,,,1,70,,23270,2,,,1,30,,23271,2,,,1,70,,23272,2,,,1,30,,23273,2,,,1,70,,23274,2,,,1,30,,23275,2,,,1,70,,23276,2,,,1,30,,23277,2,,,1,70,,23278,2,,,1,30,,23279,2,,,1,70,,23280,2,,,1,30,,23281,2,,,1,70,,23282,2,,,1,30,,23283,2,,,1,70,,23284,2,,,1
800,'8-Saturday-10000010',632,,23286,2,,,1,70,,23287,2,,,1,30,,23288,2,,,1,70,,23289,2,,,1,30,,23290,2,,,1,70,,23291,2,,,1,30,,23292,2,,,1,70,,23293,2,,,1,30,,23294,2,,,1,70,,23295,2,,,1,30,,23296,2,,,1,70,,23297,2,,,1,30,,23298,2,,,1,70,,23299,2,,,1,30,,23300,2,,,1,70,,23301,2,,,1,30,,23302,2,,,1,70,,23303,2,,,1,30,,23304,2,,,1,70,,23305,2,,,1,30,,23306,2,,,1,70,,23307,2,,,1,30,,23308,2,,,1,70,,23309,2,,,1,30,,23310,2,,,1,70,,23311,2,,,1,30,,23312,2,,,1,70,,23313,2,,,1,30,,23314,2,,,1,70,,23315,2,,,1,30,,23316,2,,,1,70,,23317,2,,,1,30,,23318,2,,,1,70,,23319,2,,,1,30,,23320,2,,,1,70,,23321,2,,,1
800,'8-Sunday-10000001',702,,23356,2,,,1,30,,23355,2,,,1,70,,23322,2,,,1,30,,23323,2,,,1,70,,23324,2,,,1,30,,23325,2,,,1,70,,23326,2,,,1,30,,23327,2,,,1,70,,23328,2,,,1,30,,23329,2,,,1,70,,23330,2,,,1,30,,23331,2,,,1,70,,23332,2,,,1,30,,23333,2,,,1,70,,23334,2,,,1,30,,23335,2,,,1,70,,23336,2,,,1,30,,23337,2,,,1,70,,23338,2,,,1,30,,23339,2,,,1,70,,23340,2,,,1,30,,23341,2,,,1,70,,23342,2,,,1,30,,23343,2,,,1,70,,23344,2,,,1,30,,23345,2,,,1,70,,23346,2,,,1,30,,23347,2,,,1,70,,23348,2,,,1,30,,23349,2,,,1,70,,23350,2,,,1,30,,23351,2,,,1,70,,23352,2,,,1,30,,23353,2,,,1,70,,23354,2,,,1
800,'8-Weekday-11111100',602,,23357,2,,,1,30,,23358,2,,,1,20,,23406,2,,,1,55,,23359,2,,,1,15,,23360,2,,,1,15,,23361,2,,,1,15,,23362,2,,,1,55,,23363,2,,,1,15,,23364,2,,,1,15,,23365,2,,,1,15,,23366,2,,,1,55,,23367,2,,,1,15,,23368,2,,,1,15,,23369,2,,,1,15,,23417,2,,,1,55,,23370,2,,,1,15,,23409,2,,,1,15,,23371,2,,,1,15,,23410,2,,,1,55,,23372,2,,,1,15,,23411,2,,,1,15,,23373,2,,,1,15,,23412,2,,,1,55,,23374,2,,,1,15,,23413,2,,,1,15,,23375,2,,,1,15,,23414,2,,,1,55,,23376,2,,,1,15,,23415,2,,,1,15,,23377,2,,,1,15,,23416,2,,,1,55,,23378,2,,,1,15,,23408,2,,,1,16,,23379,2,,,1,15,,23380,2,,,1,55,,23381,2,,,1,15,,23382,2,,,1,15,,23383,2,,,1,15,,23384,2,,,1,55,,23385,2,,,1,15,,23386,2,,,1,15,,23387,2,,,1,15,,23388,2,,,1,55,,23389,2,,,1,15,,23390,2,,,1,15,,23391,2,,,1,15,,23392,2,,,1,59,,23393,2,,,1,20,,23394,2,,,1,15,,23420,2,,,1,55,,23395,2,,,1,15,,23421,2,,,1,15,,23396,2,,,1,15,,23422,2,,,1,55,,23397,2,,,1,15,,23423,2,,,1,15,,23398,2,,,1,15,,23419,2,,,1,55,,23399,2,,,1,15,,23424,2,,,1,15,,23400,2,,,1,15,,23425,2,,,1,55,,23401,2,,,1,30,,23402,2,,,1,70,,23403,2,,,1,30,,23404,2,,,1,70,,23405,2,,,1,30,,23418,2,,,1
2300,'23-Saturday-10000010',647,,25904,2,,,1,70,,25905,2,,,1,30,,25906,2,,,1,70,,25907,2,,,1,30,,25908,2,,,1,70,,25909,2,,,1,30,,25910,2,,,1,70,,25911,2,,,1,30,,25912,2,,,1,70,,25913,2,,,1,30,,25914,2,,,1,70,,25915,2,,,1,30,,25916,2,,,1,70,,25917,2,,,1,30,,25918,2,,,1,70,,25919,2,,,1,30,,25920,2,,,1,70,,25921,2,,,1,30,,25922,2,,,1,70,,25923,2,,,1,30,,25924,2,,,1,70,,25925,2,,,1,30,,25926,2,,,1,70,,25927,2,,,1,30,,25928,2,,,1,70,,25929,2,,,1,30,,25930,2,,,1,70,,25931,2,,,1,30,,25932,2,,,1,70,,25933,2,,,1
2300,'23-Sunday-10000001',717,,25935,2,,,1,30,,25936,2,,,1,70,,25937,2,,,1,30,,25938,2,,,1,70,,25939,2,,,1,30,,25940,2,,,1,70,,25941,2,,,1,30,,25942,2,,,1,70,,25943,2,,,1,30,,25934,2,,,1,70,,25944,2,,,1,30,,25945,2,,,1,70,,25946,2,,,1,30,,25947,2,,,1,70,,25948,2,,,1,30,,25949,2,,,1,70,,25950,2,,,1,30,,25951,2,,,1,70,,25952,2,,,1,30,,25953,2,,,1,70,,25954,2,,,1,30,,25955,2,,,1,70,,25956,2,,,1,30,,25957,2,,,1,70,,25958,2,,,1,30,,25959,2,,,1,70,,25960,2,,,1,30,,25961,2,,,1
2300,'23-Weekday-11111100',547,,25994,2,,,1,70,,25993,2,,,1,30,,25992,2,,,1,70,,25991,2,,,1,30,,25990,2,,,1,70,,25989,2,,,1,30,,25988,2,,,1,70,,25987,2,,,1,30,,25986,2,,,1,70,,25985,2,,,1,30,,25984,2,,,1,70,,25983,2,,,1,30,,25982,2,,,1,70,,25981,2,,,1,30,,25980,2,,,1,70,,25979,2,,,1,30,,25978,2,,,1,70,,25977,2,,,1,30,,25976,2,,,1,70,,25975,2,,,1,30,,25974,2,,,1,70,,25973,2,,,1,30,,25972,2,,,1,70,,25971,2,,,1,30,,25970,2,,,1,70,,25969,2,,,1,30,,25968,2,,,1,70,,25967,2,,,1,30,,25966,2,,,1,70,,25965,2,,,1,30,,25964,2,,,1,70,,25963,2,,,1,30,,25995,2,,,1,70,,25962,2,,,1
2700,'27-Holiday1-10000001',732,,26142,2,,,1,70,,26143,2,,,1,30,,26144,2,,,1,70,,26145,2,,,1,30,,26140,2,,,1,70,,26128,2,,,1,30,,26138,2,,,1,70,,26127,2,,,1,30,,26131,2,,,1,70,,26126,2,,,1,30,,26139,2,,,1,70,,26125,2,,,1,30,,26130,2,,,1,70,,26124,2,,,1,30,,26137,2,,,1,70,,26123,2,,,1,30,,26115,2,,,1,70,,26122,2,,,1,30,,26129,2,,,1,70,,26121,2,,,1,30,,26134,2,,,1,70,,26120,2,,,1,30,,26136,2,,,1,70,,26119,2,,,1,30,,26132,2,,,1,70,,26118,2,,,1,30,,26135,2,,,1,70,,26116,2,,,1,30,,26133,2,,,1,70,,26141,2,,,1,30,,26117,2,,,1
2700,'27-Saturday-10000010',637,,26175,2,,,1,75,,26146,2,,,1,35,,26149,2,,,1,75,,26147,2,,,1,35,,26148,2,,,1,75,,26150,2,,,1,75,,26151,2,,,1,35,,26152,2,,,1,75,,26153,2,,,1,35,,26154,2,,,1,75,,26155,2,,,1,75,,26156,2,,,1,35,,26157,2,,,1,75,,26158,2,,,1,35,,26159,2,,,1,75,,26160,2,,,1,35,,26161,2,,,1,75,,26162,2,,,1,75,,26163,2,,,1,35,,26164,2,,,1,75,,26165,2,,,1,35,,26166,2,,,1,75,,26167,2,,,1,75,,26168,2,,,1,35,,26169,2,,,1,75,,26170,2,,,1,35,,26171,2,,,1,75,,26172,2,,,1,35,,26173,2,,,1,75,,26174,2,,,1
2700,'27-Sunday-10000001',712,,26176,2,,,1,35,,26177,2,,,1,75,,26178,2,,,1,35,,26179,2,,,1,75,,26180,2,,,1,75,,26181,2,,,1,35,,26182,2,,,1,75,,26183,2,,,1,35,,26184,2,,,1,75,,26185,2,,,1,75,,26186,2,,,1,35,,26187,2,,,1,75,,26188,2,,,1,35,,26189,2,,,1,75,,26190,2,,,1,35,,26191,2,,,1,75,,26192,2,,,1,75,,26193,2,,,1,35,,26194,2,,,1,75,,26195,2,,,1,35,,26196,2,,,1,75,,26197,2,,,1,75,,26198,2,,,1,35,,26199,2,,,1,75,,26200,2,,,1,35,,26201,2,,,1,75,,26202,2,,,1,35,,26203,2,,,1
2700,'27-Weekday-11111100',532,,26231,2,,,1,70,,26204,2,,,1,35,,26205,2,,,1,75,,26206,2,,,1,35,,26207,2,,,1,75,,26208,2,,,1,35,,26209,2,,,1,75,,26210,2,,,1,75,,26211,2,,,1,35,,26212,2,,,1,75,,26213,2,,,1,35,,26214,2,,,1,75,,26215,2,,,1,75,,26216,2,,,1,35,,26217,2,,,1,75,,26218,2,,,1,35,,26219,2,,,1,75,,26220,2,,,1,35,,26221,2,,,1,75,,26222,2,,,1,75,,26223,2,,,1,35,,26224,2,,,1,75,,26225,2,,,1,35,,26226,2,,,1,75,,26227,2,,,1,75,,26228,2,,,1,35,,26229,2,,,1,75,,26230,2,,,1,35,,26232,2,,,1,75,,26233,2,,,1,35,,26234,2,,,1,75,,26235,2,,,1
