1301,'13-Holiday1-10000001',823,,13807,2,,,1,100,,13808,2,,,1,100,,13809,2,,,1,100,,13810,2,,,1,100,,13811,2,,,1,100,,13812,2,,,1,100,,13813,2,,,1,100,,13814,2,,,1,100,,13815,2,,,1,100,,13816,2,,,1,100,,13817,2,,,1,100,,13818,2,,,1,100,,13819,2,,,1,100,,13820,2,,,1,100,,13821,2,,,1,100,,13822,2,,,1
1301,'13-Saturday-10000010',653,,13824,2,,,1,70,,13825,2,,,1,30,,13826,2,,,1,70,,13827,2,,,1,30,,13828,2,,,1,71,,13829,2,,,1,30,,13830,2,,,1,70,,13831,2,,,1,30,,13832,2,,,1,70,,13833,2,,,1,30,,13823,2,,,1,70,,13834,2,,,1,30,,13835,2,,,1,70,,13836,2,,,1,30,,13837,2,,,1,70,,13838,2,,,1,30,,13839,2,,,1,70,,13840,2,,,1,30,,13841,2,,,1,70,,13842,2,,,1,30,,13843,2,,,1,70,,13844,2,,,1,30,,13845,2,,,1,69,,13846,2,,,1,30,,13847,2,,,1,70,,13848,2,,,1,30,,13856,2,,,1,70,,13849,2,,,1,30,,13850,2,,,1,70,,13851,2,,,1,30,,13852,2,,,1,70,,13853,2,,,1,30,,13854,2,,,1,70,,13855,2,,,1,30,,13857,2,,,1
1301,'13-Sunday-10000001',753,,13890,2,,,1,70,,13858,2,,,1,30,,13859,2,,,1,70,,13860,2,,,1,30,,13861,2,,,1,70,,13862,2,,,1,30,,13863,2,,,1,70,,13864,2,,,1,30,,13865,2,,,1,70,,13866,2,,,1,30,,13867,2,,,1,70,,13868,2,,,1,30,,13869,2,,,1,70,,13870,2,,,1,30,,13871,2,,,1,70,,13872,2,,,1,30,,13873,2,,,1,70,,13874,2,,,1,30,,13875,2,,,1,70,,13876,2,,,1,30,,13877,2,,,1,70,,13878,2,,,1,30,,13879,2,,,1,70,,13880,2,,,1,30,,13881,2,,,1,70,,13882,2,,,1,30,,13883,2,,,1,70,,13884,2,,,1,30,,13885,2,,,1,70,,13886,2,,,1,30,,13887,2,,,1,70,,13888,2,,,1,30,,13889,2,,,1
1301,'13-Weekday-11111100',554,,13921,2,,,1,68,,13924,2,,,1,14,,13927,2,,,1,72,,13916,2,,,1,35,,13915,2,,,1,76,,13891,2,,,1,32,,13892,2,,,1,68,,13893,2,,,1,33,,13894,2,,,1,68,,13895,2,,,1,28,,13896,2,,,1,72,,13897,2,,,1,28,,13898,2,,,1,72,,13899,2,,,1,28,,13900,2,,,1,72,,13901,2,,,1,28,,13902,2,,,1,72,,13903,2,,,1,12,,13929,2,,,1,16,,13904,2,,,1,72,,13905,2,,,1,30,,13917,2,,,1,73,,13906,2,,,1,27,,13907,2,,,1,73,,13914,2,,,1,27,,13908,2,,,1,71,,13909,2,,,1,80,,13910,2,,,1,30,,13911,2,,,1,70,,13923,2,,,1,30,,13922,2,,,1,70,,13912,2,,,1,30,,13913,2,,,1,70,,13918,2,,,1,27,,13926,2,,,1,30,,13919,2,,,1,70,,13920,2,,,1,30,,13925,2,,,1
3101,'31-Saturday-10000010',728,,16185,33,,,1,30,,16186,33,,,1,70,,16187,33,,,1,30,,16188,33,,,1,72,,16189,33,,,1,70,,16190,33,,,1,30,,16191,33,,,1,70,,16192,33,,,1,30,,16193,33,,,1,70,,16194,33,,,1,30,,16195,33,,,1,70,,16196,33,,,1,30,,16197,33,,,1,70,,16198,33,,,1,30,,16199,33,,,1,70,,16200,33,,,1,30,,16201,33,,,1,70,,16202,33,,,1,30,,16203,33,,,1,70,,16204,33,,,1,30,,16205,33,,,1,70,,16206,33,,,1,28,,16207,33,,,1,30,,16208,33,,,1,70,,16209,33,,,1
3101,'31-Sunday-10000001',828,,16210,33,,,1,30,,16211,33,,,1,70,,16212,33,,,1,30,,16213,33,,,1,70,,16214,33,,,1,30,,16215,33,,,1,70,,16216,33,,,1,30,,16217,33,,,1,70,,16218,33,,,1,30,,16219,33,,,1,70,,16220,33,,,1,30,,16221,33,,,1,70,,16222,33,,,1,30,,16223,33,,,1,70,,16224,33,,,1,30,,16225,33,,,1,70,,16226,33,,,1,30,,16227,33,,,1,70,,16228,33,,,1,30,,16229,33,,,1,70,,16230,33,,,1,30,,16231,33,,,1,70,,16232,33,,,1
3101,'31-Weekday-11111100',559,,16266,15,,,1,70,,16267,15,,,1,71,,16234,33,,,1,35,,16253,33,,,1,70,,16254,33,,,1,30,,16255,33,,,1,70,,16256,33,,,1,30,,16268,33,,,1,67,,16257,33,,,1,30,,16258,33,,,1,70,,16259,33,,,1,30,,16260,33,,,1,70,,16261,33,,,1,30,,16262,33,,,1,70,,16263,33,,,1,30,,16264,33,,,1,70,,16252,33,,,1,30,,16251,33,,,1,73,,16250,33,,,1,30,,16249,33,,,1,70,,16248,33,,,1,30,,16247,33,,,1,70,,16246,33,,,1,30,,16245,33,,,1,70,,16244,33,,,1,26,,16243,33,,,1,70,,16242,33,,,1,30,,16241,33,,,1,70,,16240,33,,,1,30,,16239,33,,,1,70,,16238,33,,,1,30,,16237,33,,,1,69,,16236,33,,,1,25,,16235,33,,,1,30,,16233,33,,,1
20101,'201-Holiday1-10000001',714,,19439,8,,,1,30,,19440,8,,,1,70,,19441,8,,,1,30,,19442,8,,,1,70,,19443,8,,,1,30,,19444,8,,,1,71,,19445,8,,,1,30,,19446,8,,,1,70,,19447,8,,,1,30,,19448,8,,,1,70,,19438,8,,,1,30,,19449,8,,,1,70,,19450,8,,,1,30,,19451,8,,,1,70,,19452,8,,,1,30,,19453,8,,,1,70,,19454,8,,,1,30,,19455,8,,,1,70,,19456,8,,,1,30,,19457,8,,,1,70,,19458,8,,,1,30,,19459,8,,,1,69,,19460,8,,,1,30,,19461,8,,,1,70,,19462,8,,,1,30,,19463,8,,,1,70,,19464,8,,,1,30,,19465,8,,,1,70,,19466,8,,,1,30,,19467,8,,,1,70,,19468,8,,,1,30,,19469,8,,,1,70,,19470,8,,,1,30,,19471,8,,,1,70,,19472,8,,,1
20101,'201-Saturday-10000010',644,,19508,8,,,1,70,,19473,8,,,1,30,,19474,8,,,1,70,,19475,8,,,1,30,,19476,8,,,1,71,,19477,8,,,1,30,,19478,8,,,1,70,,19479,8,,,1,30,,19480,8,,,1,70,,19481,8,,,1,30,,19482,8,,,1,70,,19483,8,,,1,30,,19484,8,,,1,70,,19485,8,,,1,30,,19486,8,,,1,70,,19487,8,,,1,30,,19488,8,,,1,70,,19489,8,,,1,30,,19490,8,,,1,70,,19491,8,,,1,30,,19492,8,,,1,70,,19493,8,,,1,30,,19494,8,,,1,69,,19495,8,,,1,30,,19496,8,,,1,70,,19497,8,,,1,30,,19498,8,,,1,70,,19499,8,,,1,30,,19500,8,,,1,70,,19501,8,,,1,30,,19502,8,,,1,70,,19503,8,,,1,30,,19504,8,,,1,70,,19505,8,,,1,30,,19506,8,,,1,70,,19507,8,0,13 14 7,1
20101,'201-Sunday-10000001',714,,19510,8,,,1,30,,19511,8,,,1,70,,19512,8,,,1,30,,19513,8,,,1,70,,19514,8,,,1,30,,19515,8,,,1,71,,19516,8,,,1,30,,19517,8,,,1,70,,19518,8,,,1,30,,19519,8,,,1,70,,19509,8,,,1,30,,19520,8,,,1,70,,19521,8,,,1,30,,19522,8,,,1,70,,19523,8,,,1,30,,19524,8,,,1,70,,19525,8,,,1,30,,19526,8,,,1,70,,19527,8,,,1,30,,19528,8,,,1,70,,19529,8,,,1,30,,19530,8,,,1,69,,19531,8,,,1,30,,19532,8,,,1,70,,19533,8,,,1,30,,19534,8,,,1,70,,19535,8,,,1,30,,19536,8,,,1,70,,19537,8,,,1,30,,19538,8,,,1,70,,19539,8,,,1,30,,19540,8,,,1,70,,19541,8,,,1,30,,19542,8,,,1,70,,19543,8,,,1
20101,'201-Weekday-11111100',528,,19619,8,,,1,30,,19620,8,,,1,55,,19577,8,,,1,15,,19580,8,,,1,15,,19578,8,,,1,16,,19581,8,,,1,57,,19575,8,,,1,10,,19582,8,,,1,10,,19605,8,,,1,10,,19574,8,,,1,10,,19583,8,,,1,50,,19606,8,,,1,10,,19544,8,,,1,10,,19584,8,,,1,10,,19607,8,,,1,10,,19579,8,,,1,10,,19585,8,,,1,50,,19608,8,,,1,10,,19576,8,,,1,10,,19586,8,,,1,10,,19609,8,,,1,12,,19545,8,,,1,10,,19587,8,,,1,50,,19622,8,,,1,10,,19546,8,,,1,10,,19588,8,,,1,10,,19623,8,,,1,10,,19547,8,,,1,10,,19589,8,,,1,50,,19624,8,,,1,10,,19548,8,,,1,10,,19590,8,,,1,10,,19625,8,,,1,10,,19549,8,,,1,10,,19591,8,,,1,50,,19626,8,,,1,10,,19550,8,,,1,10,,19592,8,,,1,10,,19627,8,,,1,10,,19551,8,,,1,10,,19593,8,,,1,50,,19628,8,,,1,10,,19552,8,,,1,10,,19594,8,,,1,10,,19629,8,,,1,10,,19553,8,,,1,10,,19595,8,,,1,50,,19630,8,,,1,10,,19554,8,,,1,10,,19631,8,,,1,10,,19596,8,,,1,10,,19555,8,,,1,10,,19597,8,,,1,50,,19610,8,,,1,10,,19556,8,,,1,10,,19598,8,,,1,10,,19611,8,,,1,10,,19557,8,,,1,10,,19599,8,,,1,50,,19612,8,,,1,10,,19562,8,,,1,10,,19600,8,,,1,10,,19614,8,,,1,10,,19558,8,,,1,10,,19601,8,,,1,50,,19613,8,,,1,10,,19559,8,,,1,10,,19602,8,,,1,10,,19615,8,,,1,10,,19560,8,,,1,10,,19603,8,,,1,49,,19616,8,,,1,9,,19561,8,,,1,15,,19563,8,,,1,15,,19632,8,,,1,55,,19564,8,,,1,15,,19633,8,,,1,15,,19565,8,,,1,15,,19634,8,,,1,55,,19566,8,,,1,15,,19635,8,,,1,15,,19567,8,,,1,15,,19636,8,,,1,55,,19568,8,,,1,15,,19637,8,,,1,15,,19569,8,,,1,15,,19638,8,,,1,55,,19570,8,,,1,43,,19571,8,,,1,70,,19572,8,,,1,35,,19573,8,,,1,70,,19621,8,,,1
