1300,'13-Holiday1-10000001',800,,24477,1,,,1,100,,24478,1,,,1,100,,24479,1,,,1,100,,24480,1,,,1,100,,24481,1,,,1,100,,24482,1,,,1,100,,24483,1,,,1,100,,24484,1,,,1,100,,24485,1,,,1,100,,24486,1,,,1,100,,24487,1,,,1,100,,24488,1,,,1,100,,24489,1,,,1,100,,24490,1,,,1,100,,24491,1,,,1,100,,24492,1,,,1
1300,'13-Saturday-10000010',700,,24494,1,,,1,30,,24495,1,,,1,70,,24496,1,,,1,30,,24497,1,,,1,70,,24498,1,,,1,30,,24499,1,,,1,70,,24500,1,,,1,30,,24501,1,,,1,70,,24502,1,,,1,30,,24503,1,,,1,70,,24504,1,,,1,30,,24505,1,,,1,70,,24506,1,,,1,30,,24507,1,,,1,70,,24493,1,,,1,30,,24508,1,,,1,70,,24509,1,,,1,30,,24510,1,,,1,70,,24511,1,,,1,30,,24512,1,,,1,70,,24513,1,,,1,30,,24514,1,,,1,70,,24515,1,,,1,30,,24516,1,,,1,70,,24517,1,,,1,30,,24518,1,,,1,70,,24519,1,,,1,30,,24520,1,,,1,70,,24521,1,,,1,30,,24522,1,,,1,70,,24523,1,,,1,30,,24524,1,,,1,70,,24525,1,,,1,30,,24526,1,,,1,70,,24527,1,,,1
1300,'13-Sunday-10000001',800,,24529,1,,,1,30,,24528,1,,,1,70,,24530,1,,,1,30,,24531,1,,,1,70,,24532,1,,,1,30,,24533,1,,,1,70,,24534,1,,,1,30,,24535,1,,,1,70,,24536,1,,,1,30,,24537,1,,,1,70,,24538,1,,,1,30,,24539,1,,,1,70,,24540,1,,,1,30,,24541,1,,,1,70,,24542,1,,,1,30,,24543,1,,,1,70,,24544,1,,,1,30,,24545,1,,,1,70,,24546,1,,,1,30,,24547,1,,,1,70,,24548,1,,,1,30,,24549,1,,,1,70,,24550,1,,,1,30,,24551,1,,,1,70,,24552,1,,,1,30,,24553,1,,,1,70,,24554,1,,,1,30,,24555,1,,,1,70,,24556,1,,,1,30,,24557,1,,,1,70,,24558,1,,,1
1300,'13-Weekday-11111100',530,,24584,1,,,1,70,,24559,1,,,1,30,,24560,1,,,1,70,,24561,1,,,1,30,,24562,1,,,1,70,,24563,1,,,1,30,,24564,1,,,1,70,,24565,1,,,1,30,,24566,1,,,1,70,,24567,1,,,1,30,,24568,1,,,1,70,,24569,1,,,1,30,,24570,1,,,1,70,,24571,1,,,1,30,,24572,1,,,1,70,,24573,1,,,1,30,,24574,1,,,1,70,,24575,1,,,1,30,,24576,1,,,1,70,,24577,1,,,1,30,,24578,1,,,1,70,,24579,1,,,1,30,,24580,1,,,1,70,,24581,1,,,1,30,,24582,1,,,1,70,,24583,1,,,1,30,,24589,1,,,1,70,,24590,1,,,1,30,,24591,1,,,1,70,,24592,1,,,1,30,,24593,1,,,1,70,,24594,1,,,1,30,,24595,1,,,1,70,,24596,1,,,1,30,,24585,1,,,1,70,,24587,1,,,1,30,,24586,1,,,1,70,,24588,1,,,1
1301,'13-Holiday1-10000001',847,,24597,30,4,,1,100,,24598,30,4,,1,102,,24599,30,4,,1,100,,24600,30,4,,1,100,,24601,30,4,,1,100,,24602,30,4,,1,100,,24603,30,4,,1,100,,24604,30,4,,1,100,,24605,30,4,,1,100,,24606,30,4,,1,98,,24607,30,4,,1,100,,24608,30,4,,1,100,,24609,30,4,,1,100,,24610,30,4,,1,100,,24611,30,4,,1,100,,24612,30,4,,1
1301,'13-Saturday-10000010',719,,24614,30,4,,1,30,,24615,30,4,,1,70,,24616,30,4,,1,30,,24617,30,4,,1,70,,24618,30,4,,1,31,,24619,30,4,,1,70,,24620,30,4,,1,30,,24621,30,4,,1,70,,24622,30,4,,1,30,,24623,30,4,,1,70,,24613,30,4,,1,30,,24624,30,4,,1,70,,24625,30,4,,1,30,,24626,30,4,,1,70,,24627,30,4,,1,30,,24628,30,4,,1,70,,24629,30,4,,1,30,,24630,30,4,,1,70,,24631,30,4,,1,30,,24632,30,4,,1,70,,24633,30,4,,1,30,,24634,30,4,,1,70,,24635,30,4,,1,29,,24636,30,4,,1,70,,24637,30,4,,1,30,,24638,30,4,,1,70,,24646,30,4,,1,30,,24639,30,4,,1,70,,24640,30,4,,1,30,,24641,30,4,,1,70,,24642,30,4,,1,30,,24643,30,4,,1,70,,24644,30,4,,1,30,,24645,30,4,,1,70,,24647,30,4,,1
1301,'13-Sunday-10000001',817,,24680,30,4,,1,30,,24648,30,4,,1,70,,24649,30,4,,1,30,,24650,30,4,,1,72,,24651,30,4,,1,30,,24652,30,4,,1,70,,24653,30,4,,1,30,,24654,30,4,,1,70,,24655,30,4,,1,30,,24656,30,4,,1,70,,24657,30,4,,1,30,,24658,30,4,,1,70,,24659,30,4,,1,30,,24660,30,4,,1,70,,24661,30,4,,1,30,,24662,30,4,,1,70,,24663,30,4,,1,30,,24664,30,4,,1,70,,24665,30,4,,1,30,,24666,30,4,,1,68,,24667,30,4,,1,30,,24668,30,4,,1,70,,24669,30,4,,1,30,,24670,30,4,,1,70,,24671,30,4,,1,30,,24672,30,4,,1,70,,24673,30,4,,1,30,,24674,30,4,,1,70,,24675,30,4,,1,30,,24676,30,4,,1,70,,24677,30,4,,1,30,,24678,30,4,,1,70,,24679,30,4,,1
1301,'13-Weekday-11111100',616,,24711,30,4,,1,28,,24714,30,4,,1,14,,24717,30,4,,1,75,,24706,30,4,,1,75,,24705,30,4,,1,36,,24681,30,4,,1,72,,24682,30,4,,1,28,,24683,30,4,,1,73,,24684,30,4,,1,28,,24685,30,4,,1,68,,24686,30,4,,1,32,,24687,30,4,,1,68,,24688,30,4,,1,32,,24689,30,4,,1,68,,24690,30,4,,1,32,,24691,30,4,,1,68,,24692,30,4,,1,35,,24693,30,4,,1,70,,24694,30,4,,1,32,,24695,30,4,,1,70,,24707,30,4,,1,33,,24696,30,4,,1,67,,24697,30,4,,1,33,,24704,30,4,,1,63,,24698,30,4,,1,29,,24699,30,4,,1,80,,24700,30,4,,1,30,,24701,30,4,,1,70,,24713,30,4,,1,30,,24712,30,4,,1,70,,24702,30,4,,1,30,,24703,30,4,,1,69,,24708,30,4,,1,27,,24716,30,4,,1,70,,24709,30,4,,1,30,,24710,30,4,,1,70,,24715,30,4,,1
7700,'77-Weekday-11111100',655,,29893,17,4,,1,80,,29894,17,4,,1,80,,29895,17,4,,1,40,,29896,17,4,,1,80,,29897,17,4,,1,80,,29898,17,4,,1,40,,29899,17,4,,1,80,,29900,17,4,,1,80,,29901,17,4,,1,200,,29902,17,4,,1,40,,29903,17,4,,1,80,,29904,17,4,,1,80,,29905,17,4,,1,40,,29906,17,4,,1,80,,29907,17,4,,1,80,,29908,17,4,,1,40,,29909,17,4,,1
7701,'77-Weekday-11111100',700,,29911,1,,,1,40,,29912,1,,,1,80,,29913,1,,,1,80,,29910,1,,,1,40,,29914,1,,,1,80,,29915,1,,,1,80,,29916,1,,,1,40,,29917,1,,,1,80,,29918,1,,,1,200,,29919,1,,,1,80,,29920,1,,,1,40,,29921,1,,,1,80,,29922,1,,,1,80,,29923,1,,,1,40,,29924,1,,,1,80,,29925,1,,,1,80,,29926,1,,,1
