1601,'16-Holiday1-10000001',843,,24911,32,,,1,100,,24912,32,,,1,105,,24913,32,,,1,100,,24914,32,,,1,100,,24915,32,,,1,100,,24916,32,,,1,100,,24917,32,,,1,100,,24918,32,,,1,100,,24919,32,,,1,100,,24920,32,,,1,98,,24921,32,,,1,101,,24922,32,,,1,100,,24923,32,,,1,100,,24924,32,,,1,100,,24925,32,,,1,100,,24926,32,,,1
1601,'16-Saturday-10000010',647,,24927,5,,,1,70,,24928,32,,,1,30,,24929,32,,,1,70,,24930,32,,,1,30,,24931,32,,,1,71,,24932,32,,,1,34,,24933,32,,,1,73,,24934,32,,,1,30,,24935,32,,,1,70,,24936,32,,,1,30,,24937,32,,,1,70,,24938,32,,,1,30,,24939,32,,,1,70,,24940,32,,,1,30,,24941,32,,,1,70,,24942,32,,,1,30,,24943,32,,,1,70,,24944,32,,,1,30,,24945,32,,,1,70,,24946,32,,,1,30,,24947,32,,,1,70,,24948,32,,,1,30,,24949,32,,,1,68,,24950,32,,,1,28,,24951,32,,,1,68,,24952,32,,,1,30,,24953,32,,,1,70,,24954,32,,,1,30,,24955,32,,,1,70,,24956,32,,,1,30,,24957,32,,,1,70,,24958,32,,,1,30,,24959,32,,,1,70,,24960,32,,,1,30,,24962,32,,,1
1601,'16-Sunday-10000001',813,,24963,32,,,1,30,,24964,32,,,1,70,,24965,32,,,1,30,,24966,32,,,1,71,,24967,32,,,1,34,,24968,32,,,1,70,,24969,32,,,1,30,,24970,32,,,1,70,,24971,32,,,1,30,,24972,32,,,1,70,,24973,32,,,1,30,,24974,32,,,1,70,,24975,32,,,1,30,,24976,32,,,1,70,,24977,32,,,1,30,,24978,32,,,1,70,,24979,32,,,1,30,,24980,32,,,1,70,,24981,32,,,1,30,,24982,32,,,1,71,,24983,32,,,1,27,,24984,32,,,1,71,,24985,32,,,1,30,,24986,32,,,1,70,,24987,32,,,1,30,,24988,32,,,1,70,,24989,32,,,1,30,,24990,32,,,1,70,,24991,32,,,1,30,,24992,32,,,1,70,,24993,32,,,1,30,,24994,32,,,1
1601,'16-Weekday-11111100',612,,24996,32,,,1,32,,24997,32,,,1,12,,25033,32,,,1,59,,24998,32,,,1,20,,25037,32,,,1,15,,24999,32,,,1,57,,25034,32,,,1,16,,25000,32,,,1,15,,25035,32,,,1,15,,25001,32,,,1,55,,25036,32,,,1,15,,25002,32,,,1,16,,25046,32,,,1,15,,25003,32,,,1,56,,25052,32,,,1,16,,25004,32,,,1,15,,25053,32,,,1,14,,25005,32,,,1,56,,25054,32,,,1,15,,25006,32,,,1,15,,25055,32,,,1,15,,25007,32,,,1,55,,25056,32,,,1,15,,25008,32,,,1,15,,25057,32,,,1,15,,25009,32,,,1,55,,25058,32,,,1,15,,25010,32,,,1,15,,25059,32,,,1,15,,25011,32,,,1,55,,25060,32,,,1,15,,25012,32,,,1,15,,25061,32,,,1,17,,25013,32,,,1,55,,25043,32,,,1,15,,25014,32,,,1,17,,25038,32,,,1,55,,25015,32,,,1,16,,25039,32,,,1,15,,25016,32,,,1,15,,25040,32,,,1,55,,25017,32,,,1,15,,25041,32,,,1,15,,25018,32,,,1,15,,25042,32,,,1,55,,25019,32,,,1,13,,25032,32,,,1,13,,25020,32,,,1,14,,25044,32,,,1,13,,25021,32,,,1,53,,25047,32,,,1,15,,25022,32,,,1,14,,25023,32,,,1,15,,25048,32,,,1,55,,25024,32,,,1,15,,25051,32,,,1,15,,25025,32,,,1,15,,25049,32,,,1,55,,25026,32,,,1,15,,25050,32,,,1,15,,25027,32,,,1,15,,25062,32,,,1,54,,25028,32,,,1,31,,25029,32,,,1,67,,25030,32,,,1,13,,25031,32,,,1
2200,'22-Saturday-10000010',646,,25746,23,,,1,70,,25747,23,,,1,30,,25748,23,,,1,70,,25749,23,,,1,30,,25750,23,,,1,71,,25751,23,,,1,30,,25752,23,,,1,70,,25753,23,,,1,30,,25754,23,,,1,70,,25755,23,,,1,30,,25756,23,,,1,70,,25757,23,,,1,30,,25758,23,,,1,70,,25759,23,,,1,30,,25760,23,,,1,70,,25761,23,,,1,30,,25762,23,,,1,70,,25763,23,,,1,30,,25764,23,,,1,70,,25765,23,,,1,30,,25766,23,,,1,70,,25767,23,,,1,30,,25768,23,,,1,69,,25769,23,,,1,30,,25770,23,,,1,70,,25771,23,,,1,30,,25772,23,,,1,70,,25773,23,,,1,30,,25774,23,,,1,70,,25775,23,,,1,30,,25776,23,,,1,100,,25777,23,,,1,100,,25778,23,,,1
2200,'22-Sunday-10000001',846,,25789,23,,,1,100,,25779,23,,,1,100,,25780,23,,,1,100,,25781,23,,,1,100,,25782,23,,,1,100,,25783,23,,,1,100,,25784,23,,,1,100,,25785,23,,,1,100,,25786,23,,,1,100,,25787,23,,,1,100,,25788,23,,,1
2200,'22-Weekday-11111100',618,,25790,23,,,1,30,,25791,23,,,1,73,,25792,23,,,1,30,,25793,23,,,1,70,,25794,23,,,1,30,,25795,23,,,1,70,,25796,23,,,1,28,,25797,23,,,1,70,,25798,23,,,1,30,,25799,23,,,1,70,,25800,23,,,1,30,,25801,23,,,1,70,,25802,23,,,1,30,,25803,23,,,1,70,,25804,23,,,1,30,,25805,23,,,1,70,,25806,23,,,1,31,,25807,23,,,1,70,,25808,23,,,1,30,,25809,23,,,1,70,,25810,23,,,1,30,,25811,23,,,1,70,,25812,23,,,1,30,,25813,23,,,1,68,,25814,23,,,1,30,,25815,23,,,1,70,,25816,23,,,1,30,,25817,23,,,1,70,,25818,23,,,1,30,,25819,23,,,1,70,,25823,23,,,1,30,,25820,23,,,1,69,,25824,23,,,1,30,,25821,23,,,1,100,,25822,23,,,1
3301,'33-Saturday-10000010',658,,27130,9,,,1,70,,27131,9,,,1,30,,27132,9,,,1,70,,27133,9,,,1,31,,27134,9,,,1,71,,27135,9,,,1,70,,27136,9,,,1,30,,27137,9,,,1,70,,27138,9,,,1,30,,27139,9,,,1,70,,27140,9,,,1,30,,27141,9,,,1,70,,27142,9,,,1,30,,27143,9,,,1,70,,27144,9,,,1,30,,27145,9,,,1,70,,27146,9,,,1,30,,27147,9,,,1,70,,27148,9,,,1,30,,27149,9,,,1,70,,27150,9,,,1,30,,27151,9,,,1,29,,27152,9,,,1,69,,27153,9,,,1,30,,27154,9,,,1
3301,'33-Sunday-10000001',758,,27155,9,,,1,70,,27156,9,,,1,30,,27157,9,,,1,70,,27158,9,,,1,30,,27159,9,,,1,70,,27160,9,,,1,30,,27161,9,,,1,70,,27162,9,,,1,30,,27163,9,,,1,70,,27164,9,,,1,30,,27165,9,,,1,70,,27166,9,,,1,30,,27167,9,,,1,70,,27168,9,,,1,30,,27169,9,,,1,70,,27170,9,,,1,30,,27171,9,,,1,70,,27172,9,,,1,30,,27173,9,,,1,70,,27174,9,,,1,30,,27175,9,,,1,70,,27176,9,,,1,30,,27177,9,,,1
3301,'33-Weekday-11111100',547,,27178,9,,,1,70,,27179,9,,,1,30,,27180,9,,,1,73,,27181,9,,,1,34,,27182,9,,,1,70,,27183,9,,,1,30,,27184,9,,,1,70,,27185,9,,,1,28,,27186,9,,,1,68,,27187,9,,,1,30,,27188,9,,,1,70,,27189,9,,,1,31,,27190,9,,,1,70,,27191,9,,,1,30,,27192,9,,,1,70,,27193,9,,,1,30,,27194,9,,,1,70,,27195,9,,,1,32,,27196,9,,,1,71,,27197,9,,,1,30,,27198,9,,,1,70,,27199,9,,,1,30,,27200,9,,,1,70,,27201,9,,,1,30,,27202,9,,,1,66,,27203,9,,,1,28,,27204,9,,,1,70,,27210,9,,,1,30,,27205,9,,,1,70,,27206,9,,,1,30,,27211,9,,,1,70,,27207,9,,,1,30,,27212,9,,,1,70,,27208,9,,,1,28,,27209,9,,,1,70,,27213,9,,,1
