2200,'22-Saturday-10000010',651,,14968,28,,,1,70,,14969,28,,,1,30,,14970,28,,,1,70,,14971,28,,,1,30,,14972,28,,,1,71,,14973,28,,,1,30,,14974,28,,,1,70,,14975,28,,,1,30,,14976,28,,,1,70,,14977,28,,,1,30,,14978,28,,,1,70,,14979,28,,,1,30,,14980,28,,,1,70,,14981,28,,,1,30,,14982,28,,,1,70,,14983,28,,,1,30,,14984,28,,,1,70,,14985,28,,,1,30,,14986,28,,,1,70,,14987,28,,,1,30,,14988,28,,,1,70,,14989,28,,,1,30,,14990,28,,,1,69,,14991,28,,,1,30,,14992,28,,,1,70,,14993,28,,,1,30,,14994,28,,,1,70,,14995,28,,,1,30,,14996,28,,,1,70,,14997,28,,,1,30,,14998,28,,,1,100,,14999,28,,,1,100,,15000,28,,,1
2200,'22-Sunday-10000001',851,,15011,28,,,1,100,,15001,28,,,1,100,,15002,28,,,1,100,,15003,28,,,1,100,,15004,28,,,1,100,,15005,28,,,1,100,,15006,28,,,1,100,,15007,28,,,1,100,,15008,28,,,1,100,,15009,28,,,1,100,,15010,28,,,1
2200,'22-Weekday-11111100',623,,15012,28,,,1,30,,15013,28,,,1,73,,15014,28,,,1,30,,15015,28,,,1,70,,15016,28,,,1,30,,15017,28,,,1,70,,15018,28,,,1,28,,15019,28,,,1,70,,15020,28,,,1,30,,15021,28,,,1,70,,15022,28,,,1,30,,15023,28,,,1,70,,15024,28,,,1,30,,15025,28,,,1,70,,15026,28,,,1,30,,15027,28,,,1,70,,15028,28,,,1,31,,15029,28,,,1,70,,15030,28,,,1,30,,15031,28,,,1,70,,15032,28,,,1,30,,15033,28,,,1,70,,15034,28,,,1,30,,15035,28,,,1,68,,15036,28,,,1,30,,15037,28,,,1,70,,15038,28,,,1,30,,15039,28,,,1,70,,15040,28,,,1,30,,15041,28,,,1,70,,15045,28,,,1,30,,15042,28,,,1,69,,15046,28,,,1,30,,15043,28,,,1,100,,15044,28,,,1
2600,'26-Weekday-11111100',623,,15321,11,,,1,30,,15309,11,,,1,73,,15310,11,,,1,74,,15311,11,,,1,30,,15312,11,,,1,70,,15313,11,,,1,558,,15314,11,,,1,71,,15315,11,,,1,30,,15316,11,,,1,70,,15317,11,,,1,30,,15318,11,,,1,70,,15319,11,,,1,30,,15320,11,,,1,563,,15322,11,,,1
3300,'33-Saturday-10000010',714,,16269,37,,,1,30,,16270,37,,,1,70,,16271,37,,,1,30,,16272,37,,,1,70,,16273,37,,,1,30,,16274,37,,,1,70,,16275,37,,,1,30,,16276,37,,,1,70,,16277,37,,,1,30,,16278,37,,,1,70,,16279,37,,,1,30,,16280,37,,,1,70,,16281,37,,,1,30,,16282,37,,,1,70,,16283,37,,,1,30,,16284,37,,,1,70,,16285,37,,,1,30,,16286,37,,,1,70,,16287,37,,,1,30,,16288,37,,,1,70,,16289,37,,,1,30,,16290,37,,,1,70,,16291,37,,,1,30,,16292,37,,,1,70,,16293,37,,,1
3300,'33-Sunday-10000001',814,,16294,37,,,1,30,,16295,37,,,1,69,,16296,37,,,1,28,,16297,37,,,1,70,,16298,37,,,1,30,,16299,37,,,1,70,,16300,37,,,1,30,,16301,37,,,1,70,,16302,37,,,1,30,,16303,37,,,1,70,,16304,37,,,1,30,,16305,37,,,1,70,,16306,37,,,1,30,,16307,37,,,1,70,,16308,37,,,1,30,,16309,37,,,1,70,,16310,37,,,1,30,,16311,37,,,1,70,,16312,37,,,1,30,,16313,37,,,1,71,,16314,37,,,1,32,,16315,37,,,1,70,,16316,37,,,1
3300,'33-Weekday-11111100',606,,16320,37,,,1,30,,16323,37,,,1,71,,16324,37,,,1,34,,16325,37,,,1,70,,16326,37,,,1,30,,16327,37,,,1,70,,16328,37,,,1,29,,16329,37,,,1,69,,16330,37,,,1,30,,16331,37,,,1,70,,16332,37,,,1,30,,16333,37,,,1,70,,16334,37,,,1,30,,16335,37,,,1,70,,16336,37,,,1,30,,16337,37,,,1,70,,16338,37,,,1,32,,16339,37,,,1,71,,16349,37,,,1,30,,16340,37,,,1,70,,16341,37,,,1,30,,16342,37,,,1,70,,16343,37,,,1,30,,16344,37,,,1,67,,16345,37,,,1,28,,16346,37,,,1,70,,16317,37,,,1,30,,16350,37,,,1,70,,16322,37,,,1,30,,16351,37,,,1,70,,16321,37,,,1,30,,16352,37,,,1,70,,16319,37,,,1,28,,16318,37,,,1,70,,16347,37,,,1,30,,16348,37,,,1
20101,'201-Holiday1-10000001',745,,19439,27,,,1,70,,19440,27,,,1,30,,19441,27,,,1,70,,19442,27,,,1,30,,19443,27,,,1,71,,19444,27,,,1,31,,19445,27,,,1,70,,19446,27,,,1,30,,19447,27,,,1,70,,19448,27,,,1,30,,19438,27,,,1,70,,19449,27,,,1,30,,19450,27,,,1,70,,19451,27,,,1,30,,19452,27,,,1,70,,19453,27,,,1,30,,19454,27,,,1,70,,19455,27,,,1,30,,19456,27,,,1,70,,19457,27,,,1,30,,19458,27,,,1,69,,19459,27,,,1,29,,19460,27,,,1,70,,19461,27,,,1,30,,19462,27,,,1,70,,19463,27,,,1,30,,19464,27,,,1,70,,19465,27,,,1,30,,19466,27,,,1,70,,19467,27,,,1,30,,19468,27,,,1,70,,19469,27,,,1,30,,19470,27,,,1,70,,19471,27,,,1,30,,19472,27,,,1
20101,'201-Saturday-10000010',715,,19508,27,,,1,30,,19473,27,,,1,70,,19474,27,,,1,30,,19475,27,,,1,71,,19476,27,,,1,32,,19477,27,,,1,70,,19478,27,,,1,30,,19479,27,,,1,70,,19480,27,,,1,30,,19481,27,,,1,70,,19482,27,,,1,30,,19483,27,,,1,70,,19484,27,,,1,30,,19485,27,,,1,70,,19486,27,,,1,30,,19487,27,,,1,70,,19488,27,,,1,30,,19489,27,,,1,70,,19490,27,,,1,30,,19491,27,,,1,70,,19492,27,,,1,30,,19493,27,,,1,69,,19494,27,,,1,28,,19495,27,,,1,70,,19496,27,,,1,30,,19497,27,,,1,70,,19498,27,,,1,30,,19499,27,,,1,70,,19500,27,,,1,30,,19501,27,,,1,70,,19502,27,,,1,30,,19503,27,,,1,70,,19504,27,,,1,30,,19505,27,,,1,70,,19506,27,,,1,30,,19507,27,0,13 14 7,1
20101,'201-Sunday-10000001',745,,19510,27,,,1,70,,19511,27,,,1,30,,19512,27,,,1,70,,19513,27,,,1,30,,19514,27,,,1,71,,19515,27,,,1,31,,19516,27,,,1,70,,19517,27,,,1,30,,19518,27,,,1,70,,19519,27,,,1,30,,19509,27,,,1,70,,19520,27,,,1,30,,19521,27,,,1,70,,19522,27,,,1,30,,19523,27,,,1,70,,19524,27,,,1,30,,19525,27,,,1,70,,19526,27,,,1,30,,19527,27,,,1,70,,19528,27,,,1,30,,19529,27,,,1,69,,19530,27,,,1,29,,19531,27,,,1,70,,19532,27,,,1,30,,19533,27,,,1,70,,19534,27,,,1,30,,19535,27,,,1,70,,19536,27,,,1,30,,19537,27,,,1,70,,19538,27,,,1,30,,19539,27,,,1,70,,19540,27,,,1,30,,19541,27,,,1,70,,19542,27,,,1,30,,19543,27,,,1
20101,'201-Weekday-11111100',559,,19619,27,,,1,70,,19620,27,,,1,15,,19577,27,,,1,15,,19580,27,,,1,57,,19578,27,,,1,7,,19618,11,,,1,11,,19581,27,,,1,7,,19617,11,,,1,10,,19575,27,,,1,50,,19582,27,,,1,10,,19605,27,,,1,10,,19574,27,,,1,10,,19583,27,,,1,10,,19606,27,,,1,10,,19544,27,,,1,50,,19584,27,,,1,10,,19607,27,,,1,10,,19579,27,,,1,10,,19585,27,,,1,10,,19608,27,,,1,9,,19576,27,,,1,50,,19586,27,,,1,10,,19609,27,,,1,12,,19545,27,,,1,10,,19587,27,,,1,10,,19622,27,,,1,10,,19546,27,,,1,50,,19588,27,,,1,10,,19623,27,,,1,10,,19547,27,,,1,10,,19589,27,,,1,10,,19624,27,,,1,10,,19548,27,,,1,50,,19590,27,,,1,10,,19625,27,,,1,10,,19549,27,,,1,10,,19591,27,,,1,10,,19626,27,,,1,10,,19550,27,,,1,50,,19592,27,,,1,10,,19627,27,,,1,10,,19551,27,,,1,10,,19593,27,,,1,10,,19628,27,,,1,10,,19552,27,,,1,50,,19594,27,,,1,10,,19629,27,,,1,10,,19553,27,,,1,10,,19595,27,,,1,10,,19630,27,,,1,11,,19604,16,,,1,3,,19554,27,,,1,51,,19631,27,,,1,10,,19596,27,,,1,10,,19555,27,,,1,10,,19597,27,,,1,10,,19610,27,,,1,10,,19556,27,,,1,50,,19598,27,,,1,10,,19611,27,,,1,10,,19557,27,,,1,10,,19599,27,,,1,10,,19612,27,,,1,10,,19562,27,,,1,50,,19600,27,,,1,10,,19614,27,,,1,10,,19558,27,,,1,10,,19601,27,,,1,10,,19613,27,,,1,10,,19559,27,,,1,50,,19602,27,,,1,8,,19615,27,,,1,8,,19560,27,,,1,10,,19603,27,,,1,9,,19616,27,,,1,9,,19561,27,,,1,55,,19563,27,,,1,15,,19632,27,,,1,15,,19564,27,,,1,15,,19633,27,,,1,55,,19565,27,,,1,15,,19634,27,,,1,15,,19566,27,,,1,15,,19635,27,,,1,55,,19567,27,,,1,15,,19636,27,,,1,15,,19568,27,,,1,15,,19637,27,,,1,55,,19569,27,,,1,13,,19638,27,,,1,13,,19570,27,,,1,83,,19571,27,,,1,30,,19572,27,,,1,75,,19573,27,,,1,30,,19621,27,,,1
