300,'3-Saturday-10000010',630,,21977,1,,,1,70,,21978,1,,,1,30,,21979,1,,,1,70,,21980,1,,,1,30,,21981,1,,,1,70,,21982,1,,,1,30,,21983,1,,,1,70,,21984,1,,,1,30,,21985,1,,,1,70,,21986,1,,,1,30,,21987,1,,,1,70,,21988,1,,,1,30,,21989,1,,,1,70,,21990,1,,,1,30,,21991,1,,,1,70,,21992,1,,,1,30,,21993,1,,,1,70,,21994,1,,,1,30,,21995,1,,,1,70,,21996,1,,,1,30,,21997,1,,,1,70,,21998,1,,,1,30,,21999,1,,,1,70,,22000,1,,,1,30,,22001,1,,,1,70,,22002,1,,,1,30,,22003,1,,,1,70,,22004,1,,,1,30,,22005,1,,,1,100,,22006,1,,,1,100,,22007,1,,,1
300,'3-Sunday-10000001',830,,22008,1,,,1,100,,22009,1,,,1,70,,22010,1,,,1,30,,22011,1,,,1,70,,22012,1,,,1,30,,22013,1,,,1,70,,22014,1,,,1,30,,22015,1,,,1,70,,22016,1,,,1,30,,22017,1,,,1,70,,22018,1,,,1,30,,22019,1,,,1,70,,22020,1,,,1,30,,22021,1,,,1,70,,22022,1,,,1,30,,22023,1,,,1,70,,22024,1,,,1,30,,22025,1,,,1,70,,22030,1,,,1,30,,22026,1,,,1,70,,22031,1,,,1,30,,22027,1,,,1,70,,22032,1,,,1,30,,22028,1,,,1,100,,22033,1,,,1,100,,22029,1,,,1
300,'3-Weekday-11111100',600,,22053,1,,,1,30,,22052,1,,,1,70,,22051,1,,,1,30,,22050,1,,,1,70,,22049,1,,,1,30,,22048,1,,,1,70,,22047,1,,,1,30,,22046,1,,,1,70,,22045,1,,,1,30,,22044,1,,,1,70,,22043,1,,,1,30,,22042,1,,,1,70,,22041,1,,,1,30,,22040,1,,,1,70,,22039,1,,,1,30,,22038,1,,,1,70,,22037,1,,,1,40,,22036,1,,,1,70,,22035,1,,,1,30,,22034,1,,,1,70,,22063,1,,,1,30,,22062,1,,,1,70,,22061,1,,,1,30,,22060,1,,,1,70,,22059,1,,,1,20,,22058,1,,,1,70,,22057,1,,,1,30,,22056,1,,,1,70,,22067,1,,,1,30,,22055,1,,,1,70,,22068,1,,,1,30,,22054,1,,,1,70,,22069,1,,,1,30,,22065,1,,,1,70,,22070,1,,,1,30,,22064,1,,,1
301,'3-Saturday-10000010',621,,22103,10,4,,1,30,,22102,10,4,,1,71,,22071,27,4,,1,30,,22072,27,4,,1,70,,22073,27,4,,1,30,,22074,27,4,,1,70,,22075,27,4,,1,32,,22076,27,4,,1,70,,22077,27,4,,1,30,,22078,27,4,,1,70,,22079,27,4,,1,30,,22080,27,4,,1,70,,22081,27,4,,1,30,,22082,27,4,,1,70,,22083,27,4,,1,30,,22084,27,4,,1,70,,22085,27,4,,1,30,,22086,27,4,,1,70,,22087,27,4,,1,30,,22088,27,4,,1,70,,22089,27,4,,1,30,,22090,27,4,,1,70,,22091,27,4,,1,30,,22092,27,4,,1,70,,22093,27,4,,1,28,,22094,27,4,,1,70,,22095,27,4,,1,30,,22096,27,4,,1,70,,22097,27,4,,1,30,,22098,27,4,,1,70,,22099,27,4,,1,100,,22100,27,4,,1,100,,22101,27,4,,1
301,'3-Sunday-10000001',922,,22104,27,4,,1,100,,22105,27,4,,1,31,,22106,27,4,,1,70,,22107,27,4,,1,30,,22108,27,4,,1,70,,22109,27,4,,1,30,,22110,27,4,,1,70,,22111,27,4,,1,30,,22112,27,4,,1,70,,22113,27,4,,1,30,,22114,27,4,,1,70,,22115,27,4,,1,30,,22116,27,4,,1,70,,22117,27,4,,1,30,,22118,27,4,,1,70,,22119,27,4,,1,30,,22120,27,4,,1,70,,22121,27,4,,1,28,,22127,27,4,,1,70,,22122,27,4,,1,30,,22128,27,4,,1,70,,22123,27,4,,1,30,,22129,27,4,,1,70,,22126,27,4,,1,100,,22124,27,4,,1,100,,22125,27,4,,1
301,'3-Weekday-11111100',652,,22131,27,4,,1,71,,22130,27,4,,1,34,,22132,27,4,,1,70,,22133,27,4,,1,30,,22134,27,4,,1,70,,22135,27,4,,1,31,,22136,27,4,,1,66,,22137,27,4,,1,30,,22143,27,4,,1,70,,22144,27,4,,1,30,,22145,27,4,,1,70,,22146,27,4,,1,30,,22147,27,4,,1,70,,22142,27,4,,1,30,,22141,27,4,,1,70,,22140,27,4,,1,76,,22139,27,4,,1,35,,22138,27,4,,1,70,,22154,27,4,,1,30,,22153,27,4,,1,70,,22152,27,4,,1,30,,22151,27,4,,1,69,,22150,27,4,,1,25,,22149,27,4,,1,25,,22148,27,4,,1,70,,22159,27,4,,1,30,,22158,27,4,,1,70,,22160,27,4,,1,30,,22162,27,4,,1,70,,22157,27,4,,1,30,,22163,27,4,,1,66,,22156,27,4,,1,27,,22164,27,4,,1,70,,22155,27,4,,1,30,,22165,27,4,,1,70,,22161,27,4,,1
3500,'35-Weekday-11111100',615,,27250,1,,,1,30,,27251,1,,,1,65,,27253,1,,,1,30,,27254,1,,,1,70,,27255,1,,,1,600,,27256,1,,,1,30,,27257,1,,,1,70,,27258,1,,,1,30,,27259,1,,,1,70,,27260,1,,,1,30,,27252,1,,,1,570,,27261,1,,,1
3501,'35-Weekday-11111100',749,,27262,21,4,,1,70,,27263,21,4,,1,30,,27264,21,4,,1,70,,27265,21,4,,1,28,,27266,21,4,,1,573,,27267,21,4,,1,30,,27268,21,4,,1,70,,27269,21,4,,1,30,,27270,21,4,,1,70,,27271,21,4,,1,30,,27272,21,4,,1,69,,27273,21,4,,1,522,,27274,21,4,,1
20500,'205-Holiday1-10000001',730,,31186,1,,,1,70,,31187,1,,,1,30,,31185,1,,,1,70,,31188,1,,,1,30,,31189,1,,,1,70,,31190,1,,,1,30,,31191,1,,,1,70,,31192,1,,,1,30,,31193,1,,,1,70,,31194,1,,,1,30,,31195,1,,,1,70,,31196,1,,,1,30,,31197,1,,,1,70,,31198,1,,,1,30,,31199,1,,,1,70,,31200,1,,,1,30,,31201,1,,,1,70,,31202,1,,,1,30,,31203,1,,,1,70,,31204,1,,,1,30,,31205,1,,,1,70,,31206,1,,,1,30,,31207,1,,,1,70,,31208,1,,,1,30,,31209,1,,,1,70,,31210,1,,,1,30,,31211,1,,,1,70,,31212,1,,,1,30,,31213,1,,,1,70,,31214,1,,,1,30,,31215,1,,,1,70,,31216,1,,,1,30,,31217,1,,,1
20500,'205-Saturday-10000010',630,,31218,1,,,1,70,,31219,1,,,1,30,,31220,1,,,1,70,,31221,1,,,1,30,,31222,1,,,1,70,,31223,1,,,1,30,,31224,1,,,1,70,,31225,1,,,1,30,,31226,1,,,1,70,,31227,1,,,1,30,,31228,1,,,1,70,,31229,1,,,1,30,,31230,1,,,1,70,,31231,1,,,1,30,,31232,1,,,1,70,,31233,1,,,1,30,,31234,1,,,1,70,,31235,1,,,1,30,,31236,1,,,1,70,,31237,1,,,1,30,,31238,1,,,1,70,,31239,1,,,1,30,,31240,1,,,1,70,,31241,1,,,1,30,,31242,1,,,1,70,,31243,1,,,1,30,,31244,1,,,1,70,,31245,1,,,1,30,,31246,1,,,1,70,,31247,1,,,1,30,,31248,1,,,1,70,,31249,1,,,1,30,,31250,1,,,1,70,,31251,1,,,1,30,,31252,1,,,1
20500,'205-Sunday-10000001',730,,31254,1,,,1,70,,31255,1,,,1,30,,31253,1,,,1,70,,31256,1,,,1,30,,31257,1,,,1,70,,31258,1,,,1,30,,31259,1,,,1,70,,31260,1,,,1,30,,31261,1,,,1,70,,31262,1,,,1,30,,31263,1,,,1,70,,31264,1,,,1,30,,31265,1,,,1,70,,31266,1,,,1,30,,31267,1,,,1,70,,31268,1,,,1,30,,31269,1,,,1,70,,31270,1,,,1,30,,31271,1,,,1,70,,31272,1,,,1,30,,31273,1,,,1,70,,31274,1,,,1,30,,31275,1,,,1,70,,31276,1,,,1,30,,31277,1,,,1,70,,31278,1,,,1,30,,31279,1,,,1,70,,31280,1,,,1,30,,31281,1,,,1,70,,31282,1,,,1,30,,31283,1,,,1,70,,31284,1,,,1,30,,31285,1,,,1
20500,'205-Weekday-11111100',625,,31340,1,,,1,30,,31286,1,,,1,55,,31337,1,,,1,15,,31291,1,,,1,15,,31339,1,,,1,15,,31338,1,,,1,55,,31287,1,,,1,15,,31288,1,,,1,15,,31289,1,,,1,15,,31290,1,,,1,55,,31292,1,,,1,20,,31293,1,,,1,15,,31294,1,,,1,55,,31295,1,,,1,15,,31296,1,,,1,15,,31297,1,,,1,15,,31298,1,,,1,55,,31299,1,,,1,15,,31300,1,,,1,15,,31301,1,,,1,15,,31302,1,,,1,55,,31303,1,,,1,15,,31304,1,,,1,15,,31305,1,,,1,15,,31306,1,,,1,55,,31307,1,,,1,15,,31308,1,,,1,15,,31309,1,,,1,15,,31310,1,,,1,55,,31311,1,,,1,15,,31341,1,,,1,20,,31312,1,,,1,20,,31313,1,,,1,55,,31342,1,,,1,15,,31314,1,,,1,15,,31315,1,,,1,15,,31316,1,,,1,55,,31317,1,,,1,15,,31318,1,,,1,15,,31319,1,,,1,15,,31320,1,,,1,55,,31321,1,,,1,15,,31322,1,,,1,15,,31323,1,,,1,15,,31324,1,,,1,55,,31325,1,,,1,10,,31326,1,,,1,80,,31327,1,,,1,30,,31328,1,,,1,70,,31329,1,,,1,30,,31330,1,,,1,70,,31331,1,,,1,30,,31332,1,,,1,70,,31333,1,,,1,30,,31334,1,,,1,70,,31335,1,,,1,30,,31336,1,,,1
20501,'205-Holiday1-10000001',751,,31345,15,4,,1,70,,31346,15,4,,1,30,,31347,15,4,,1,70,,31348,15,4,,1,30,,31349,15,4,,1,70,,31350,15,4,,1,30,,31351,15,4,,1,70,,31352,15,4,,1,30,,31353,15,4,,1,70,,31354,15,4,,1,30,,31355,15,4,,1,70,,31356,15,4,,1,30,,31357,15,4,,1,70,,31358,15,4,,1,30,,31359,15,4,,1,70,,31360,15,4,,1,30,,31361,15,4,,1,70,,31362,15,4,,1,30,,31344,15,4,,1,70,,31363,15,4,,1,30,,31364,15,4,,1,70,,31365,15,4,,1,30,,31366,15,4,,1,70,,31367,15,4,,1,30,,31368,15,4,,1,70,,31369,15,4,,1,30,,31370,15,4,,1,70,,31371,15,4,,1,30,,31372,15,4,,1,70,,31373,15,4,,1,30,,31374,15,4,,1,70,,31375,15,4,,1,30,,31376,15,4,,1,70,,31377,15,4,,1
20501,'205-Saturday-10000010',651,,31380,15,4,,1,70,,31381,15,4,,1,30,,31382,15,4,,1,70,,31383,15,4,,1,30,,31384,15,4,,1,70,,31385,15,4,,1,30,,31386,15,4,,1,70,,31387,15,4,,1,30,,31388,15,4,,1,70,,31389,15,4,,1,30,,31390,15,4,,1,70,,31379,15,4,,1,30,,31391,15,4,,1,70,,31392,15,4,,1,30,,31393,15,4,,1,70,,31394,15,4,,1,30,,31395,15,4,,1,70,,31396,15,4,,1,30,,31397,15,4,,1,70,,31398,15,4,,1,30,,31399,15,4,,1,70,,31400,15,4,,1,30,,31401,15,4,,1,70,,31402,15,4,,1,30,,31403,15,4,,1,70,,31404,15,4,,1,30,,31405,15,4,,1,70,,31406,15,4,,1,30,,31407,15,4,,1,70,,31408,15,4,,1,30,,31409,15,4,,1,70,,31410,15,4,,1,30,,31411,15,4,,1,70,,31412,15,4,,1,30,,31413,15,4,,1,70,,31414,15,4,,1
20501,'205-Sunday-10000001',754,,31417,15,4,,1,70,,31418,15,4,,1,30,,31419,15,4,,1,70,,31420,15,4,,1,30,,31421,15,4,,1,70,,31422,15,4,,1,30,,31423,15,4,,1,70,,31424,15,4,,1,30,,31425,15,4,,1,70,,31426,15,4,,1,30,,31427,15,4,,1,70,,31428,15,4,,1,30,,31429,15,4,,1,70,,31430,15,4,,1,30,,31431,15,4,,1,70,,31432,15,4,,1,30,,31433,15,4,,1,70,,31434,15,4,,1,30,,31416,15,4,,1,70,,31435,15,4,,1,30,,31436,15,4,,1,70,,31437,15,4,,1,30,,31438,15,4,,1,70,,31439,15,4,,1,30,,31440,15,4,,1,70,,31441,15,4,,1,30,,31442,15,4,,1,70,,31443,15,4,,1,30,,31444,15,4,,1,70,,31445,15,4,,1,30,,31446,15,4,,1,70,,31447,15,4,,1,30,,31448,15,4,,1,70,,31449,15,4,,1
20501,'205-Weekday-11111100',624,,31510,15,4,,1,25,,31451,15,4,,1,71,,31452,15,4,,1,23,,31511,15,4,,1,10,,31453,15,4,,1,58,,31454,15,4,,1,15,,31455,15,4,,1,15,,31456,15,4,,1,15,,31457,15,4,,1,55,,31458,15,4,,1,15,,31459,15,4,,1,15,,31460,15,4,,1,14,,31461,15,4,,1,56,,31462,15,4,,1,14,,31463,15,4,,1,14,,31464,15,4,,1,15,,31465,15,4,,1,55,,31466,15,4,,1,15,,31467,15,4,,1,15,,31468,15,4,,1,15,,31469,15,4,,1,55,,31470,15,4,,1,15,,31471,15,4,,1,15,,31472,15,4,,1,15,,31473,15,4,,1,55,,31474,15,4,,1,15,,31475,15,4,,1,15,,31476,15,4,,1,15,,31477,15,4,,1,55,,31478,15,4,,1,15,,31479,15,4,,1,15,,31480,15,4,,1,17,,31481,15,4,,1,56,,31482,15,4,,1,16,,31483,15,4,,1,16,,31484,15,4,,1,15,,31485,15,4,,1,55,,31486,15,4,,1,15,,31487,15,4,,1,15,,31488,15,4,,1,15,,31489,15,4,,1,55,,31490,15,4,,1,15,,31491,15,4,,1,15,,31492,15,4,,1,15,,31493,15,4,,1,54,,31507,15,4,,1,13,,31494,15,4,,1,12,,31508,15,4,,1,14,,31495,15,4,,1,69,,31496,15,4,,1,30,,31497,15,4,,1,70,,31498,15,4,,1,30,,31499,15,4,,1,70,,31500,15,4,,1,30,,31501,15,4,,1,69,,31502,15,4,,1,29,,31503,15,4,,1,68,,31504,15,4,,1,30,,31505,15,4,,1,70,,31506,15,4,,1
