101,'1-Holiday1-10000001',847,,11053,53,,,1,100,,11054,53,,,1,71,,11055,53,,,1,33,,11056,53,,,1,70,,11057,53,,,1,30,,11058,53,,,1,70,,11059,53,,,1,30,,11060,53,,,1,70,,11061,53,,,1,30,,11062,53,,,1,70,,11063,53,,,1,30,,11064,53,,,1,70,,11065,53,,,1,30,,11066,53,,,1,70,,11067,53,,,1,30,,11068,53,,,1,70,,11069,53,,,1,30,,11070,53,,,1,68,,11071,53,,,1,28,,11072,53,,,1,100,,11073,53,,,1,100,,11074,53,,,1,100,,11075,53,,,1,100,,11076,53,,,1,100,,11077,53,,,1,100,,11078,53,,,1
101,'1-Saturday-10000010',647,,11079,53,,,1,70,,11080,53,,,1,30,,11081,53,,,1,70,,11082,53,,,1,30,,11083,53,,,1,71,,11084,53,,,1,33,,11085,53,,,1,70,,11086,53,,,1,30,,11087,53,,,1,70,,11088,53,,,1,30,,11089,53,,,1,70,,11090,53,,,1,30,,11091,53,,,1,70,,11092,53,,,1,30,,11093,53,,,1,70,,11094,53,,,1,30,,11095,53,,,1,70,,11096,53,,,1,30,,11097,53,,,1,70,,11098,53,,,1,30,,11099,53,,,1,70,,11100,53,,,1,30,,11101,53,,,1,68,,11102,53,,,1,28,,11103,53,,,1,70,,11104,53,,,1,30,,11105,53,,,1,70,,11106,53,,,1,30,,11107,53,,,1,70,,11108,53,,,1,30,,11109,53,,,1,70,,11110,53,,,1,30,,11111,53,,,1,70,,11112,53,,,1,30,,11113,53,,,1,100,,11114,53,,,1
101,'1-Sunday-10000001',847,,11115,53,,,1,100,,11116,53,,,1,71,,11117,53,,,1,33,,11118,53,,,1,70,,11119,53,,,1,30,,11120,53,,,1,70,,11121,53,,,1,30,,11122,53,,,1,70,,11123,53,,,1,30,,11124,53,,,1,70,,11125,53,,,1,30,,11126,53,,,1,70,,11127,53,,,1,30,,11128,53,,,1,70,,11129,53,,,1,30,,11130,53,,,1,70,,11131,53,,,1,30,,11132,53,,,1,68,,11133,53,,,1,28,,11134,53,,,1,100,,11135,53,,,1,100,,11136,53,,,1,100,,11137,53,,,1,100,,11138,53,,,1,100,,11139,53,,,1,100,,11140,53,,,1
101,'1-Weekday-11111100',632,,11177,53,,,1,15,,11175,53,,,1,56,,11179,43,,,1,17,,11176,53,,,1,17,,11178,43,,,1,16,,11141,53,,,1,70,,11142,53,,,1,30,,11143,53,,,1,70,,11144,53,,,1,29,,11145,53,,,1,70,,11146,53,,,1,30,,11155,53,,,1,70,,11156,53,,,1,30,,11157,53,,,1,70,,11158,53,,,1,30,,11159,53,,,1,70,,11160,53,,,1,30,,11161,53,,,1,70,,11162,53,,,1,31,,11163,53,,,1,71,,11147,53,,,1,30,,11148,53,,,1,70,,11149,53,,,1,30,,11150,53,,,1,70,,11151,53,,,1,30,,11152,53,,,1,69,,11153,53,,,1,29,,11154,53,,,1,70,,11164,53,,,1,30,,11165,53,,,1,70,,11166,53,,,1,30,,11167,53,,,1,70,,11168,53,,,1,30,,11169,53,,,1,66,,11170,53,,,1,28,,11171,53,,,1,70,,11172,53,,,1,30,,11173,53,,,1,100,,11174,53,,,1
2001,'20-Holiday1-10000001',822,,14666,41,,,1,30,,14667,41,,,1,70,,14668,41,,,1,30,,14669,41,,,1,71,,14670,41,,,1,31,,14671,41,,,1,70,,14672,41,,,1,30,,14673,41,,,1,70,,14674,41,,,1,30,,14675,41,,,1,70,,14676,41,,,1,30,,14677,41,,,1,70,,14678,41,,,1,30,,14679,41,,,1,70,,14680,41,,,1,30,,14681,41,,,1,70,,14682,41,,,1,30,,14683,41,,,1,70,,14684,41,,,1,30,,14685,41,,,1,69,,14686,41,,,1,29,,14687,41,,,1,70,,14688,41,,,1,30,,14689,41,,,1,70,,14690,41,,,1,30,,14691,41,,,1,70,,14692,41,,,1,30,,14693,41,,,1,70,,14694,41,,,1,30,,14695,41,,,1,70,,14696,41,,,1,30,,14697,41,,,1
2001,'20-Saturday-10000010',658,,14698,41,,,1,70,,14699,41,,,1,30,,14700,41,,,1,70,,14701,41,,,1,30,,14702,41,,,1,73,,14703,41,,,1,70,,14704,41,,,1,30,,14705,41,,,1,70,,14706,41,,,1,30,,14707,41,,,1,70,,14708,41,,,1,30,,14709,41,,,1,70,,14710,41,,,1,30,,14711,41,,,1,70,,14712,41,,,1,30,,14713,41,,,1,70,,14714,41,,,1,30,,14715,41,,,1,70,,14716,41,,,1,30,,14717,41,,,1,70,,14718,41,,,1,30,,14719,41,,,1,70,,14720,41,,,1,27,,14721,41,,,1,30,,14722,41,,,1,70,,14723,41,,,1,30,,14724,41,,,1,70,,14725,41,,,1,30,,14726,41,,,1,70,,14727,41,,,1,30,,14728,41,,,1,70,,14729,41,,,1,30,,14730,41,,,1,70,,14731,41,,,1,30,,14732,41,,,1,70,,14733,41,,,1
2001,'20-Sunday-10000001',817,,14734,41,,,1,30,,14735,41,,,1,70,,14736,41,,,1,30,,14737,41,,,1,71,,14738,41,,,1,31,,14739,41,,,1,70,,14740,41,,,1,30,,14741,41,,,1,70,,14742,41,,,1,30,,14743,41,,,1,70,,14744,41,,,1,30,,14745,41,,,1,70,,14746,41,,,1,30,,14747,41,,,1,70,,14748,41,,,1,30,,14749,41,,,1,70,,14750,41,,,1,30,,14751,41,,,1,70,,14752,41,,,1,30,,14753,41,,,1,69,,14754,41,,,1,29,,14755,41,,,1,70,,14756,41,,,1,30,,14757,41,,,1,70,,14758,41,,,1,30,,14759,41,,,1,70,,14760,41,,,1,30,,14761,41,,,1,70,,14762,41,,,1,30,,14763,41,,,1,70,,14764,41,,,1,30,,14765,41,,,1
2001,'20-Weekday-11111100',624,,14766,41,,,1,30,,14767,41,,,1,75,,14768,41,,,1,14,,14769,41,,,1,70,,14770,41,,,1,30,,14771,41,,,1,70,,14772,41,,,1,29,,14773,41,,,1,71,,14774,41,,,1,30,,14775,41,,,1,70,,14801,41,,,1,30,,14776,41,,,1,70,,14777,41,,,1,30,,14778,41,,,1,70,,14779,41,,,1,30,,14780,41,,,1,70,,14781,41,,,1,31,,14782,41,,,1,72,,14783,41,,,1,20,,14784,41,,,1,70,,14785,41,,,1,30,,14786,41,,,1,70,,14787,41,,,1,30,,14788,41,,,1,69,,14789,41,,,1,28,,14790,41,,,1,79,,14803,41,,,1,30,,14791,41,,,1,70,,14802,41,,,1,30,,14792,41,,,1,70,,14793,41,,,1,30,,14794,41,,,1,69,,14795,41,,,1,26,,14796,41,,,1,20,,14797,41,,,1,70,,14798,41,,,1,30,,14799,41,,,1,70,,14800,41,,,1
20401,'204-Holiday1-10000001',803,,20320,27,,,1,30,,20321,27,,,1,70,,20322,27,,,1,30,,20323,27,,,1,70,,20324,27,,,1,30,,20319,27,,,1,70,,20325,27,,,1,30,,20326,27,,,1,70,,20327,27,,,1,30,,20328,27,,,1,70,,20329,27,,,1,30,,20330,27,,,1,70,,20331,27,,,1,30,,20332,27,,,1,70,,20333,27,,,1,30,,20334,27,,,1,70,,20335,27,,,1,30,,20336,27,,,1,70,,20337,27,,,1,30,,20338,27,,,1,70,,20339,27,,,1,30,,20340,27,,,1,70,,20341,27,,,1,30,,20342,27,,,1,70,,20343,27,,,1,30,,20344,27,,,1,70,,20345,27,,,1,30,,20346,27,,,1,70,,20347,27,,,1,30,,20348,27,,,1,70,,20349,27,,,1,30,,20350,27,,,1,70,,20351,27,,,1
20401,'204-Saturday-10000010',703,,20386,27,,,1,30,,20352,27,,,1,70,,20353,27,,,1,30,,20354,27,,,1,70,,20355,27,,,1,30,,20356,27,,,1,70,,20357,27,,,1,30,,20385,27,,,1,70,,20358,27,,,1,30,,20359,27,,,1,70,,20360,27,,,1,30,,20361,27,,,1,70,,20362,27,,,1,30,,20363,27,,,1,70,,20364,27,,,1,30,,20365,27,,,1,70,,20366,27,,,1,30,,20367,27,,,1,70,,20368,27,,,1,30,,20369,27,,,1,70,,20370,27,,,1,30,,20371,27,,,1,70,,20372,27,,,1,30,,20373,27,,,1,70,,20374,27,,,1,30,,20375,27,,,1,70,,20376,27,,,1,30,,20377,27,,,1,70,,20378,27,,,1,30,,20379,27,,,1,70,,20380,27,,,1,30,,20381,27,,,1,70,,20382,27,,,1,30,,20383,27,,,1,70,,20384,27,,,1
20401,'204-Sunday-10000001',801,,20388,27,,,1,30,,20389,27,,,1,70,,20390,27,,,1,30,,20391,27,,,1,70,,20392,27,,,1,30,,20387,27,,,1,74,,20393,27,,,1,30,,20394,27,,,1,70,,20395,27,,,1,30,,20396,27,,,1,70,,20397,27,,,1,30,,20398,27,,,1,70,,20399,27,,,1,30,,20400,27,,,1,70,,20401,27,,,1,30,,20402,27,,,1,70,,20403,27,,,1,30,,20404,27,,,1,70,,20405,27,,,1,30,,20406,27,,,1,70,,20407,27,,,1,30,,20408,27,,,1,67,,20409,27,,,1,30,,20410,27,,,1,70,,20411,27,,,1,30,,20412,27,,,1,70,,20413,27,,,1,30,,20414,27,,,1,70,,20415,27,,,1,30,,20416,27,,,1,70,,20417,27,,,1,30,,20418,27,,,1,70,,20419,27,,,1
20401,'204-Weekday-11111100',627,,20477,27,,,1,31,,20471,27,,,1,73,,20420,27,,,1,16,,20478,27,,,1,55,,20472,27,,,1,15,,20421,27,,,1,15,,20473,27,,,1,15,,20422,27,,,1,55,,20423,27,,,1,15,,20424,27,,,1,15,,20425,27,,,1,14,,20426,27,,,1,55,,20427,27,,,1,15,,20428,27,,,1,19,,20429,27,,,1,15,,20430,27,,,1,55,,20431,27,,,1,15,,20432,27,,,1,15,,20433,27,,,1,15,,20434,27,,,1,55,,20435,27,,,1,15,,20436,27,,,1,15,,20437,27,,,1,15,,20438,27,,,1,55,,20439,27,,,1,15,,20440,27,,,1,15,,20441,27,,,1,15,,20442,27,,,1,55,,20443,27,,,1,15,,20444,27,,,1,15,,20445,27,,,1,17,,20446,27,,,1,56,,20447,27,,,1,16,,20448,27,,,1,10,,20476,27,,,1,13,,20449,27,,,1,60,,20450,27,,,1,15,,20451,27,,,1,15,,20452,27,,,1,15,,20453,27,,,1,55,,20454,27,,,1,15,,20455,27,,,1,15,,20456,27,,,1,15,,20457,27,,,1,55,,20475,27,,,1,13,,20458,27,,,1,13,,20459,27,,,1,14,,20460,27,,,1,67,,20474,27,,,1,10,,20461,27,,,1,80,,20462,27,,,1,30,,20463,27,,,1,70,,20464,27,,,1,30,,20465,27,,,1,70,,20466,27,,,1,27,,20467,27,,,1,28,,20468,27,,,1,70,,20469,27,,,1,30,,20470,27,,,1
