5600,'56-Holiday1-11111111',813,,28425,19,,,1,45,,28426,19,,,1,85,,28427,19,,,1,86,,28428,19,,,1,85,,28429,19,,,1,45,,28430,19,,,1,85,,28431,19,,,1,85,,28432,19,,,1,85,,28433,19,,,1,45,,28434,19,,,1,85,,28435,19,,,1,85,,28436,19,,,1,85,,28437,19,,,1,45,,28438,19,,,1,84,,28439,19,,,1,85,,28440,19,,,1,85,,28441,19,,,1,45,,28442,19,,,1,85,,28443,19,,,1,85,,28444,19,,,1,85,,28445,19,,,1
5600,'56-Saturday-10000010',657,,28446,19,,,1,85,,28447,19,,,1,70,,28448,19,,,1,30,,28449,19,,,1,74,,28450,19,,,1,30,,28451,19,,,1,70,,28452,19,,,1,30,,28453,19,,,1,70,,28454,19,,,1,30,,28455,19,,,1,70,,28456,19,,,1,30,,28457,19,,,1,70,,28458,19,,,1,30,,28459,19,,,1,70,,28460,19,,,1,30,,28461,19,,,1,70,,28462,19,,,1,30,,28463,19,,,1,70,,28464,19,,,1,30,,28465,19,,,1,70,,28466,19,,,1,30,,28467,19,,,1,68,,28468,19,,,1,45,,28469,19,,,1,85,,28470,19,,,1,85,,28471,19,,,1,85,,28472,19,,,1,45,,28473,19,,,1,85,,28474,19,,,1,85,,28475,19,,,1
5600,'56-Sunday-10000001',843,,28476,19,,,1,70,,28477,19,,,1,30,,28478,19,,,1,71,,28479,19,,,1,30,,28480,19,,,1,70,,28481,19,,,1,30,,28482,19,,,1,70,,28483,19,,,1,30,,28484,19,,,1,70,,28485,19,,,1,30,,28486,19,,,1,70,,28487,19,,,1,30,,28488,19,,,1,70,,28489,19,,,1,30,,28490,19,,,1,70,,28491,19,,,1,30,,28492,19,,,1,70,,28493,19,,,1,30,,28494,19,,,1,69,,28495,19,,,1,45,,28496,19,,,1,85,,28497,19,,,1,85,,28498,19,,,1,85,,28499,19,,,1,45,,28500,19,,,1,85,,28501,19,,,1,85,,28502,19,,,1
5600,'56-Weekday-11111100',542,,28536,19,,,1,70,,28537,19,,,1,30,,28538,19,,,1,73,,28539,19,,,1,30,,28503,19,,,1,70,,28504,19,,,1,30,,28505,19,,,1,70,,28506,19,,,1,31,,28535,19,,,1,70,,28534,19,,,1,30,,28533,19,,,1,70,,28532,19,,,1,30,,28531,19,,,1,70,,28530,19,,,1,30,,28529,19,,,1,70,,28528,19,,,1,30,,28527,19,,,1,70,,28526,19,,,1,33,,28525,19,,,1,70,,28524,19,,,1,30,,28523,19,,,1,70,,28522,19,,,1,30,,28521,19,,,1,70,,28520,19,,,1,30,,28519,19,,,1,65,,28518,19,,,1,30,,28517,19,,,1,70,,28516,19,,,1,30,,28515,19,,,1,70,,28514,19,,,1,30,,28513,19,,,1,70,,28512,19,,,1,30,,28511,19,,,1,68,,28510,19,,,1,30,,28509,19,,,1,70,,28508,19,,,1,30,,28507,19,,,1
6100,'61-Holiday1-11111111',843,,29094,19,,,1,70,,29066,19,,,1,30,,29067,19,,,1,72,,29068,19,,,1,31,,29069,19,,,1,70,,29070,19,,,1,30,,29071,19,,,1,70,,29072,19,,,1,30,,29073,19,,,1,70,,29074,19,,,1,30,,29075,19,,,1,70,,29076,19,,,1,30,,29077,19,,,1,70,,29078,19,,,1,30,,29079,19,,,1,70,,29080,19,,,1,30,,29081,19,,,1,70,,29082,19,,,1,30,,29083,19,,,1,68,,29084,19,,,1,24,,29085,19,,,1,70,,29086,19,,,1,30,,29087,19,,,1,70,,29088,19,,,1,30,,29089,19,,,1,70,,29090,19,,,1,30,,29091,19,,,1,70,,29092,19,,,1,30,,29093,19,,,1
6100,'61-Saturday-10000010',632,,29095,12,,,1,106,,29119,19,,,1,70,,29120,19,,,1,30,,29121,19,,,1,70,,29122,19,,,1,31,,29123,19,,,1,70,,29124,19,,,1,30,,29126,19,,,1,70,,29125,19,,,1,30,,29105,19,,,1,70,,29106,19,,,1,30,,29107,19,,,1,70,,29108,19,,,1,30,,29109,19,,,1,70,,29110,19,,,1,30,,29111,19,,,1,70,,29112,19,,,1,30,,29113,19,,,1,70,,29114,19,,,1,30,,29115,19,,,1,70,,29116,19,,,1,30,,29117,19,,,1,70,,29118,19,,,1,32,,29096,19,,,1,70,,29097,19,,,1,30,,29098,19,,,1,70,,29099,19,,,1,30,,29100,19,,,1,70,,29101,19,,,1,30,,29102,19,,,1,70,,29127,19,,,1,30,,29103,19,,,1,70,,29104,19,,,1,30,,29128,19,,,1
6100,'61-Sunday-10000001',843,,29134,19,,,1,70,,29133,19,,,1,30,,29132,19,,,1,72,,29131,19,,,1,31,,29130,19,,,1,70,,29129,19,,,1,30,,29143,19,,,1,70,,29142,19,,,1,30,,29141,19,,,1,70,,29140,19,,,1,30,,29139,19,,,1,70,,29138,19,,,1,30,,29137,19,,,1,70,,29136,19,,,1,30,,29135,19,,,1,70,,29157,19,,,1,30,,29155,19,,,1,70,,29156,19,,,1,30,,29154,19,,,1,68,,29153,19,,,1,24,,29152,19,,,1,70,,29151,19,,,1,30,,29150,19,,,1,70,,29148,19,,,1,30,,29147,19,,,1,70,,29146,19,,,1,30,,29145,19,,,1,70,,29144,19,,,1,30,,29149,19,,,1
6100,'61-Weekday-11111100',603,,29191,12,,,1,37,,29170,19,,,1,71,,29171,19,,,1,30,,29178,19,,,1,15,,29192,19,,,1,55,,29179,19,,,1,15,,29193,19,,,1,15,,29175,19,,,1,15,,29194,19,,,1,55,,29172,19,,,1,15,,29195,19,,,1,15,,29174,19,,,1,15,,29196,19,,,1,55,,29173,19,,,1,30,,29180,19,,,1,70,,29158,19,,,1,30,,29181,19,,,1,70,,29182,19,,,1,30,,29159,19,,,1,70,,29160,19,,,1,30,,29161,19,,,1,70,,29205,19,,,1,32,,29162,19,,,1,70,,29163,19,,,1,15,,29197,19,,,1,15,,29164,19,,,1,15,,29198,19,,,1,55,,29165,19,,,1,15,,29199,19,,,1,15,,29166,19,,,1,15,,29200,19,,,1,55,,29167,19,,,1,15,,29201,19,,,1,15,,29168,19,,,1,15,,29202,19,,,1,53,,29169,19,,,1,15,,29203,19,,,1,15,,29177,19,,,1,15,,29204,19,,,1,55,,29176,19,,,1,30,,29190,19,,,1,70,,29189,19,,,1,30,,29188,19,,,1,70,,29187,19,,,1,30,,29186,19,,,1,69,,29206,19,,,1,30,,29185,19,,,1,70,,29184,19,,,1,30,,29183,19,,,1
20601,'206-Holiday1-10000001',803,,31701,10,,,1,30,,31671,10,,,1,70,,31690,10,,,1,30,,31689,10,,,1,71,,31688,10,,,1,32,,31687,10,,,1,70,,31686,10,,,1,30,,31685,10,,,1,70,,31684,10,,,1,30,,31683,10,,,1,70,,31682,10,,,1,30,,31681,10,,,1,70,,31680,10,,,1,30,,31679,10,,,1,70,,31678,10,,,1,30,,31677,10,,,1,70,,31676,10,,,1,30,,31675,10,,,1,70,,31674,10,,,1,30,,31673,10,,,1,70,,31672,10,,,1,28,,31691,10,,,1,70,,31700,10,,,1,30,,31699,10,,,1,70,,31698,10,,,1,30,,31697,10,,,1,70,,31696,10,,,1,30,,31695,10,,,1,70,,31694,10,,,1,30,,31693,10,,,1,70,,31692,10,,,1,30,,31702,10,0,8 9,1
20601,'206-Saturday-10000010',646,,31714,10,,,1,70,,31715,10,,,1,20,,31716,10,,,1,70,,31717,10,,,1,30,,31718,10,,,1,71,,31719,10,,,1,31,,31720,10,,,1,70,,31721,10,,,1,30,,31722,10,,,1,70,,31723,10,,,1,30,,31724,10,,,1,70,,31725,10,,,1,30,,31726,10,,,1,70,,31727,10,,,1,30,,31728,10,,,1,70,,31729,10,,,1,30,,31730,10,,,1,70,,31731,10,,,1,30,,31732,10,,,1,70,,31733,10,,,1,30,,31734,10,,,1,70,,31735,10,,,1,30,,31736,10,,,1,69,,31737,10,,,1,29,,31738,10,,,1,70,,31713,10,,,1,30,,31711,10,,,1,70,,31710,10,,,1,30,,31707,10,,,1,70,,31709,10,,,1,30,,31708,10,,,1,70,,31712,10,,,1,30,,31706,10,,,1,70,,31705,10,,,1,30,,31740,10,0,8 9,1,70,,31739,10,0,8 9,1
20601,'206-Sunday-10000001',803,,31741,10,,,1,30,,31742,10,,,1,70,,31743,10,,,1,30,,31744,10,,,1,71,,31745,10,,,1,32,,31746,10,,,1,70,,31747,10,,,1,30,,31748,10,,,1,70,,31749,10,,,1,30,,31750,10,,,1,70,,31751,10,,,1,30,,31752,10,,,1,70,,31753,10,,,1,30,,31754,10,,,1,70,,31755,10,,,1,30,,31756,10,,,1,70,,31757,10,,,1,30,,31758,10,,,1,70,,31759,10,,,1,30,,31760,10,,,1,70,,31761,10,,,1,28,,31762,10,,,1,70,,31763,10,,,1,30,,31764,10,,,1,70,,31765,10,,,1,30,,31766,10,,,1,70,,31767,10,,,1,30,,31768,10,,,1,70,,31769,10,,,1,30,,31770,10,,,1,70,,31771,10,,,1,30,,31774,10,0,8 9,1,70,,31773,10,0,8 9,1
20601,'206-Weekday-11111100',554,,31826,8,,,1,55,,31823,10,,,1,20,,31775,10,,,1,20,,31824,10,,,1,61,,31817,10,,,1,23,,31818,10,,,1,20,,31825,10,,,1,60,,31819,10,,,1,20,,31820,10,,,1,20,,31821,10,,,1,60,,31822,10,,,1,20,,31813,10,,,1,19,,31806,10,,,1,60,,31811,10,,,1,20,,31807,10,,,1,20,,31791,10,,,1,60,,31790,10,,,1,20,,31814,10,,,1,20,,31808,10,,,1,60,,31794,10,,,1,20,,31815,10,,,1,20,,31809,10,,,1,60,,31810,10,,,1,20,,31795,10,,,1,20,,31793,10,,,1,60,,31789,10,,,1,20,,31792,10,,,1,22,,31796,10,,,1,60,,31812,10,,,1,20,,31798,10,,,1,20,,31797,10,,,1,60,,31799,10,,,1,20,,31800,10,,,1,20,,31801,10,,,1,60,,31802,10,,,1,20,,31803,10,,,1,20,,31804,10,,,1,58,,31805,10,,,1,20,,31816,10,,,1,20,,31776,10,,,1,70,,31777,10,,,1,30,,31778,10,,,1,70,,31779,10,,,1,30,,31780,10,,,1,70,,31781,10,,,1,30,,31784,10,,,1,67,,31786,10,,,1,30,,31827,10,,,1,70,,31787,10,,,1,30,,31785,10,0,8 9,1,70,,31788,10,0,8 9,1
