'1-Holiday1-10000001',20260518,1
'1-Saturday-10000010',20260502,1,20260509,1,20260516,1,20260523,1,20260530,1,20260606,1,20260613,1,20260620,1
'1-Sunday-10000001',20260503,1,20260510,1,20260517,1,20260524,1,20260531,1,20260607,1,20260614,1,20260621,1
'1-Weekday-11111100',20260427,1,20260428,1,20260429,1,20260430,1,20260501,1,20260504,1,20260505,1,20260506,1,20260507,1,20260508,1,20260511,1,20260512,1,20260513,1,20260514,1,20260515,1,20260519,1,20260520,1,20260521,1,20260522,1,20260525,1,20260526,1,20260527,1,20260528,1,20260529,1,20260601,1,20260602,1,20260603,1,20260604,1,20260605,1,20260608,1,20260609,1,20260610,1,20260611,1,20260612,1,20260615,1,20260616,1,20260617,1,20260618,1,20260619,1
'10-Holiday1-10000001',20260518,1
'10-Saturday-10000010',20260502,1,20260509,1,20260516,1,20260523,1,20260530,1,20260606,1,20260613,1,20260620,1
'10-Sunday-10000001',20260503,1,20260510,1,20260517,1,20260524,1,20260531,1,20260607,1,20260614,1,20260621,1
'10-Weekday-11111100',20260427,1,20260428,1,20260429,1,20260430,1,20260501,1,20260504,1,20260505,1,20260506,1,20260507,1,20260508,1,20260511,1,20260512,1,20260513,1,20260514,1,20260515,1,20260519,1,20260520,1,20260521,1,20260522,1,20260525,1,20260526,1,20260527,1,20260528,1,20260529,1,20260601,1,20260602,1,20260603,1,20260604,1,20260605,1,20260608,1,20260609,1,20260610,1,20260611,1,20260612,1,20260615,1,20260616,1,20260617,1,20260618,1,20260619,1
'12-Holiday1-10000001',20260518,1
'12-Saturday-10000010',20260502,1,20260509,1,20260516,1,20260523,1,20260530,1,20260606,1,20260613,1,20260620,1
'12-Sunday-10000001',20260503,1,20260510,1,20260517,1,20260524,1,20260531,1,20260607,1,20260614,1,20260621,1
'12-Weekday-11111100',20260427,1,20260428,1,20260429,1,20260430,1,20260501,1,20260504,1,20260505,1,20260506,1,20260507,1,20260508,1,20260511,1,20260512,1,20260513,1,20260514,1,20260515,1,20260519,1,20260520,1,20260521,1,20260522,1,20260525,1,20260526,1,20260527,1,20260528,1,20260529,1,20260601,1,20260602,1,20260603,1,20260604,1,20260605,1,20260608,1,20260609,1,20260610,1,20260611,1,20260612,1,20260615,1,20260616,1,20260617,1,20260618,1,20260619,1
'13-Holiday1-10000001',20260518,1
'13-Saturday-10000010',20260502,1,20260509,1,20260516,1,20260523,1,20260530,1,20260606,1,20260613,1,20260620,1
'13-Sunday-10000001',20260503,1,20260510,1,20260517,1,20260524,1,20260531,1,20260607,1,20260614,1,20260621,1
'13-Weekday-11111100',20260427,1,20260428,1,20260429,1,20260430,1,20260501,1,20260504,1,20260505,1,20260506,1,20260507,1,20260508,1,20260511,1,20260512,1,20260513,1,20260514,1,20260515,1,20260519,1,20260520,1,20260521,1,20260522,1,20260525,1,20260526,1,20260527,1,20260528,1,20260529,1,20260601,1,20260602,1,20260603,1,20260604,1,20260605,1,20260608,1,20260609,1,20260610,1,20260611,1,20260612,1,20260615,1,20260616,1,20260617,1,20260618,1,20260619,1
'14-Weekday-21111100',20260427,1,20260428,1,20260429,1,20260430,1,20260501,1,20260504,1,20260505,1,20260506,1,20260507,1,20260508,1,20260511,1,20260512,1,20260513,1,20260514,1,20260515,1,20260519,1,20260520,1,20260521,1,20260522,1,20260525,1,20260526,1,20260527,1,20260528,1,20260529,1,20260601,1,20260602,1,20260603,1,20260604,1,20260605,1,20260608,1,20260609,1,20260610,1,20260611,1,20260612,1,20260615,1,20260616,1,20260617,1,20260618,1,20260619,1
'16-Holiday1-10000001',20260518,1
'16-Saturday-10000010',20260502,1,20260509,1,20260516,1,20260523,1,20260530,1,20260606,1,20260613,1,20260620,1
'16-Sunday-10000001',20260503,1,20260510,1,20260517,1,20260524,1,20260531,1,20260607,1,20260614,1,20260621,1
'16-Weekday-11111100',20260427,1,20260428,1,20260429,1,20260430,1,20260501,1,20260504,1,20260505,1,20260506,1,20260507,1,20260508,1,20260511,1,20260512,1,20260513,1,20260514,1,20260515,1,20260519,1,20260520,1,20260521,1,20260522,1,20260525,1,20260526,1,20260527,1,20260528,1,20260529,1,20260601,1,20260602,1,20260603,1,20260604,1,20260605,1,20260608,1,20260609,1,20260610,1,20260611,1,20260612,1,20260615,1,20260616,1,20260617,1,20260618,1,20260619,1
'19-Holiday1-10000001',20260518,1
'19-Saturday-10000010',20260502,1,20260509,1,20260516,1,20260523,1,20260530,1,20260606,1,20260613,1,20260620,1
'19-Sunday-10000001',20260503,1,20260510,1,20260517,1,20260524,1,20260531,1,20260607,1,20260614,1,20260621,1
'19-Weekday-11111100',20260427,1,20260428,1,20260429,1,20260430,1,20260501,1,20260504,1,20260505,1,20260506,1,20260507,1,20260508,1,20260511,1,20260512,1,20260513,1,20260514,1,20260515,1,20260519,1,20260520,1,20260521,1,20260522,1,20260525,1,20260526,1,20260527,1,20260528,1,20260529,1,20260601,1,20260602,1,20260603,1,20260604,1,20260605,1,20260608,1,20260609,1,20260610,1,20260611,1,20260612,1,20260615,1,20260616,1,20260617,1,20260618,1,20260619,1
'20-Holiday1-10000001',20260518,1
'20-Saturday-10000010',20260502,1,20260509,1,20260516,1,20260523,1,20260530,1,20260606,1,20260613,1,20260620,1
'20-Sunday-10000001',20260503,1,20260510,1,20260517,1,20260524,1,20260531,1,20260607,1,20260614,1,20260621,1
'20-Weekday-11111100',20260427,1,20260428,1,20260429,1,20260430,1,20260501,1,20260504,1,20260505,1,20260506,1,20260507,1,20260508,1,20260511,1,20260512,1,20260513,1,20260514,1,20260515,1,20260519,1,20260520,1,20260521,1,20260522,1,20260525,1,20260526,1,20260527,1,20260528,1,20260529,1,20260601,1,20260602,1,20260603,1,20260604,1,20260605,1,20260608,1,20260609,1,20260610,1,20260611,1,20260612,1,20260615,1,20260616,1,20260617,1,20260618,1,20260619,1
'201-Holiday1-10000001',20260518,1
'201-Saturday-10000010',20260502,1,20260509,1,20260516,1,20260523,1,20260530,1,20260606,1,20260613,1,20260620,1
'201-Sunday-10000001',20260503,1,20260510,1,20260517,1,20260524,1,20260531,1,20260607,1,20260614,1,20260621,1
'201-Weekday-11111100',20260427,1,20260428,1,20260429,1,20260430,1,20260501,1,20260504,1,20260505,1,20260506,1,20260507,1,20260508,1,20260511,1,20260512,1,20260513,1,20260514,1,20260515,1,20260519,1,20260520,1,20260521,1,20260522,1,20260525,1,20260526,1,20260527,1,20260528,1,20260529,1,20260601,1,20260602,1,20260603,1,20260604,1,20260605,1,20260608,1,20260609,1,20260610,1,20260611,1,20260612,1,20260615,1,20260616,1,20260617,1,20260618,1,20260619,1
'202-Holiday1-10000001',20260518,1
'202-Saturday-10000010',20260502,1,20260509,1,20260516,1,20260523,1,20260530,1,20260606,1,20260613,1,20260620,1
'202-Sunday-10000001',20260503,1,20260510,1,20260517,1,20260524,1,20260531,1,20260607,1,20260614,1,20260621,1
'202-Weekday-11111100',20260427,1,20260428,1,20260429,1,20260430,1,20260501,1,20260504,1,20260505,1,20260506,1,20260507,1,20260508,1,20260511,1,20260512,1,20260513,1,20260514,1,20260515,1,20260519,1,20260520,1,20260521,1,20260522,1,20260525,1,20260526,1,20260527,1,20260528,1,20260529,1,20260601,1,20260602,1,20260603,1,20260604,1,20260605,1,20260608,1,20260609,1,20260610,1,20260611,1,20260612,1,20260615,1,20260616,1,20260617,1,20260618,1,20260619,1
'203-Holiday1-10000001',20260518,1
'203-Saturday-10000010',20260502,1,20260509,1,20260516,1,20260523,1,20260530,1,20260606,1,20260613,1,20260620,1
'203-Sunday-10000001',20260503,1,20260510,1,20260517,1,20260524,1,20260531,1,20260607,1,20260614,1,20260621,1
'203-Weekday-11111100',20260427,1,20260428,1,20260429,1,20260430,1,20260501,1,20260504,1,20260505,1,20260506,1,20260507,1,20260508,1,20260511,1,20260512,1,20260513,1,20260514,1,20260515,1,20260519,1,20260520,1,20260521,1,20260522,1,20260525,1,20260526,1,20260527,1,20260528,1,20260529,1,20260601,1,20260602,1,20260603,1,20260604,1,20260605,1,20260608,1,20260609,1,20260610,1,20260611,1,20260612,1,20260615,1,20260616,1,20260617,1,20260618,1,20260619,1
'204-Holiday1-10000001',20260518,1
'204-Saturday-10000010',20260502,1,20260509,1,20260516,1,20260523,1,20260530,1,20260606,1,20260613,1,20260620,1
'204-Sunday-10000001',20260503,1,20260510,1,20260517,1,20260524,1,20260531,1,20260607,1,20260614,1,20260621,1
'204-Weekday-11111100',20260427,1,20260428,1,20260429,1,20260430,1,20260501,1,20260504,1,20260505,1,20260506,1,20260507,1,20260508,1,20260511,1,20260512,1,20260513,1,20260514,1,20260515,1,20260519,1,20260520,1,20260521,1,20260522,1,20260525,1,20260526,1,20260527,1,20260528,1,20260529,1,20260601,1,20260602,1,20260603,1,20260604,1,20260605,1,20260608,1,20260609,1,20260610,1,20260611,1,20260612,1,20260615,1,20260616,1,20260617,1,20260618,1,20260619,1
'205-Holiday1-10000001',20260518,1
'205-Saturday-10000010',20260502,1,20260509,1,20260516,1,20260523,1,20260530,1,20260606,1,20260613,1,20260620,1
'205-Sunday-10000001',20260503,1,20260510,1,20260517,1,20260524,1,20260531,1,20260607,1,20260614,1,20260621,1
'205-Weekday-11111100',20260427,1,20260428,1,20260429,1,20260430,1,20260501,1,20260504,1,20260505,1,20260506,1,20260507,1,20260508,1,20260511,1,20260512,1,20260513,1,20260514,1,20260515,1,20260519,1,20260520,1,20260521,1,20260522,1,20260525,1,20260526,1,20260527,1,20260528,1,20260529,1,20260601,1,20260602,1,20260603,1,20260604,1,20260605,1,20260608,1,20260609,1,20260610,1,20260611,1,20260612,1,20260615,1,20260616,1,20260617,1,20260618,1,20260619,1
'206-Holiday1-10000001',20260518,1
'206-Saturday-10000010',20260502,1,20260509,1,20260516,1,20260523,1,20260530,1,20260606,1,20260613,1,20260620,1
'206-Sunday-10000001',20260503,1,20260510,1,20260517,1,20260524,1,20260531,1,20260607,1,20260614,1,20260621,1
'206-Weekday-11111100',20260427,1,20260428,1,20260429,1,20260430,1,20260501,1,20260504,1,20260505,1,20260506,1,20260507,1,20260508,1,20260511,1,20260512,1,20260513,1,20260514,1,20260515,1,20260519,1,20260520,1,20260521,1,20260522,1,20260525,1,20260526,1,20260527,1,20260528,1,20260529,1,20260601,1,20260602,1,20260603,1,20260604,1,20260605,1,20260608,1,20260609,1,20260610,1,20260611,1,20260612,1,20260615,1,20260616,1,20260617,1,20260618,1,20260619,1
'21-Saturday-10000010',20260502,1,20260509,1,20260516,1,20260523,1,20260530,1,20260606,1,20260613,1,20260620,1
'21-Sunday-10000001',20260503,1,20260510,1,20260517,1,20260524,1,20260531,1,20260607,1,20260614,1,20260621,1
'21-Weekday-11111100',20260427,1,20260428,1,20260429,1,20260430,1,20260501,1,20260504,1,20260505,1,20260506,1,20260507,1,20260508,1,20260511,1,20260512,1,20260513,1,20260514,1,20260515,1,20260519,1,20260520,1,20260521,1,20260522,1,20260525,1,20260526,1,20260527,1,20260528,1,20260529,1,20260601,1,20260602,1,20260603,1,20260604,1,20260605,1,20260608,1,20260609,1,20260610,1,20260611,1,20260612,1,20260615,1,20260616,1,20260617,1,20260618,1,20260619,1
'22-Saturday-10000010',20260502,1,20260509,1,20260516,1,20260523,1,20260530,1,20260606,1,20260613,1,20260620,1
'22-Sunday-10000001',20260503,1,20260510,1,20260517,1,20260524,1,20260531,1,20260607,1,20260614,1,20260621,1
'22-Weekday-11111100',20260427,1,20260428,1,20260429,1,20260430,1,20260501,1,20260504,1,20260505,1,20260506,1,20260507,1,20260508,1,20260511,1,20260512,1,20260513,1,20260514,1,20260515,1,20260519,1,20260520,1,20260521,1,20260522,1,20260525,1,20260526,1,20260527,1,20260528,1,20260529,1,20260601,1,20260602,1,20260603,1,20260604,1,20260605,1,20260608,1,20260609,1,20260610,1,20260611,1,20260612,1,20260615,1,20260616,1,20260617,1,20260618,1,20260619,1
'23-Saturday-10000010',20260502,1,20260509,1,20260516,1,20260523,1,20260530,1,20260606,1,20260613,1,20260620,1
'23-Sunday-10000001',20260503,1,20260510,1,20260517,1,20260524,1,20260531,1,20260607,1,20260614,1,20260621,1
'23-Weekday-11111100',20260427,1,20260428,1,20260429,1,20260430,1,20260501,1,20260504,1,20260505,1,20260506,1,20260507,1,20260508,1,20260511,1,20260512,1,20260513,1,20260514,1,20260515,1,20260519,1,20260520,1,20260521,1,20260522,1,20260525,1,20260526,1,20260527,1,20260528,1,20260529,1,20260601,1,20260602,1,20260603,1,20260604,1,20260605,1,20260608,1,20260609,1,20260610,1,20260611,1,20260612,1,20260615,1,20260616,1,20260617,1,20260618,1,20260619,1
'26-Weekday-11111100',20260427,1,20260428,1,20260429,1,20260430,1,20260501,1,20260504,1,20260505,1,20260506,1,20260507,1,20260508,1,20260511,1,20260512,1,20260513,1,20260514,1,20260515,1,20260519,1,20260520,1,20260521,1,20260522,1,20260525,1,20260526,1,20260527,1,20260528,1,20260529,1,20260601,1,20260602,1,20260603,1,20260604,1,20260605,1,20260608,1,20260609,1,20260610,1,20260611,1,20260612,1,20260615,1,20260616,1,20260617,1,20260618,1,20260619,1
'27-Holiday1-10000001',20260518,1
'27-Saturday-10000010',20260502,1,20260509,1,20260516,1,20260523,1,20260530,1,20260606,1,20260613,1,20260620,1
'27-Sunday-10000001',20260503,1,20260510,1,20260517,1,20260524,1,20260531,1,20260607,1,20260614,1,20260621,1
'27-Weekday-11111100',20260427,1,20260428,1,20260429,1,20260430,1,20260501,1,20260504,1,20260505,1,20260506,1,20260507,1,20260508,1,20260511,1,20260512,1,20260513,1,20260514,1,20260515,1,20260519,1,20260520,1,20260521,1,20260522,1,20260525,1,20260526,1,20260527,1,20260528,1,20260529,1,20260601,1,20260602,1,20260603,1,20260604,1,20260605,1,20260608,1,20260609,1,20260610,1,20260611,1,20260612,1,20260615,1,20260616,1,20260617,1,20260618,1,20260619,1
'28-Holiday1-10000001',20260518,1
'28-Saturday-10000010',20260502,1,20260509,1,20260516,1,20260523,1,20260530,1,20260606,1,20260613,1,20260620,1
'28-Sunday-10000001',20260503,1,20260510,1,20260517,1,20260524,1,20260531,1,20260607,1,20260614,1,20260621,1
'28-Weekday-11111100',20260427,1,20260428,1,20260429,1,20260430,1,20260501,1,20260504,1,20260505,1,20260506,1,20260507,1,20260508,1,20260511,1,20260512,1,20260513,1,20260514,1,20260515,1,20260519,1,20260520,1,20260521,1,20260522,1,20260525,1,20260526,1,20260527,1,20260528,1,20260529,1,20260601,1,20260602,1,20260603,1,20260604,1,20260605,1,20260608,1,20260609,1,20260610,1,20260611,1,20260612,1,20260615,1,20260616,1,20260617,1,20260618,1,20260619,1
'29-Saturday-10000010',20260502,1,20260509,1,20260516,1,20260523,1,20260530,1,20260606,1,20260613,1,20260620,1
'29-Sunday-10000001',20260503,1,20260510,1,20260517,1,20260524,1,20260531,1,20260607,1,20260614,1,20260621,1
'29-Weekday-11111100',20260427,1,20260428,1,20260429,1,20260430,1,20260501,1,20260504,1,20260505,1,20260506,1,20260507,1,20260508,1,20260511,1,20260512,1,20260513,1,20260514,1,20260515,1,20260519,1,20260520,1,20260521,1,20260522,1,20260525,1,20260526,1,20260527,1,20260528,1,20260529,1,20260601,1,20260602,1,20260603,1,20260604,1,20260605,1,20260608,1,20260609,1,20260610,1,20260611,1,20260612,1,20260615,1,20260616,1,20260617,1,20260618,1,20260619,1
'3-Saturday-10000010',20260502,1,20260509,1,20260516,1,20260523,1,20260530,1,20260606,1,20260613,1,20260620,1
'3-Sunday-10000001',20260503,1,20260510,1,20260517,1,20260524,1,20260531,1,20260607,1,20260614,1,20260621,1
'3-Weekday-11111100',20260427,1,20260428,1,20260429,1,20260430,1,20260501,1,20260504,1,20260505,1,20260506,1,20260507,1,20260508,1,20260511,1,20260512,1,20260513,1,20260514,1,20260515,1,20260519,1,20260520,1,20260521,1,20260522,1,20260525,1,20260526,1,20260527,1,20260528,1,20260529,1,20260601,1,20260602,1,20260603,1,20260604,1,20260605,1,20260608,1,20260609,1,20260610,1,20260611,1,20260612,1,20260615,1,20260616,1,20260617,1,20260618,1,20260619,1
'30-Holiday1-10000001',20260518,1
'30-Saturday-10000010',20260502,1,20260509,1,20260516,1,20260523,1,20260530,1,20260606,1,20260613,1,20260620,1
'30-Sunday-10000001',20260503,1,20260510,1,20260517,1,20260524,1,20260531,1,20260607,1,20260614,1,20260621,1
'30-Weekday-11111100',20260427,1,20260428,1,20260429,1,20260430,1,20260501,1,20260504,1,20260505,1,20260506,1,20260507,1,20260508,1,20260511,1,20260512,1,20260513,1,20260514,1,20260515,1,20260519,1,20260520,1,20260521,1,20260522,1,20260525,1,20260526,1,20260527,1,20260528,1,20260529,1,20260601,1,20260602,1,20260603,1,20260604,1,20260605,1,20260608,1,20260609,1,20260610,1,20260611,1,20260612,1,20260615,1,20260616,1,20260617,1,20260618,1,20260619,1
'302-Holiday1-10000001',20260518,1
'302-Holiday1-11111111',20260518,1
'302-Saturday-10000010',20260502,1,20260509,1,20260516,1,20260523,1,20260530,1,20260606,1,20260613,1,20260620,1
'302-Sunday-10000001',20260503,1,20260510,1,20260517,1,20260524,1,20260531,1,20260607,1,20260614,1,20260621,1
'302-Weekday-11111100',20260427,1,20260428,1,20260429,1,20260430,1,20260501,1,20260504,1,20260505,1,20260506,1,20260507,1,20260508,1,20260511,1,20260512,1,20260513,1,20260514,1,20260515,1,20260519,1,20260520,1,20260521,1,20260522,1,20260525,1,20260526,1,20260527,1,20260528,1,20260529,1,20260601,1,20260602,1,20260603,1,20260604,1,20260605,1,20260608,1,20260609,1,20260610,1,20260611,1,20260612,1,20260615,1,20260616,1,20260617,1,20260618,1,20260619,1
'31-Saturday-10000010',20260502,1,20260509,1,20260516,1,20260523,1,20260530,1,20260606,1,20260613,1,20260620,1
'31-Sunday-10000001',20260503,1,20260510,1,20260517,1,20260524,1,20260531,1,20260607,1,20260614,1,20260621,1
'31-Weekday-11111100',20260427,1,20260428,1,20260429,1,20260430,1,20260501,1,20260504,1,20260505,1,20260506,1,20260507,1,20260508,1,20260511,1,20260512,1,20260513,1,20260514,1,20260515,1,20260519,1,20260520,1,20260521,1,20260522,1,20260525,1,20260526,1,20260527,1,20260528,1,20260529,1,20260601,1,20260602,1,20260603,1,20260604,1,20260605,1,20260608,1,20260609,1,20260610,1,20260611,1,20260612,1,20260615,1,20260616,1,20260617,1,20260618,1,20260619,1
'33-Saturday-10000010',20260502,1,20260509,1,20260516,1,20260523,1,20260530,1,20260606,1,20260613,1,20260620,1
'33-Sunday-10000001',20260503,1,20260510,1,20260517,1,20260524,1,20260531,1,20260607,1,20260614,1,20260621,1
'33-Weekday-11111100',20260427,1,20260428,1,20260429,1,20260430,1,20260501,1,20260504,1,20260505,1,20260506,1,20260507,1,20260508,1,20260511,1,20260512,1,20260513,1,20260514,1,20260515,1,20260519,1,20260520,1,20260521,1,20260522,1,20260525,1,20260526,1,20260527,1,20260528,1,20260529,1,20260601,1,20260602,1,20260603,1,20260604,1,20260605,1,20260608,1,20260609,1,20260610,1,20260611,1,20260612,1,20260615,1,20260616,1,20260617,1,20260618,1,20260619,1
'34-Weekday-11111100',20260427,1,20260428,1,20260429,1,20260430,1,20260501,1,20260504,1,20260505,1,20260506,1,20260507,1,20260508,1,20260511,1,20260512,1,20260513,1,20260514,1,20260515,1,20260519,1,20260520,1,20260521,1,20260522,1,20260525,1,20260526,1,20260527,1,20260528,1,20260529,1,20260601,1,20260602,1,20260603,1,20260604,1,20260605,1,20260608,1,20260609,1,20260610,1,20260611,1,20260612,1,20260615,1,20260616,1,20260617,1,20260618,1,20260619,1
'35-Weekday-11111100',20260427,1,20260428,1,20260429,1,20260430,1,20260501,1,20260504,1,20260505,1,20260506,1,20260507,1,20260508,1,20260511,1,20260512,1,20260513,1,20260514,1,20260515,1,20260519,1,20260520,1,20260521,1,20260522,1,20260525,1,20260526,1,20260527,1,20260528,1,20260529,1,20260601,1,20260602,1,20260603,1,20260604,1,20260605,1,20260608,1,20260609,1,20260610,1,20260611,1,20260612,1,20260615,1,20260616,1,20260617,1,20260618,1,20260619,1
'36-Saturday-10000010',20260502,1,20260509,1,20260516,1,20260523,1,20260530,1,20260606,1,20260613,1,20260620,1
'36-Sunday-10000001',20260503,1,20260510,1,20260517,1,20260524,1,20260531,1,20260607,1,20260614,1,20260621,1
'36-Weekday-11111100',20260427,1,20260428,1,20260429,1,20260430,1,20260501,1,20260504,1,20260505,1,20260506,1,20260507,1,20260508,1,20260511,1,20260512,1,20260513,1,20260514,1,20260515,1,20260519,1,20260520,1,20260521,1,20260522,1,20260525,1,20260526,1,20260527,1,20260528,1,20260529,1,20260601,1,20260602,1,20260603,1,20260604,1,20260605,1,20260608,1,20260609,1,20260610,1,20260611,1,20260612,1,20260615,1,20260616,1,20260617,1,20260618,1,20260619,1
'4-Saturday-10000010',20260502,1,20260509,1,20260516,1,20260523,1,20260530,1,20260606,1,20260613,1,20260620,1
'4-Sunday-10000001',20260503,1,20260510,1,20260517,1,20260524,1,20260531,1,20260607,1,20260614,1,20260621,1
'4-Weekday-11111100',20260427,1,20260428,1,20260429,1,20260430,1,20260501,1,20260504,1,20260505,1,20260506,1,20260507,1,20260508,1,20260511,1,20260512,1,20260513,1,20260514,1,20260515,1,20260519,1,20260520,1,20260521,1,20260522,1,20260525,1,20260526,1,20260527,1,20260528,1,20260529,1,20260601,1,20260602,1,20260603,1,20260604,1,20260605,1,20260608,1,20260609,1,20260610,1,20260611,1,20260612,1,20260615,1,20260616,1,20260617,1,20260618,1,20260619,1
'5-Saturday-10000010',20260502,1,20260509,1,20260516,1,20260523,1,20260530,1,20260606,1,20260613,1,20260620,1
'5-Sunday-10000001',20260503,1,20260510,1,20260517,1,20260524,1,20260531,1,20260607,1,20260614,1,20260621,1
'5-Weekday-11111100',20260427,1,20260428,1,20260429,1,20260430,1,20260501,1,20260504,1,20260505,1,20260506,1,20260507,1,20260508,1,20260511,1,20260512,1,20260513,1,20260514,1,20260515,1,20260519,1,20260520,1,20260521,1,20260522,1,20260525,1,20260526,1,20260527,1,20260528,1,20260529,1,20260601,1,20260602,1,20260603,1,20260604,1,20260605,1,20260608,1,20260609,1,20260610,1,20260611,1,20260612,1,20260615,1,20260616,1,20260617,1,20260618,1,20260619,1
'50-Holiday1-10000001',20260518,1
'50-Saturday-10000010',20260502,1,20260509,1,20260516,1,20260523,1,20260530,1,20260606,1,20260613,1,20260620,1
'50-Sunday-10000001',20260503,1,20260510,1,20260517,1,20260524,1,20260531,1,20260607,1,20260614,1,20260621,1
'50-Weekday-11111100',20260427,1,20260428,1,20260429,1,20260430,1,20260501,1,20260504,1,20260505,1,20260506,1,20260507,1,20260508,1,20260511,1,20260512,1,20260513,1,20260514,1,20260515,1,20260519,1,20260520,1,20260521,1,20260522,1,20260525,1,20260526,1,20260527,1,20260528,1,20260529,1,20260601,1,20260602,1,20260603,1,20260604,1,20260605,1,20260608,1,20260609,1,20260610,1,20260611,1,20260612,1,20260615,1,20260616,1,20260617,1,20260618,1,20260619,1
'51-Holiday1-10000001',20260518,1
'51-Saturday-10000010',20260502,1,20260509,1,20260516,1,20260523,1,20260530,1,20260606,1,20260613,1,20260620,1
'51-Sunday-10000001',20260503,1,20260510,1,20260517,1,20260524,1,20260531,1,20260607,1,20260614,1,20260621,1
'51-Weekday-11111100',20260427,1,20260428,1,20260429,1,20260430,1,20260501,1,20260504,1,20260505,1,20260506,1,20260507,1,20260508,1,20260511,1,20260512,1,20260513,1,20260514,1,20260515,1,20260519,1,20260520,1,20260521,1,20260522,1,20260525,1,20260526,1,20260527,1,20260528,1,20260529,1,20260601,1,20260602,1,20260603,1,20260604,1,20260605,1,20260608,1,20260609,1,20260610,1,20260611,1,20260612,1,20260615,1,20260616,1,20260617,1,20260618,1,20260619,1
'53-Holiday1-10000001',20260518,1
'53-Saturday-10000010',20260502,1,20260509,1,20260516,1,20260523,1,20260530,1,20260606,1,20260613,1,20260620,1
'53-Sunday-10000001',20260503,1,20260510,1,20260517,1,20260524,1,20260531,1,20260607,1,20260614,1,20260621,1
'53-Weekday-11111100',20260427,1,20260428,1,20260429,1,20260430,1,20260501,1,20260504,1,20260505,1,20260506,1,20260507,1,20260508,1,20260511,1,20260512,1,20260513,1,20260514,1,20260515,1,20260519,1,20260520,1,20260521,1,20260522,1,20260525,1,20260526,1,20260527,1,20260528,1,20260529,1,20260601,1,20260602,1,20260603,1,20260604,1,20260605,1,20260608,1,20260609,1,20260610,1,20260611,1,20260612,1,20260615,1,20260616,1,20260617,1,20260618,1,20260619,1
'55-Holiday1-11111111',20260518,1
'55-Saturday-10000010',20260502,1,20260509,1,20260516,1,20260523,1,20260530,1,20260606,1,20260613,1,20260620,1
'55-Sunday-10000001',20260503,1,20260510,1,20260517,1,20260524,1,20260531,1,20260607,1,20260614,1,20260621,1
'55-Weekday-11111100',20260427,1,20260428,1,20260429,1,20260430,1,20260501,1,20260504,1,20260505,1,20260506,1,20260507,1,20260508,1,20260511,1,20260512,1,20260513,1,20260514,1,20260515,1,20260519,1,20260520,1,20260521,1,20260522,1,20260525,1,20260526,1,20260527,1,20260528,1,20260529,1,20260601,1,20260602,1,20260603,1,20260604,1,20260605,1,20260608,1,20260609,1,20260610,1,20260611,1,20260612,1,20260615,1,20260616,1,20260617,1,20260618,1,20260619,1
'56-Holiday1-11111111',20260518,1
'56-Saturday-10000010',20260502,1,20260509,1,20260516,1,20260523,1,20260530,1,20260606,1,20260613,1,20260620,1
'56-Sunday-10000001',20260503,1,20260510,1,20260517,1,20260524,1,20260531,1,20260607,1,20260614,1,20260621,1
'56-Weekday-11111100',20260427,1,20260428,1,20260429,1,20260430,1,20260501,1,20260504,1,20260505,1,20260506,1,20260507,1,20260508,1,20260511,1,20260512,1,20260513,1,20260514,1,20260515,1,20260519,1,20260520,1,20260521,1,20260522,1,20260525,1,20260526,1,20260527,1,20260528,1,20260529,1,20260601,1,20260602,1,20260603,1,20260604,1,20260605,1,20260608,1,20260609,1,20260610,1,20260611,1,20260612,1,20260615,1,20260616,1,20260617,1,20260618,1,20260619,1
'57-Saturday-10000010',20260502,1,20260509,1,20260516,1,20260523,1,20260530,1,20260606,1,20260613,1,20260620,1
'57-Weekday-11111100',20260427,1,20260428,1,20260429,1,20260430,1,20260501,1,20260504,1,20260505,1,20260506,1,20260507,1,20260508,1,20260511,1,20260512,1,20260513,1,20260514,1,20260515,1,20260519,1,20260520,1,20260521,1,20260522,1,20260525,1,20260526,1,20260527,1,20260528,1,20260529,1,20260601,1,20260602,1,20260603,1,20260604,1,20260605,1,20260608,1,20260609,1,20260610,1,20260611,1,20260612,1,20260615,1,20260616,1,20260617,1,20260618,1,20260619,1
'58-Holiday1-11111111',20260518,1
'58-Saturday-10000010',20260502,1,20260509,1,20260516,1,20260523,1,20260530,1,20260606,1,20260613,1,20260620,1
'58-Sunday-10000001',20260503,1,20260510,1,20260517,1,20260524,1,20260531,1,20260607,1,20260614,1,20260621,1
'58-Weekday-11111100',20260427,1,20260428,1,20260429,1,20260430,1,20260501,1,20260504,1,20260505,1,20260506,1,20260507,1,20260508,1,20260511,1,20260512,1,20260513,1,20260514,1,20260515,1,20260519,1,20260520,1,20260521,1,20260522,1,20260525,1,20260526,1,20260527,1,20260528,1,20260529,1,20260601,1,20260602,1,20260603,1,20260604,1,20260605,1,20260608,1,20260609,1,20260610,1,20260611,1,20260612,1,20260615,1,20260616,1,20260617,1,20260618,1,20260619,1
'6-Holiday1-10000001',20260518,1
'6-Saturday-10000010',20260502,1,20260509,1,20260516,1,20260523,1,20260530,1,20260606,1,20260613,1,20260620,1
'6-Sunday-10000001',20260503,1,20260510,1,20260517,1,20260524,1,20260531,1,20260607,1,20260614,1,20260621,1
'6-Weekday-11111100',20260427,1,20260428,1,20260429,1,20260430,1,20260501,1,20260504,1,20260505,1,20260506,1,20260507,1,20260508,1,20260511,1,20260512,1,20260513,1,20260514,1,20260515,1,20260519,1,20260520,1,20260521,1,20260522,1,20260525,1,20260526,1,20260527,1,20260528,1,20260529,1,20260601,1,20260602,1,20260603,1,20260604,1,20260605,1,20260608,1,20260609,1,20260610,1,20260611,1,20260612,1,20260615,1,20260616,1,20260617,1,20260618,1,20260619,1
'60-Saturday-10000010',20260502,1,20260509,1,20260516,1,20260523,1,20260530,1,20260606,1,20260613,1,20260620,1
'60-Weekday-11111100',20260427,1,20260428,1,20260429,1,20260430,1,20260501,1,20260504,1,20260505,1,20260506,1,20260507,1,20260508,1,20260511,1,20260512,1,20260513,1,20260514,1,20260515,1,20260519,1,20260520,1,20260521,1,20260522,1,20260525,1,20260526,1,20260527,1,20260528,1,20260529,1,20260601,1,20260602,1,20260603,1,20260604,1,20260605,1,20260608,1,20260609,1,20260610,1,20260611,1,20260612,1,20260615,1,20260616,1,20260617,1,20260618,1,20260619,1
'61-Holiday1-11111111',20260518,1
'61-Saturday-10000010',20260502,1,20260509,1,20260516,1,20260523,1,20260530,1,20260606,1,20260613,1,20260620,1
'61-Sunday-10000001',20260503,1,20260510,1,20260517,1,20260524,1,20260531,1,20260607,1,20260614,1,20260621,1
'61-Weekday-11111100',20260427,1,20260428,1,20260429,1,20260430,1,20260501,1,20260504,1,20260505,1,20260506,1,20260507,1,20260508,1,20260511,1,20260512,1,20260513,1,20260514,1,20260515,1,20260519,1,20260520,1,20260521,1,20260522,1,20260525,1,20260526,1,20260527,1,20260528,1,20260529,1,20260601,1,20260602,1,20260603,1,20260604,1,20260605,1,20260608,1,20260609,1,20260610,1,20260611,1,20260612,1,20260615,1,20260616,1,20260617,1,20260618,1,20260619,1
'62-Weekday-11111100',20260427,1,20260428,1,20260429,1,20260430,1,20260501,1,20260504,1,20260505,1,20260506,1,20260507,1,20260508,1,20260511,1,20260512,1,20260513,1,20260514,1,20260515,1,20260519,1,20260520,1,20260521,1,20260522,1,20260525,1,20260526,1,20260527,1,20260528,1,20260529,1,20260601,1,20260602,1,20260603,1,20260604,1,20260605,1,20260608,1,20260609,1,20260610,1,20260611,1,20260612,1,20260615,1,20260616,1,20260617,1,20260618,1,20260619,1
'63-Holiday1-10000001',20260518,1
'63-Saturday-10000010',20260502,1,20260509,1,20260516,1,20260523,1,20260530,1,20260606,1,20260613,1,20260620,1
'63-Sunday-10000001',20260503,1,20260510,1,20260517,1,20260524,1,20260531,1,20260607,1,20260614,1,20260621,1
'63-Weekday-11111100',20260427,1,20260428,1,20260429,1,20260430,1,20260501,1,20260504,1,20260505,1,20260506,1,20260507,1,20260508,1,20260511,1,20260512,1,20260513,1,20260514,1,20260515,1,20260519,1,20260520,1,20260521,1,20260522,1,20260525,1,20260526,1,20260527,1,20260528,1,20260529,1,20260601,1,20260602,1,20260603,1,20260604,1,20260605,1,20260608,1,20260609,1,20260610,1,20260611,1,20260612,1,20260615,1,20260616,1,20260617,1,20260618,1,20260619,1
'65-Holiday1-10000001',20260518,1
'65-Saturday-10000010',20260502,1,20260509,1,20260516,1,20260523,1,20260530,1,20260606,1,20260613,1,20260620,1
'65-Sunday-10000001',20260503,1,20260510,1,20260517,1,20260524,1,20260531,1,20260607,1,20260614,1,20260621,1
'65-Weekday-11111100',20260427,1,20260428,1,20260429,1,20260430,1,20260501,1,20260504,1,20260505,1,20260506,1,20260507,1,20260508,1,20260511,1,20260512,1,20260513,1,20260514,1,20260515,1,20260519,1,20260520,1,20260521,1,20260522,1,20260525,1,20260526,1,20260527,1,20260528,1,20260529,1,20260601,1,20260602,1,20260603,1,20260604,1,20260605,1,20260608,1,20260609,1,20260610,1,20260611,1,20260612,1,20260615,1,20260616,1,20260617,1,20260618,1,20260619,1
'67-Weekday-11111100',20260427,1,20260428,1,20260429,1,20260430,1,20260501,1,20260504,1,20260505,1,20260506,1,20260507,1,20260508,1,20260511,1,20260512,1,20260513,1,20260514,1,20260515,1,20260519,1,20260520,1,20260521,1,20260522,1,20260525,1,20260526,1,20260527,1,20260528,1,20260529,1,20260601,1,20260602,1,20260603,1,20260604,1,20260605,1,20260608,1,20260609,1,20260610,1,20260611,1,20260612,1,20260615,1,20260616,1,20260617,1,20260618,1,20260619,1
'7-Holiday1-10000001',20260518,1
'7-Saturday-10000010',20260502,1,20260509,1,20260516,1,20260523,1,20260530,1,20260606,1,20260613,1,20260620,1
'7-Sunday-10000001',20260503,1,20260510,1,20260517,1,20260524,1,20260531,1,20260607,1,20260614,1,20260621,1
'7-Weekday-11111100',20260427,1,20260428,1,20260429,1,20260430,1,20260501,1,20260504,1,20260505,1,20260506,1,20260507,1,20260508,1,20260511,1,20260512,1,20260513,1,20260514,1,20260515,1,20260519,1,20260520,1,20260521,1,20260522,1,20260525,1,20260526,1,20260527,1,20260528,1,20260529,1,20260601,1,20260602,1,20260603,1,20260604,1,20260605,1,20260608,1,20260609,1,20260610,1,20260611,1,20260612,1,20260615,1,20260616,1,20260617,1,20260618,1,20260619,1
'76-Weekday-11111100',20260427,1,20260428,1,20260429,1,20260430,1,20260501,1,20260504,1,20260505,1,20260506,1,20260507,1,20260508,1,20260511,1,20260512,1,20260513,1,20260514,1,20260515,1,20260519,1,20260520,1,20260521,1,20260522,1,20260525,1,20260526,1,20260527,1,20260528,1,20260529,1,20260601,1,20260602,1,20260603,1,20260604,1,20260605,1,20260608,1,20260609,1,20260610,1,20260611,1,20260612,1,20260615,1,20260616,1,20260617,1,20260618,1,20260619,1
'77-Weekday-11111100',20260427,1,20260428,1,20260429,1,20260430,1,20260501,1,20260504,1,20260505,1,20260506,1,20260507,1,20260508,1,20260511,1,20260512,1,20260513,1,20260514,1,20260515,1,20260519,1,20260520,1,20260521,1,20260522,1,20260525,1,20260526,1,20260527,1,20260528,1,20260529,1,20260601,1,20260602,1,20260603,1,20260604,1,20260605,1,20260608,1,20260609,1,20260610,1,20260611,1,20260612,1,20260615,1,20260616,1,20260617,1,20260618,1,20260619,1
'78-Weekday-11111100',20260427,1,20260428,1,20260429,1,20260430,1,20260501,1,20260504,1,20260505,1,20260506,1,20260507,1,20260508,1,20260511,1,20260512,1,20260513,1,20260514,1,20260515,1,20260519,1,20260520,1,20260521,1,20260522,1,20260525,1,20260526,1,20260527,1,20260528,1,20260529,1,20260601,1,20260602,1,20260603,1,20260604,1,20260605,1,20260608,1,20260609,1,20260610,1,20260611,1,20260612,1,20260615,1,20260616,1,20260617,1,20260618,1,20260619,1
'8-Holiday1-10000001',20260518,1
'8-Saturday-10000010',20260502,1,20260509,1,20260516,1,20260523,1,20260530,1,20260606,1,20260613,1,20260620,1
'8-Sunday-10000001',20260503,1,20260510,1,20260517,1,20260524,1,20260531,1,20260607,1,20260614,1,20260621,1
'8-Weekday-11111100',20260427,1,20260428,1,20260429,1,20260430,1,20260501,1,20260504,1,20260505,1,20260506,1,20260507,1,20260508,1,20260511,1,20260512,1,20260513,1,20260514,1,20260515,1,20260519,1,20260520,1,20260521,1,20260522,1,20260525,1,20260526,1,20260527,1,20260528,1,20260529,1,20260601,1,20260602,1,20260603,1,20260604,1,20260605,1,20260608,1,20260609,1,20260610,1,20260611,1,20260612,1,20260615,1,20260616,1,20260617,1,20260618,1,20260619,1
'9-Holiday1-10000001',20260518,1
'9-Saturday-10000010',20260502,1,20260509,1,20260516,1,20260523,1,20260530,1,20260606,1,20260613,1,20260620,1
'9-Sunday-10000001',20260503,1,20260510,1,20260517,1,20260524,1,20260531,1,20260607,1,20260614,1,20260621,1
'9-Weekday-11111100',20260427,1,20260428,1,20260429,1,20260430,1,20260501,1,20260504,1,20260505,1,20260506,1,20260507,1,20260508,1,20260511,1,20260512,1,20260513,1,20260514,1,20260515,1,20260519,1,20260520,1,20260521,1,20260522,1,20260525,1,20260526,1,20260527,1,20260528,1,20260529,1,20260601,1,20260602,1,20260603,1,20260604,1,20260605,1,20260608,1,20260609,1,20260610,1,20260611,1,20260612,1,20260615,1,20260616,1,20260617,1,20260618,1,20260619,1
'91-Saturday-10000010',20260502,1,20260509,1,20260516,1,20260523,1,20260530,1,20260606,1,20260613,1,20260620,1
'91-Weekday-10001100',20260430,1,20260501,1,20260507,1,20260508,1,20260514,1,20260515,1,20260521,1,20260522,1,20260528,1,20260529,1,20260604,1,20260605,1,20260611,1,20260612,1,20260618,1,20260619,1
