601,'6-Holiday1-10000001',836,,22643,2,,,1,100,,22644,2,,,1,100,,22645,2,,,1,100,,22646,2,,,1,100,,22647,2,,,1,100,,22648,2,,,1,100,,22649,2,,,1,100,,22650,2,,,1,100,,22651,2,,,1,100,,22652,2,,,1,100,,22653,2,,,1,100,,22654,2,,,1,100,,22655,2,,,1,100,,22656,2,,,1,100,,22657,2,,,1,100,,22658,2,,,1
601,'6-Saturday-10000010',616,,22660,2,,,1,30,,22661,2,,,1,70,,22662,2,,,1,30,,22663,2,,,1,70,,22664,2,,,1,30,,22665,2,,,1,70,,22666,2,,,1,30,,22667,2,,,1,70,,22668,2,,,1,30,,22669,2,,,1,70,,22670,2,,,1,30,,22671,2,,,1,70,,22672,2,,,1,30,,22673,2,,,1,70,,22674,2,,,1,30,,22675,2,,,1,70,,22676,2,,,1,30,,22677,2,,,1,70,,22678,2,,,1,30,,22679,2,,,1,70,,22680,2,,,1,30,,22681,2,,,1,70,,22682,2,,,1,30,,22683,2,,,1,70,,22684,2,,,1,30,,22685,2,,,1,70,,22686,2,,,1,30,,22687,2,,,1,70,,22688,2,,,1,30,,22689,2,,,1,70,,22690,2,,,1,30,,22691,2,,,1,70,,22692,2,,,1,30,,22693,2,,,1,70,,22694,2,,,1,30,,22695,2,,,1
601,'6-Sunday-10000001',806,,22697,2,,,1,30,,22698,2,,,1,70,,22699,2,,,1,30,,22700,2,,,1,70,,22701,2,,,1,30,,22702,2,,,1,70,,22703,2,,,1,30,,22704,2,,,1,70,,22705,2,,,1,30,,22706,2,,,1,70,,22707,2,,,1,30,,22708,2,,,1,70,,22709,2,,,1,30,,22710,2,,,1,70,,22711,2,,,1,30,,22712,2,,,1,70,,22713,2,,,1,30,,22714,2,,,1,70,,22715,2,,,1,30,,22716,2,,,1,70,,22717,2,,,1,30,,22718,2,,,1,70,,22719,2,,,1,30,,22720,2,,,1,70,,22721,2,,,1,30,,22722,2,,,1,70,,22723,2,,,1,30,,22724,2,,,1,70,,22725,2,,,1,30,,22726,2,,,1,70,,22727,2,,,1,30,,22728,2,,,1
601,'6-Weekday-11111100',551,,22730,2,,,1,70,,22731,2,,,1,30,,22732,2,,,1,70,,22733,2,,,1,30,,22734,2,,,1,70,,22735,2,,,1,30,,22736,2,,,1,70,,22737,2,,,1,30,,22738,2,,,1,70,,22739,2,,,1,30,,22740,2,,,1,70,,22741,2,,,1,30,,22742,2,,,1,70,,22743,2,,,1,30,,22744,2,,,1,70,,22745,2,,,1,30,,22746,2,,,1,70,,22747,2,,,1,25,,22769,2,,,1,60,,22748,2,,,1,30,,22749,2,,,1,70,,22750,2,,,1,30,,22751,2,,,1,70,,22752,2,,,1,30,,22753,2,,,1,70,,22754,2,,,1,15,,22755,2,,,1,30,,22756,2,,,1,70,,22757,2,,,1,30,,22758,2,,,1,70,,22759,2,,,1,30,,22760,2,,,1,70,,22761,2,,,1,30,,22762,2,,,1,70,,22763,2,,,1,30,,22764,2,,,1,65,,22765,2,,,1,30,,22767,2,,,1
901,'9-Holiday1-10000001',757,,23721,2,,,1,100,,23722,2,,,1,100,,23723,2,,,1,100,,23724,2,,,1,100,,23725,2,,,1,100,,23726,2,,,1,100,,23727,2,,,1,100,,23728,2,,,1,100,,23729,2,,,1,100,,23730,2,,,1,100,,23731,2,,,1,100,,23732,2,,,1,100,,23733,2,,,1,100,,23734,2,,,1,100,,23735,2,,,1,100,,23736,2,,,1,100,,23720,2,,,1
901,'9-Saturday-10000010',657,,23738,2,,,1,70,,23739,2,,,1,30,,23740,2,,,1,70,,23737,2,,,1,30,,23741,2,,,1,70,,23742,2,,,1,30,,23743,2,,,1,70,,23744,2,,,1,30,,23745,2,,,1,70,,23746,2,,,1,30,,23747,2,,,1,70,,23748,2,,,1,30,,23749,2,,,1,70,,23750,2,,,1,30,,23751,2,,,1,70,,23752,2,,,1,30,,23753,2,,,1,70,,23754,2,,,1,30,,23755,2,,,1,70,,23756,2,,,1,30,,23757,2,,,1,70,,23758,2,,,1,30,,23759,2,,,1,70,,23760,2,,,1,30,,23761,2,,,1,70,,23762,2,,,1,30,,23763,2,,,1,70,,23764,2,,,1,30,,23765,2,,,1,70,,23766,2,,,1,30,,23767,2,,,1,70,,23768,2,,,1,30,,23769,2,,,1,70,,23770,2,,,1,30,,23771,2,,,1
901,'9-Sunday-10000001',757,,23774,2,,,1,70,,23773,2,,,1,30,,23775,2,,,1,70,,23776,2,,,1,30,,23777,2,,,1,70,,23778,2,,,1,30,,23779,2,,,1,70,,23780,2,,,1,30,,23781,2,,,1,70,,23782,2,,,1,30,,23783,2,,,1,70,,23784,2,,,1,30,,23785,2,,,1,70,,23786,2,,,1,30,,23787,2,,,1,70,,23788,2,,,1,30,,23789,2,,,1,70,,23790,2,,,1,30,,23791,2,,,1,70,,23792,2,,,1,30,,23793,2,,,1,70,,23794,2,,,1,30,,23795,2,,,1,70,,23796,2,,,1,30,,23797,2,,,1,70,,23798,2,,,1,30,,23799,2,,,1,70,,23800,2,,,1,30,,23801,2,,,1,70,,23802,2,,,1,30,,23803,2,,,1,70,,23804,2,,,1,30,,23772,2,,,1
901,'9-Weekday-11111100',602,,23807,2,,,1,30,,23806,2,,,1,70,,23841,2,,,1,30,,23840,2,,,1,70,,23839,2,,,1,30,,23838,2,,,1,70,,23837,2,,,1,30,,23836,2,,,1,70,,23835,2,,,1,30,,23834,2,,,1,70,,23833,2,,,1,30,,23832,2,,,1,70,,23831,2,,,1,30,,23830,2,,,1,70,,23829,2,,,1,30,,23828,2,,,1,70,,23827,2,,,1,30,,23826,2,,,1,70,,23825,2,,,1,30,,23824,2,,,1,70,,23823,2,,,1,30,,23822,2,,,1,70,,23821,2,,,1,30,,23820,2,,,1,70,,23819,2,,,1,30,,23818,2,,,1,70,,23817,2,,,1,30,,23816,2,,,1,70,,23815,2,,,1,30,,23814,2,,,1,70,,23813,2,,,1,30,,23812,2,,,1,70,,23805,2,,,1,30,,23842,2,,,1,70,,23809,2,,,1,30,,23808,2,,,1,70,,23810,2,,,1,30,,23811,2,,,1
2100,'21-Saturday-10000010',647,,25607,2,,,1,70,,25582,2,,,1,30,,25583,2,,,1,70,,25584,2,,,1,30,,25585,2,,,1,70,,25586,2,,,1,30,,25587,2,,,1,70,,25588,2,,,1,30,,25589,2,,,1,70,,25590,2,,,1,30,,25591,2,,,1,70,,25592,2,,,1,30,,25593,2,,,1,70,,25594,2,,,1,30,,25595,2,,,1,70,,25596,2,,,1,30,,25597,2,,,1,70,,25598,2,,,1,30,,25599,2,,,1,70,,25600,2,,,1,30,,25601,2,,,1,70,,25602,2,,,1,30,,25603,2,,,1,70,,25604,2,,,1,30,,25606,2,,,1
2100,'21-Sunday-10000001',656,,25608,2,,,1,70,,25609,2,,,1,30,,25610,2,,,1,70,,25611,2,,,1,30,,25612,2,,,1,70,,25613,2,,,1,30,,25614,2,,,1,71,,25615,2,,,1,30,,25616,2,,,1,70,,25617,2,,,1,30,,25618,2,,,1,70,,25619,2,,,1,30,,25620,2,,,1,70,,25621,2,,,1,30,,25622,2,,,1,70,,25623,2,,,1,30,,25624,2,,,1,70,,25625,2,,,1,30,,25626,2,,,1,70,,25627,2,,,1,30,,25628,2,,,1,70,,25629,2,,,1,30,,25630,2,,,1,69,,25631,2,,,1
2100,'21-Weekday-11111100',617,,25632,2,,,1,30,,25633,2,,,1,70,,25640,2,,,1,30,,25634,2,,,1,70,,25641,2,,,1,30,,25635,2,,,1,70,,25653,2,,,1,30,,25647,2,,,1,70,,25654,2,,,1,30,,25648,2,,,1,70,,25655,2,,,1,30,,25649,2,,,1,70,,25656,2,,,1,30,,25650,2,,,1,70,,25657,2,,,1,30,,25651,2,,,1,70,,25658,2,,,1,30,,25636,2,,,1,70,,25646,2,,,1,30,,25637,2,,,1,70,,25645,2,,,1,30,,25652,2,,,1,70,,25638,2,,,1,30,,25642,2,,,1,70,,25639,2,,,1,30,,25643,2,,,1,70,,25659,2,,,1,30,,25660,2,,,1,70,,25661,2,,,1,30,,25662,2,,,1,70,,25663,2,,,1
