1200,'12-Holiday1-10000001',740,,13366,25,,,1,71,,13367,46,,,1,30,,13334,46,,,1,70,,13335,46,,,1,30,,13336,46,,,1,72,,13337,46,,,1,30,,13338,46,,,1,70,,13339,46,,,1,30,,13340,46,,,1,70,,13341,46,,,1,30,,13342,46,,,1,70,,13343,46,,,1,30,,13344,46,,,1,70,,13345,46,,,1,30,,13346,46,,,1,70,,13347,46,,,1,30,,13348,46,,,1,70,,13349,46,,,1,30,,13350,46,,,1,70,,13351,46,,,1,30,,13352,46,,,1,68,,13353,46,,,1,30,,13354,46,,,1,70,,13355,46,,,1,30,,13356,46,,,1,70,,13357,46,,,1,30,,13358,46,,,1,70,,13359,46,,,1,30,,13360,46,,,1,70,,13361,46,,,1,30,,13362,46,,,1,70,,13363,46,,,1,30,,13364,46,,,1,70,,13365,46,,,1
1200,'12-Saturday-10000010',642,,13403,25,,,1,69,,13404,46,,,1,30,,13368,46,,,1,70,,13369,46,,,1,30,,13370,46,,,1,72,,13371,46,,,1,30,,13372,46,,,1,70,,13373,46,,,1,30,,13374,46,,,1,70,,13375,46,,,1,30,,13376,46,,,1,70,,13377,46,,,1,30,,13378,46,,,1,70,,13379,46,,,1,30,,13380,46,,,1,70,,13381,46,,,1,30,,13382,46,,,1,70,,13383,46,,,1,30,,13384,46,,,1,70,,13385,46,,,1,30,,13386,46,,,1,70,,13387,46,,,1,30,,13388,46,,,1,70,,13389,46,,,1,30,,13390,46,,,1,70,,13391,46,,,1,30,,13392,46,,,1,70,,13393,46,,,1,30,,13394,46,,,1,70,,13395,46,,,1,30,,13396,46,,,1,68,,13397,46,,,1,30,,13398,46,,,1,70,,13399,46,,,1,30,,13400,46,,,1,70,,13401,46,,,1,30,,13402,46,,,1
1200,'12-Sunday-10000001',711,,13439,25,,,1,29,,13437,25,,,1,71,,13438,46,,,1,30,,13405,46,,,1,70,,13406,46,,,1,30,,13407,46,,,1,72,,13408,46,,,1,30,,13409,46,,,1,70,,13410,46,,,1,30,,13411,46,,,1,70,,13412,46,,,1,30,,13413,46,,,1,70,,13414,46,,,1,30,,13415,46,,,1,70,,13416,46,,,1,30,,13417,46,,,1,70,,13418,46,,,1,30,,13419,46,,,1,70,,13420,46,,,1,30,,13421,46,,,1,70,,13422,46,,,1,30,,13423,46,,,1,68,,13424,46,,,1,30,,13425,46,,,1,70,,13426,46,,,1,30,,13427,46,,,1,70,,13428,46,,,1,30,,13429,46,,,1,70,,13430,46,,,1,30,,13431,46,,,1,70,,13432,46,,,1,30,,13433,46,,,1,70,,13434,46,,,1,30,,13435,46,,,1,70,,13436,46,,,1
1200,'12-Weekday-11111100',552,,13492,25,,,1,60,,13488,25,,,1,28,,13440,46,,,1,17,,13489,25,,,1,57,,13441,46,,,1,18,,13487,25,,,1,15,,13442,46,,,1,55,,13443,46,,,1,15,,13444,46,,,1,15,,13445,46,,,1,15,,13446,46,,,1,55,,13447,46,,,1,15,,13448,46,,,1,15,,13449,46,,,1,14,,13450,46,,,1,54,,13491,46,,,1,14,,13451,46,,,1,15,,13496,46,,,1,15,,13452,46,,,1,15,,13495,46,,,1,55,,13453,46,,,1,15,,13502,46,,,1,15,,13454,46,,,1,15,,13501,46,,,1,55,,13455,46,,,1,15,,13500,46,,,1,15,,13456,46,,,1,15,,13499,46,,,1,55,,13457,46,,,1,15,,13498,46,,,1,15,,13458,46,,,1,15,,13497,46,,,1,55,,13459,46,,,1,15,,13494,46,,,1,15,,13460,46,,,1,56,,13493,46,,,1,17,,13490,46,,,1,15,,13461,46,,,1,15,,13462,46,,,1,55,,13463,46,,,1,15,,13464,46,,,1,15,,13465,46,,,1,15,,13466,46,,,1,55,,13467,46,,,1,15,,13468,46,,,1,15,,13469,46,,,1,15,,13470,46,,,1,55,,13471,46,,,1,14,,13472,46,,,1,14,,13486,46,,,1,14,,13473,46,,,1,15,,13503,46,,,1,55,,13474,46,,,1,15,,13504,46,,,1,15,,13475,46,,,1,15,,13505,46,,,1,55,,13476,46,,,1,15,,13506,46,,,1,15,,13477,46,,,1,15,,13507,46,,,1,55,,13478,46,,,1,15,,13508,46,,,1,15,,13479,46,,,1,15,,13509,46,,,1,53,,13480,46,,,1,12,,13510,46,,,1,14,,13481,46,,,1,70,,13482,46,,,1,30,,13483,46,,,1,70,,13484,46,,,1,30,,13485,46,,,1
2900,'29-Saturday-10000010',714,,15776,25,,,1,30,,15777,25,,,1,70,,15778,25,,,1,30,,15779,25,,,1,71,,15780,25,,,1,30,,15781,25,,,1,70,,15782,25,,,1,30,,15783,25,,,1,70,,15784,25,,,1,30,,15785,25,,,1,70,,15786,25,,,1,30,,15787,25,,,1,70,,15788,25,,,1,30,,15789,25,,,1,70,,15790,25,,,1,30,,15791,25,,,1,70,,15792,25,,,1,30,,15793,25,,,1,70,,15794,25,,,1,30,,15795,25,,,1,70,,15796,25,,,1,30,,15797,25,,,1,69,,15798,25,,,1,30,,15799,25,,,1,70,,15800,25,,,1,30,,15801,25,,,1,70,,15802,25,,,1,30,,15803,25,,,1,70,,15804,25,,,1,30,,15805,25,,,1,70,,15806,25,,,1,30,,15807,25,,,1,70,,15808,25,,,1,30,,15809,25,,,1,100,,15810,25,,,1
2900,'29-Sunday-10000001',914,,15811,25,,,1,30,,15812,25,,,1,71,,15813,25,,,1,30,,15814,25,,,1,70,,15815,25,,,1,30,,15816,25,,,1,70,,15817,25,,,1,30,,15818,25,,,1,70,,15819,25,,,1,30,,15820,25,,,1,70,,15821,25,,,1,30,,15822,25,,,1,70,,15823,25,,,1,30,,15824,25,,,1,70,,15825,25,,,1,30,,15826,25,,,1,70,,15827,25,,,1,30,,15828,25,,,1,70,,15829,25,,,1,30,,15830,25,,,1,70,,15831,25,,,1,30,,15832,25,,,1,70,,15833,25,,,1,30,,15834,25,,,1,70,,15835,25,,,1,30,,15836,25,,,1,69,,15837,25,,,1,30,,15838,25,,,1,70,,15839,25,,,1,30,,15840,25,,,1,100,,15841,25,,,1
2900,'29-Weekday-11111100',604,,15878,25,,,1,40,,15875,25,,,1,69,,15877,25,,,1,42,,15876,25,,,1,70,,15851,25,,,1,30,,15852,25,,,1,70,,15853,25,,,1,29,,15854,25,,,1,70,,15855,25,,,1,30,,15856,25,,,1,70,,15857,25,,,1,30,,15858,25,,,1,70,,15859,25,,,1,30,,15860,25,,,1,70,,15861,25,,,1,30,,15862,25,,,1,70,,15863,25,,,1,32,,15864,25,,,1,70,,15865,25,,,1,30,,15866,25,,,1,70,,15867,25,,,1,30,,15868,25,,,1,70,,15869,25,,,1,30,,15870,25,,,1,66,,15871,25,,,1,30,,15872,25,,,1,70,,15873,25,,,1,30,,15874,25,,,1,70,,15850,25,,,1,30,,15849,25,,,1,70,,15848,25,,,1,30,,15842,25,,,1,66,,15847,25,,,1,25,,15845,25,,,1,65,,15846,25,,,1,30,,15844,25,,,1,70,,15843,25,,,1
9101,'91-Saturday-10000010',2443,,19232,5,0,21 22 23,1,70,,19233,5,0,21 22 23,1,30,,19234,5,0,21 22 23,1
9101,'91-Weekday-10001100',2443,,19235,5,0,21 22 23,1,70,,19236,5,0,21 22 23,1,30,,19237,5,0,21 22 23,1
20200,'202-Holiday1-10000001',733,,19640,11,,,1,70,,19641,11,,,1,30,,19642,11,,,1,70,,19643,11,,,1,30,,19644,11,,,1,70,,19645,11,,,1,31,,19646,11,,,1,70,,19647,11,,,1,30,,19648,11,,,1,70,,19649,11,,,1,30,,19639,11,,,1,70,,19650,11,,,1,30,,19651,11,,,1,70,,19652,11,,,1,30,,19653,11,,,1,70,,19654,11,,,1,30,,19655,11,,,1,70,,19656,11,,,1,30,,19657,11,,,1,70,,19658,11,,,1,30,,19659,11,,,1,70,,19660,11,,,1,29,,19661,11,,,1,70,,19662,11,,,1,30,,19663,11,,,1,70,,19664,11,,,1,30,,19665,11,,,1,70,,19666,11,,,1,30,,19667,11,,,1,70,,19668,11,,,1,30,,19669,11,,,1,70,,19670,11,,,1,30,,19671,11,,,1,70,,19672,11,,,1
20200,'202-Saturday-10000010',633,,19708,11,,,1,70,,19673,11,,,1,30,,19674,11,,,1,70,,19675,11,,,1,30,,19676,11,,,1,70,,19677,11,,,1,31,,19678,11,,,1,70,,19679,11,,,1,30,,19680,11,,,1,70,,19681,11,,,1,30,,19682,11,,,1,70,,19683,11,,,1,30,,19684,11,,,1,70,,19685,11,,,1,30,,19686,11,,,1,70,,19687,11,,,1,30,,19688,11,,,1,70,,19689,11,,,1,30,,19690,11,,,1,70,,19691,11,,,1,30,,19692,11,,,1,70,,19693,11,,,1,30,,19694,11,,,1,70,,19695,11,,,1,29,,19696,11,,,1,70,,19697,11,,,1,30,,19698,11,,,1,70,,19699,11,,,1,30,,19700,11,,,1,70,,19701,11,,,1,30,,19702,11,,,1,70,,19703,11,,,1,30,,19704,11,,,1,70,,19705,11,,,1,30,,19706,11,,,1,70,,19707,11,,,1
20200,'202-Sunday-10000001',733,,19710,11,,,1,70,,19711,11,,,1,30,,19712,11,,,1,70,,19713,11,,,1,30,,19714,11,,,1,70,,19715,11,,,1,31,,19716,11,,,1,70,,19717,11,,,1,30,,19718,11,,,1,70,,19719,11,,,1,30,,19709,11,,,1,70,,19720,11,,,1,30,,19721,11,,,1,70,,19722,11,,,1,30,,19723,11,,,1,70,,19724,11,,,1,30,,19725,11,,,1,70,,19726,11,,,1,30,,19727,11,,,1,70,,19728,11,,,1,30,,19729,11,,,1,70,,19730,11,,,1,29,,19731,11,,,1,70,,19732,11,,,1,30,,19733,11,,,1,70,,19734,11,,,1,30,,19735,11,,,1,70,,19736,11,,,1,30,,19737,11,,,1,70,,19738,11,,,1,30,,19739,11,,,1,70,,19740,11,,,1,30,,19741,11,,,1,70,,19742,11,,,1
20200,'202-Weekday-11111100',606,,19777,11,,,1,30,,19778,11,,,1,71,,19779,11,,,1,22,,19744,11,,,1,10,,19780,11,,,1,10,,19802,11,,,1,10,,19745,11,,,1,50,,19781,11,,,1,10,,19803,11,,,1,10,,19743,11,,,1,10,,19782,11,,,1,10,,19804,11,,,1,10,,19746,11,,,1,50,,19783,11,,,1,10,,19805,11,,,1,10,,19747,11,,,1,9,,19784,11,,,1,10,,19806,11,,,1,10,,19748,11,,,1,65,,19785,11,,,1,15,,19749,11,,,1,15,,19786,11,,,1,55,,19750,11,,,1,15,,19787,11,,,1,15,,19751,11,,,1,15,,19788,11,,,1,55,,19752,11,,,1,15,,19789,11,,,1,15,,19753,11,,,1,15,,19790,11,,,1,55,,19754,11,,,1,15,,19791,11,,,1,15,,19755,11,,,1,15,,19792,11,,,1,55,,19756,11,,,1,15,,19793,11,,,1,17,,19757,11,,,1,15,,19794,11,,,1,50,,19758,11,,,1,10,,19795,11,,,1,10,,19807,11,,,1,10,,19759,11,,,1,10,,19796,11,,,1,10,,19808,11,,,1,50,,19760,11,,,1,10,,19797,11,,,1,10,,19809,11,,,1,10,,19761,11,,,1,10,,19798,11,,,1,10,,19810,11,,,1,50,,19762,11,,,1,10,,19799,11,,,1,10,,19811,11,,,1,10,,19763,11,,,1,10,,19800,11,,,1,10,,19812,11,,,1,49,,19764,11,,,1,9,,19801,11,,,1,10,,19813,11,,,1,10,,19765,11,,,1,70,,19766,11,,,1,30,,19767,11,,,1,70,,19768,11,,,1,30,,19769,11,,,1,70,,19770,11,,,1,30,,19771,11,,,1,70,,19772,11,,,1,28,,19773,11,,,1,70,,19774,11,,,1,30,,19775,11,,,1,70,,19776,11,,,1
