400,'4-Saturday-10000010',630,,22196,1,,,1,70,,22166,1,,,1,30,,22167,1,,,1,70,,22168,1,,,1,30,,22169,1,,,1,70,,22170,1,,,1,30,,22171,1,,,1,70,,22172,1,,,1,30,,22173,1,,,1,70,,22174,1,,,1,30,,22175,1,,,1,70,,22176,1,,,1,30,,22177,1,,,1,70,,22178,1,,,1,30,,22179,1,,,1,70,,22180,1,,,1,30,,22181,1,,,1,70,,22182,1,,,1,30,,22183,1,,,1,70,,22184,1,,,1,30,,22185,1,,,1,70,,22186,1,,,1,30,,22187,1,,,1,70,,22188,1,,,1,30,,22189,1,,,1,70,,22190,1,,,1,30,,22191,1,,,1,70,,22192,1,,,1,30,,22193,1,,,1,100,,22194,1,,,1,100,,22195,1,,,1
400,'4-Sunday-10000001',830,,22197,1,,,1,100,,22198,1,,,1,70,,22199,1,,,1,30,,22200,1,,,1,70,,22201,1,,,1,30,,22202,1,,,1,70,,22203,1,,,1,30,,22204,1,,,1,70,,22205,1,,,1,30,,22206,1,,,1,70,,22207,1,,,1,30,,22208,1,,,1,70,,22209,1,,,1,30,,22210,1,,,1,70,,22211,1,,,1,30,,22212,1,,,1,70,,22213,1,,,1,30,,22214,1,,,1,70,,22220,1,,,1,30,,22215,1,,,1,70,,22221,1,,,1,30,,22216,1,,,1,70,,22222,1,,,1,30,,22217,1,,,1,100,,22218,1,,,1,100,,22219,1,,,1
400,'4-Weekday-11111100',600,,22223,1,,,1,30,,22224,1,,,1,70,,22225,1,,,1,30,,22226,1,,,1,70,,22227,1,,,1,30,,22228,1,,,1,70,,22229,1,,,1,30,,22230,1,,,1,70,,22231,1,,,1,30,,22232,1,,,1,70,,22233,1,,,1,30,,22234,1,,,1,70,,22235,1,,,1,30,,22236,1,,,1,70,,22237,1,,,1,30,,22238,1,,,1,70,,22239,1,,,1,30,,22240,1,,,1,70,,22241,1,,,1,30,,22242,1,,,1,70,,22243,1,,,1,30,,22244,1,,,1,70,,22245,1,,,1,30,,22246,1,,,1,70,,22247,1,,,1,30,,22248,1,,,1,70,,22249,1,,,1,30,,22250,1,,,1,70,,22255,1,,,1,30,,22251,1,,,1,70,,22256,1,,,1,30,,22252,1,,,1,70,,22257,1,,,1,30,,22253,1,,,1,70,,22258,1,,,1,30,,22254,1,,,1
401,'4-Saturday-10000010',651,,22259,30,4,,1,70,,22260,30,4,,1,30,,22261,30,4,,1,70,,22262,30,4,,1,30,,22263,30,4,,1,70,,22264,30,4,,1,31,,22265,30,4,,1,70,,22266,30,4,,1,30,,22267,30,4,,1,70,,22268,30,4,,1,30,,22269,30,4,,1,70,,22270,30,4,,1,30,,22271,30,4,,1,70,,22272,30,4,,1,30,,22273,30,4,,1,70,,22274,30,4,,1,30,,22275,30,4,,1,70,,22276,30,4,,1,30,,22277,30,4,,1,70,,22278,30,4,,1,30,,22279,30,4,,1,70,,22280,30,4,,1,30,,22281,30,4,,1,69,,22282,30,4,,1,29,,22283,30,4,,1,70,,22284,30,4,,1,30,,22285,30,4,,1,70,,22286,30,4,,1,30,,22287,30,4,,1,70,,22288,30,4,,1,100,,22289,30,4,,1,100,,22290,30,4,,1
401,'4-Sunday-10000001',921,,22291,30,4,,1,100,,22292,30,4,,1,30,,22293,30,4,,1,70,,22294,30,4,,1,30,,22295,30,4,,1,70,,22296,30,4,,1,30,,22297,30,4,,1,70,,22298,30,4,,1,30,,22299,30,4,,1,70,,22300,30,4,,1,30,,22301,30,4,,1,70,,22302,30,4,,1,30,,22303,30,4,,1,70,,22304,30,4,,1,30,,22305,30,4,,1,70,,22306,30,4,,1,30,,22307,30,4,,1,70,,22308,30,4,,1,30,,22316,30,4,,1,70,,22309,30,4,,1,30,,22314,30,4,,1,70,,22310,30,4,,1,30,,22315,30,4,,1,70,,22311,30,4,,1,100,,22312,30,4,,1,100,,22313,30,4,,1
401,'4-Weekday-11111100',621,,22349,30,4,,1,29,,22332,30,4,,1,76,,22333,30,4,,1,75,,22334,30,4,,1,30,,22335,30,4,,1,70,,22336,30,4,,1,30,,22337,30,4,,1,26,,22338,30,4,,1,68,,22339,30,4,,1,30,,22340,30,4,,1,70,,22341,30,4,,1,30,,22343,30,4,,1,70,,22342,30,4,,1,30,,22344,30,4,,1,70,,22345,30,4,,1,30,,22346,30,4,,1,70,,22347,30,4,,1,76,,22348,30,4,,1,44,,22324,30,4,,1,70,,22325,30,4,,1,30,,22326,30,4,,1,70,,22327,30,4,,1,30,,22328,30,4,,1,68,,22329,30,4,,1,24,,22330,30,4,,1,68,,22331,30,4,,1,20,,22318,30,4,,1,30,,22319,30,4,,1,70,,22320,30,4,,1,30,,22350,30,4,,1,70,,22321,30,4,,1,30,,22351,30,4,,1,66,,22322,30,4,,1,26,,22352,30,4,,1,70,,22323,30,4,,1,30,,22353,30,4,,1,70,,22317,30,4,,1
500,'5-Saturday-10000010',640,,22382,1,,,1,70,,22360,1,,,1,30,,22358,1,,,1,70,,22357,1,,,1,30,,22355,1,,,1,70,,22356,1,,,1,30,,22381,1,,,1,70,,22364,1,,,1,30,,22365,1,,,1,70,,22367,1,,,1,30,,22373,1,,,1,70,,22378,1,,,1,30,,22369,1,,,1,70,,22361,1,,,1,30,,22380,1,,,1,70,,22376,1,,,1,30,,22379,1,,,1,70,,22377,1,,,1,30,,22375,1,,,1,70,,22374,1,,,1,30,,22372,1,,,1,70,,22371,1,,,1,30,,22370,1,,,1,70,,22385,1,,,1,30,,22368,1,,,1,70,,22386,1,,,1,30,,22366,1,,,1,100,,22363,1,,,1,100,,22362,1,,,1,100,,22359,1,,,1,100,,22384,1,0,31 32 33 7,1
500,'5-Sunday-10000001',945,,22387,1,0,31 32 33 7,1,85,,22397,1,0,31 32 33 7,1,85,,22394,1,0,31 32 33 7,1,85,,22395,1,0,31 32 33 7,1,45,,22396,1,0,31 32 33 7,1,85,,22393,1,0,31 32 33 7,1,85,,22392,1,0,31 32 33 7,1,85,,22391,1,0,31 32 33 7,1,45,,22390,1,0,31 32 33 7,1,85,,22389,1,0,31 32 33 7,1,85,,22388,1,0,31 32 33 7,1,85,,22398,1,0,31 32 33 7,1
500,'5-Weekday-11111100',540,,22401,1,,,1,70,,22425,1,,,1,30,,22426,1,,,1,70,,22427,1,,,1,30,,22428,1,,,1,70,,22429,1,,,1,30,,22430,1,,,1,70,,22431,1,,,1,20,,22432,1,,,1,70,,22400,1,,,1,30,,22404,1,,,1,70,,22405,1,,,1,30,,22406,1,,,1,70,,22407,1,,,1,30,,22408,1,,,1,70,,22409,1,,,1,30,,22410,1,,,1,70,,22411,1,,,1,30,,22412,1,,,1,70,,22413,1,,,1,30,,22414,1,,,1,70,,22415,1,,,1,30,,22416,1,,,1,70,,22417,1,,,1,30,,22418,1,,,1,70,,22419,1,,,1,30,,22435,1,,,1,70,,22420,1,,,1,30,,22421,1,,,1,70,,22422,1,,,1,30,,22436,1,,,1,70,,22423,1,,,1,30,,22424,1,,,1,80,,22399,1,,,1,30,,22434,1,,,1,70,,22403,1,,,1,30,,22433,1,0,31 32 33 7,1
501,'5-Saturday-10000010',642,,22456,43,4,,1,72,,22457,43,4,,1,30,,22458,43,4,,1,70,,22459,43,4,,1,30,,22460,43,4,,1,71,,22461,43,4,,1,33,,22438,43,4,,1,71,,22439,43,4,,1,30,,22440,43,4,,1,70,,22441,43,4,,1,30,,22442,43,4,,1,70,,22443,43,4,,1,30,,22444,43,4,,1,70,,22445,43,4,,1,30,,22446,43,4,,1,70,,22447,43,4,,1,30,,22448,43,4,,1,70,,22449,43,4,,1,30,,22450,43,4,,1,70,,22451,43,4,,1,30,,22452,43,4,,1,70,,22453,43,4,,1,30,,22454,43,4,,1,69,,22455,43,4,,1,27,,22437,43,4,,1,69,,22462,43,4,,1,30,,22463,43,4,,1,70,,22464,43,4,,1,30,,22465,43,4,,1,100,,22466,43,4,,1,100,,22467,43,4,,1,100,,22468,43,4,,1
501,'5-Sunday-10000001',1023,,22470,22,4,,1,86,,22471,22,4,,1,45,,22472,22,4,,1,85,,22473,22,4,,1,85,,22474,22,4,,1,85,,22475,22,4,,1,45,,22476,22,4,,1,85,,22477,22,4,,1,85,,22478,22,4,,1,85,,22479,22,4,,1,45,,22469,22,4,,1
501,'5-Weekday-11111100',609,,22509,43,4,,1,38,,22510,43,4,,1,74,,22511,43,4,,1,31,,22512,43,4,,1,71,,22505,43,4,,1,30,,22506,43,4,,1,70,,22507,43,4,,1,31,,22513,43,4,,1,68,,22508,43,4,,1,20,,22498,43,4,,1,70,,22499,43,4,,1,30,,22500,43,4,,1,70,,22501,43,4,,1,30,,22502,43,4,,1,70,,22503,43,4,,1,30,,22504,43,4,,1,70,,22487,43,4,,1,33,,22488,43,4,,1,73,,22489,43,4,,1,32,,22490,43,4,,1,70,,22491,43,4,,1,30,,22492,43,4,,1,70,,22493,43,4,,1,30,,22494,43,4,,1,66,,22495,43,4,,1,27,,22496,43,4,,1,66,,22497,43,4,,1,30,,22483,43,4,,1,70,,22515,43,4,,1,30,,22484,43,4,,1,70,,22485,43,4,,1,30,,22486,43,4,,1,70,,22514,43,4,,1,29,,22480,43,4,,1,80,,22481,43,4,,1,30,,22482,43,4,,1,68,,22516,43,4,,1
2900,'29-Saturday-10000010',655,,26554,1,,,1,70,,26555,1,,,1,30,,26556,1,,,1,70,,26557,1,,,1,30,,26558,1,,,1,70,,26559,1,,,1,30,,26560,1,,,1,70,,26561,1,,,1,30,,26562,1,,,1,70,,26563,1,,,1,30,,26564,1,,,1,70,,26565,1,,,1,30,,26566,1,,,1,70,,26567,1,,,1,30,,26568,1,,,1,70,,26569,1,,,1,30,,26570,1,,,1,70,,26571,1,,,1,30,,26572,1,,,1,70,,26573,1,,,1,30,,26574,1,,,1,70,,26575,1,,,1,30,,26576,1,,,1,70,,26577,1,,,1,30,,26578,1,,,1,70,,26579,1,,,1,30,,26580,1,,,1,70,,26581,1,,,1,30,,26582,1,,,1,70,,26583,1,,,1,30,,26584,1,,,1,70,,26585,1,,,1,30,,26586,1,,,1,70,,26587,1,,,1,100,,26588,1,,,1
2900,'29-Sunday-10000001',855,,26589,1,,,1,70,,26590,1,,,1,30,,26591,1,,,1,70,,26592,1,,,1,30,,26593,1,,,1,70,,26594,1,,,1,30,,26595,1,,,1,70,,26596,1,,,1,30,,26597,1,,,1,70,,26598,1,,,1,30,,26599,1,,,1,70,,26600,1,,,1,30,,26601,1,,,1,70,,26602,1,,,1,30,,26603,1,,,1,70,,26604,1,,,1,30,,26605,1,,,1,70,,26606,1,,,1,30,,26607,1,,,1,70,,26608,1,,,1,30,,26609,1,,,1,70,,26610,1,,,1,30,,26611,1,,,1,70,,26612,1,,,1,30,,26613,1,,,1,70,,26614,1,,,1,30,,26615,1,,,1,70,,26616,1,,,1,30,,26617,1,,,1,70,,26618,1,,,1,100,,26619,1,,,1
2900,'29-Weekday-11111100',545,,26656,1,,,1,80,,26653,1,,,1,25,,26655,1,,,1,80,,26654,1,,,1,70,,26629,1,,,1,30,,26630,1,,,1,70,,26631,1,,,1,30,,26632,1,,,1,70,,26633,1,,,1,30,,26634,1,,,1,70,,26635,1,,,1,30,,26636,1,,,1,70,,26637,1,,,1,30,,26638,1,,,1,70,,26639,1,,,1,30,,26640,1,,,1,70,,26641,1,,,1,30,,26642,1,,,1,70,,26643,1,,,1,30,,26644,1,,,1,70,,26645,1,,,1,30,,26646,1,,,1,70,,26647,1,,,1,30,,26648,1,,,1,70,,26649,1,,,1,30,,26650,1,,,1,70,,26651,1,,,1,30,,26652,1,,,1,70,,26628,1,,,1,30,,26627,1,,,1,70,,26626,1,,,1,30,,26620,1,,,1,70,,26625,1,,,1,25,,26623,1,,,1,25,,26624,1,,,1,70,,26622,1,,,1,30,,26621,1,,,1
2901,'29-Saturday-10000010',754,,26657,46,4,,1,70,,26658,46,4,,1,30,,26659,46,4,,1,73,,26660,46,4,,1,30,,26661,46,4,,1,70,,26662,46,4,,1,30,,26663,46,4,,1,70,,26664,46,4,,1,30,,26665,46,4,,1,70,,26666,46,4,,1,30,,26667,46,4,,1,70,,26668,46,4,,1,30,,26669,46,4,,1,70,,26670,46,4,,1,30,,26671,46,4,,1,70,,26672,46,4,,1,30,,26673,46,4,,1,70,,26674,46,4,,1,30,,26675,46,4,,1,70,,26676,46,4,,1,30,,26677,46,4,,1,67,,26678,46,4,,1,30,,26679,46,4,,1,70,,26680,46,4,,1,30,,26681,46,4,,1,70,,26682,46,4,,1,30,,26683,46,4,,1,70,,26684,46,4,,1,30,,26685,46,4,,1,70,,26686,46,4,,1,30,,26687,46,4,,1,70,,26688,46,4,,1,30,,26689,46,4,,1,100,,26690,46,4,,1
2901,'29-Sunday-10000001',849,,26691,46,4,,1,70,,26692,46,4,,1,30,,26693,46,4,,1,72,,26694,46,4,,1,30,,26695,46,4,,1,70,,26696,46,4,,1,30,,26697,46,4,,1,70,,26698,46,4,,1,30,,26699,46,4,,1,70,,26700,46,4,,1,30,,26701,46,4,,1,70,,26702,46,4,,1,30,,26703,46,4,,1,70,,26704,46,4,,1,30,,26705,46,4,,1,70,,26706,46,4,,1,30,,26707,46,4,,1,70,,26708,46,4,,1,30,,26709,46,4,,1,70,,26710,46,4,,1,30,,26711,46,4,,1,70,,26712,46,4,,1,30,,26713,46,4,,1,70,,26714,46,4,,1,30,,26715,46,4,,1,70,,26716,46,4,,1,30,,26717,46,4,,1,68,,26718,46,4,,1,30,,26719,46,4,,1,70,,26720,46,4,,1,30,,26721,46,4,,1,100,,26722,46,4,,1
2901,'29-Weekday-11111100',620,,26759,35,4,,1,24,,26725,46,4,,1,71,,26726,46,4,,1,37,,26727,46,4,,1,70,,26728,46,4,,1,30,,26729,46,4,,1,70,,26730,46,4,,1,31,,26731,46,4,,1,69,,26732,46,4,,1,30,,26733,46,4,,1,70,,26734,46,4,,1,30,,26735,46,4,,1,70,,26736,46,4,,1,30,,26737,46,4,,1,70,,26738,46,4,,1,30,,26739,46,4,,1,70,,26740,46,4,,1,32,,26724,46,4,,1,73,,26723,46,4,,1,30,,26741,46,4,,1,70,,26742,46,4,,1,30,,26743,46,4,,1,70,,26744,46,4,,1,30,,26745,46,4,,1,68,,26746,46,4,,1,28,,26747,46,4,,1,70,,26748,46,4,,1,30,,26749,46,4,,1,70,,26750,46,4,,1,30,,26751,46,4,,1,70,,26752,46,4,,1,30,,26753,46,4,,1,67,,26754,46,4,,1,25,,26755,46,4,,1,70,,26756,46,4,,1,30,,26757,46,4,,1,70,,26758,46,4,,1
