600,'6-Holiday1-10000001',745,,22517,1,,,1,100,,22518,1,,,1,100,,22519,1,,,1,100,,22520,1,,,1,100,,22521,1,,,1,100,,22522,1,,,1,100,,22523,1,,,1,100,,22524,1,,,1,100,,22525,1,,,1,100,,22526,1,,,1,100,,22527,1,,,1,100,,22528,1,,,1,100,,22529,1,,,1,100,,22530,1,,,1,100,,22531,1,,,1,100,,22532,1,,,1,100,,22533,1,,,1
600,'6-Saturday-10000010',615,,22535,1,,,1,30,,22536,1,,,1,70,,22537,1,,,1,30,,22538,1,,,1,70,,22539,1,,,1,30,,22540,1,,,1,70,,22541,1,,,1,30,,22542,1,,,1,70,,22543,1,,,1,30,,22544,1,,,1,70,,22545,1,,,1,30,,22546,1,,,1,70,,22547,1,,,1,30,,22548,1,,,1,70,,22549,1,,,1,30,,22550,1,,,1,70,,22551,1,,,1,30,,22552,1,,,1,70,,22553,1,,,1,30,,22554,1,,,1,70,,22555,1,,,1,30,,22556,1,,,1,70,,22557,1,,,1,30,,22558,1,,,1,70,,22559,1,,,1,30,,22560,1,,,1,70,,22561,1,,,1,30,,22562,1,,,1,70,,22563,1,,,1,30,,22564,1,,,1,70,,22565,1,,,1,30,,22566,1,,,1,70,,22567,1,,,1,30,,22568,1,,,1,70,,22569,1,,,1,30,,22570,1,,,1,70,,22571,1,,,1
600,'6-Sunday-10000001',745,,22572,1,,,1,70,,22573,1,,,1,30,,22574,1,,,1,70,,22575,1,,,1,30,,22576,1,,,1,70,,22577,1,,,1,30,,22578,1,,,1,70,,22579,1,,,1,30,,22580,1,,,1,70,,22581,1,,,1,30,,22582,1,,,1,70,,22583,1,,,1,30,,22584,1,,,1,70,,22585,1,,,1,30,,22586,1,,,1,70,,22587,1,,,1,30,,22588,1,,,1,70,,22589,1,,,1,30,,22590,1,,,1,70,,22591,1,,,1,30,,22592,1,,,1,70,,22593,1,,,1,30,,22594,1,,,1,70,,22595,1,,,1,30,,22596,1,,,1,70,,22597,1,,,1,30,,22598,1,,,1,70,,22599,1,,,1,30,,22600,1,,,1,70,,22601,1,,,1,30,,22602,1,,,1,70,,22603,1,,,1,30,,22604,1,,,1
600,'6-Weekday-11111100',545,,22640,1,,,1,70,,22605,1,,,1,30,,22606,1,,,1,70,,22607,1,,,1,30,,22608,1,,,1,70,,22609,1,,,1,30,,22610,1,,,1,70,,22611,1,,,1,30,,22612,1,,,1,70,,22613,1,,,1,30,,22614,1,,,1,70,,22615,1,,,1,30,,22616,1,,,1,70,,22617,1,,,1,30,,22618,1,,,1,70,,22619,1,,,1,30,,22620,1,,,1,70,,22621,1,,,1,30,,22622,1,,,1,70,,22623,1,,,1,30,,22624,1,,,1,70,,22625,1,,,1,30,,22626,1,,,1,70,,22627,1,,,1,30,,22628,1,,,1,70,,22629,1,,,1,30,,22630,1,,,1,70,,22631,1,,,1,30,,22632,1,,,1,70,,22633,1,,,1,30,,22634,1,,,1,70,,22635,1,,,1,30,,22636,1,,,1,70,,22637,1,,,1,30,,22638,1,,,1,70,,22639,1,,,1,30,,22641,1,,,1
601,'6-Holiday1-10000001',822,,22659,22,4,,1,99,,22643,48,4,,1,100,,22644,48,4,,1,101,,22645,48,4,,1,100,,22646,48,4,,1,100,,22647,48,4,,1,100,,22648,48,4,,1,100,,22649,48,4,,1,100,,22650,48,4,,1,100,,22651,48,4,,1,100,,22652,48,4,,1,99,,22653,48,4,,1,100,,22654,48,4,,1,100,,22655,48,4,,1,100,,22656,48,4,,1,100,,22657,48,4,,1,100,,22658,48,4,,1
601,'6-Saturday-10000010',631,,22696,43,4,,1,70,,22660,48,4,,1,30,,22661,48,4,,1,70,,22662,48,4,,1,30,,22663,48,4,,1,70,,22664,48,4,,1,32,,22665,48,4,,1,71,,22666,48,4,,1,30,,22667,48,4,,1,70,,22668,48,4,,1,30,,22669,48,4,,1,70,,22670,48,4,,1,30,,22671,48,4,,1,70,,22672,48,4,,1,30,,22673,48,4,,1,70,,22674,48,4,,1,30,,22675,48,4,,1,70,,22676,48,4,,1,30,,22677,48,4,,1,70,,22678,48,4,,1,30,,22679,48,4,,1,70,,22680,48,4,,1,30,,22681,48,4,,1,70,,22682,48,4,,1,28,,22683,48,4,,1,69,,22684,48,4,,1,30,,22685,48,4,,1,70,,22686,48,4,,1,30,,22687,48,4,,1,70,,22688,48,4,,1,30,,22689,48,4,,1,70,,22690,48,4,,1,30,,22691,48,4,,1,70,,22692,48,4,,1,30,,22693,48,4,,1,70,,22694,48,4,,1,30,,22695,48,4,,1
601,'6-Sunday-10000001',822,,22729,22,4,,1,29,,22697,48,4,,1,70,,22698,48,4,,1,30,,22699,48,4,,1,70,,22700,48,4,,1,31,,22701,48,4,,1,70,,22702,48,4,,1,30,,22703,48,4,,1,70,,22704,48,4,,1,30,,22705,48,4,,1,70,,22706,48,4,,1,30,,22707,48,4,,1,70,,22708,48,4,,1,30,,22709,48,4,,1,70,,22710,48,4,,1,30,,22711,48,4,,1,70,,22712,48,4,,1,30,,22713,48,4,,1,70,,22714,48,4,,1,30,,22715,48,4,,1,70,,22716,48,4,,1,29,,22717,48,4,,1,70,,22718,48,4,,1,30,,22719,48,4,,1,70,,22720,48,4,,1,30,,22721,48,4,,1,70,,22722,48,4,,1,30,,22723,48,4,,1,70,,22724,48,4,,1,30,,22725,48,4,,1,70,,22726,48,4,,1,30,,22727,48,4,,1,70,,22728,48,4,,1
601,'6-Weekday-11111100',535,,22768,43,4,,1,70,,22766,43,4,,1,30,,22730,48,4,,1,70,,22731,48,4,,1,34,,22732,48,4,,1,71,,22733,48,4,,1,30,,22734,48,4,,1,70,,22735,48,4,,1,31,,22736,48,4,,1,69,,22737,48,4,,1,30,,22738,48,4,,1,70,,22739,48,4,,1,30,,22740,48,4,,1,70,,22741,48,4,,1,30,,22742,48,4,,1,70,,22743,48,4,,1,30,,22744,48,4,,1,70,,22745,48,4,,1,31,,22746,48,4,,1,74,,22747,48,4,,1,27,,22769,48,4,,1,60,,22748,48,4,,1,30,,22749,48,4,,1,70,,22750,48,4,,1,30,,22751,48,4,,1,70,,22752,48,4,,1,25,,22753,48,4,,1,25,,22754,48,4,,1,55,,22755,48,4,,1,30,,22756,48,4,,1,70,,22757,48,4,,1,30,,22758,48,4,,1,70,,22759,48,4,,1,30,,22760,48,4,,1,70,,22761,48,4,,1,30,,22762,48,4,,1,69,,22763,48,4,,1,30,,22764,48,4,,1,65,,22765,48,4,,1,30,,22767,48,4,,1
2800,'28-Holiday1-10000001',830,,26357,1,,,1,100,,26358,1,,,1,100,,26359,1,,,1,100,,26360,1,,,1,100,,26361,1,,,1,100,,26362,1,,,1,100,,26363,1,,,1,100,,26364,1,,,1,100,,26365,1,,,1,100,,26366,1,,,1,100,,26367,1,,,1,100,,26368,1,,,1,100,,26369,1,,,1,100,,26370,1,,,1,100,,26371,1,,,1,100,,26372,1,,,1
2800,'28-Saturday-10000010',710,,26373,1,,,1,35,,26374,1,,,1,75,,26375,1,,,1,35,,26376,1,,,1,75,,26377,1,,,1,75,,26378,1,,,1,35,,26379,1,,,1,75,,26380,1,,,1,35,,26381,1,,,1,75,,26382,1,,,1,75,,26383,1,,,1,35,,26384,1,,,1,75,,26385,1,,,1,35,,26386,1,,,1,75,,26387,1,,,1,35,,26388,1,,,1,75,,26389,1,,,1,75,,26390,1,,,1,35,,26391,1,,,1,75,,26392,1,,,1,35,,26393,1,,,1,75,,26394,1,,,1,75,,26395,1,,,1,35,,26396,1,,,1,75,,26397,1,,,1,35,,26398,1,,,1,75,,26399,1,,,1
2800,'28-Sunday-10000001',710,,26400,1,,,1,35,,26401,1,,,1,75,,26402,1,,,1,35,,26403,1,,,1,75,,26404,1,,,1,75,,26405,1,,,1,35,,26406,1,,,1,75,,26407,1,,,1,35,,26408,1,,,1,75,,26409,1,,,1,75,,26410,1,,,1,35,,26411,1,,,1,75,,26412,1,,,1,35,,26413,1,,,1,75,,26414,1,,,1,35,,26415,1,,,1,75,,26416,1,,,1,75,,26417,1,,,1,35,,26418,1,,,1,75,,26419,1,,,1,35,,26420,1,,,1,75,,26421,1,,,1,75,,26422,1,,,1,35,,26423,1,,,1,75,,26424,1,,,1,35,,26425,1,,,1,75,,26426,1,,,1
2800,'28-Weekday-11111100',635,,26427,1,,,1,75,,26428,1,,,1,35,,26429,1,,,1,75,,26430,1,,,1,35,,26431,1,,,1,75,,26432,1,,,1,75,,26433,1,,,1,35,,26434,1,,,1,75,,26435,1,,,1,35,,26436,1,,,1,75,,26437,1,,,1,75,,26438,1,,,1,35,,26439,1,,,1,75,,26440,1,,,1,35,,26441,1,,,1,75,,26442,1,,,1,35,,26443,1,,,1,75,,26444,1,,,1,75,,26445,1,,,1,35,,26446,1,,,1,75,,26447,1,,,1,35,,26448,1,,,1,75,,26449,1,,,1,75,,26450,1,,,1,35,,26451,1,,,1,75,,26452,1,,,1,35,,26453,1,,,1,75,,26454,1,,,1,35,,26455,1,,,1
2801,'28-Holiday1-10000001',855,,26456,19,4,,1,100,,26457,19,4,,1,102,,26458,19,4,,1,100,,26459,19,4,,1,100,,26460,19,4,,1,100,,26461,19,4,,1,100,,26462,19,4,,1,100,,26463,19,4,,1,100,,26464,19,4,,1,100,,26465,19,4,,1,100,,26466,19,4,,1,100,,26467,19,4,,1,100,,26468,19,4,,1,100,,26469,19,4,,1,100,,26470,19,4,,1
2801,'28-Saturday-10000010',740,,26471,19,4,,1,75,,26472,19,4,,1,35,,26473,19,4,,1,76,,26474,19,4,,1,75,,26475,19,4,,1,35,,26476,19,4,,1,75,,26477,19,4,,1,35,,26478,19,4,,1,75,,26479,19,4,,1,35,,26480,19,4,,1,75,,26481,19,4,,1,75,,26482,19,4,,1,35,,26483,19,4,,1,75,,26484,19,4,,1,35,,26485,19,4,,1,75,,26486,19,4,,1,75,,26487,19,4,,1,35,,26488,19,4,,1,75,,26489,19,4,,1,33,,26490,19,4,,1,75,,26491,19,4,,1,35,,26492,19,4,,1,75,,26493,19,4,,1,75,,26494,19,4,,1,35,,26495,19,4,,1,76,,26496,19,4,,1,32,,26497,19,4,,1
2801,'28-Sunday-10000001',736,,26498,19,4,,1,75,,26499,19,4,,1,35,,26500,19,4,,1,75,,26501,19,4,,1,35,,26502,19,4,,1,77,,26503,19,4,,1,75,,26504,19,4,,1,35,,26505,19,4,,1,75,,26506,19,4,,1,35,,26507,19,4,,1,75,,26508,19,4,,1,75,,26509,19,4,,1,35,,26510,19,4,,1,75,,26511,19,4,,1,35,,26512,19,4,,1,75,,26513,19,4,,1,35,,26514,19,4,,1,75,,26515,19,4,,1,75,,26516,19,4,,1,35,,26517,19,4,,1,75,,26518,19,4,,1,35,,26519,19,4,,1,75,,26520,19,4,,1,75,,26521,19,4,,1,35,,26522,19,4,,1,75,,26523,19,4,,1,35,,26524,19,4,,1
2801,'28-Weekday-11111100',703,,26525,19,4,,1,37,,26526,19,4,,1,75,,26527,19,4,,1,35,,26528,19,4,,1,75,,26529,19,4,,1,76,,26530,19,4,,1,35,,26531,19,4,,1,75,,26532,19,4,,1,35,,26533,19,4,,1,75,,26534,19,4,,1,35,,26535,19,4,,1,75,,26536,19,4,,1,75,,26537,19,4,,1,36,,26538,19,4,,1,76,,26552,19,4,,1,35,,26539,19,4,,1,75,,26540,19,4,,1,75,,26541,19,4,,1,35,,26542,19,4,,1,74,,26543,19,4,,1,32,,26544,19,4,,1,75,,26545,19,4,,1,35,,26553,19,4,,1,75,,26546,19,4,,1,75,,26547,19,4,,1,35,,26548,19,4,,1,74,,26549,19,4,,1,33,,26550,19,4,,1,75,,26551,19,4,,1
301100,'3011-Sunday-20000001',700,,32428,1,,,1,20,,32429,1,,,1,20,,32430,1,,,1,60,,32431,1,,,1,20,,32432,1,,,1,20,,32433,1,,,1,60,,32434,1,,,1,20,,32435,1,,,1,20,,32436,1,,,1,60,,32437,1,,,1,20,,32438,1,,,1,20,,32439,1,,,1,60,,32440,1,,,1,20,,32441,1,,,1,20,,32442,1,,,1,60,,32443,1,,,1,20,,32444,1,,,1,20,,32445,1,,,1,60,,32446,1,,,1,20,,32447,1,,,1,20,,32448,1,,,1
