5300,'53-Holiday1-10000001',852,,17230,32,4,,1,100,,17231,32,4,,1,104,,17232,32,4,,1,100,,17233,32,4,,1,100,,17234,32,4,,1,100,,17235,32,4,,1,100,,17236,32,4,,1,100,,17237,32,4,,1,100,,17238,32,4,,1,100,,17239,32,4,,1,96,,17240,32,4,,1,100,,17241,32,4,,1,100,,17242,32,4,,1,100,,17243,32,4,,1,100,,17244,32,4,,1,100,,17245,32,4,,1
5300,'53-Saturday-10000010',726,,17246,32,4,,1,30,,17247,32,4,,1,70,,17248,32,4,,1,30,,17249,32,4,,1,72,,17250,32,4,,1,30,,17251,32,4,,1,70,,17252,32,4,,1,30,,17253,32,4,,1,70,,17254,32,4,,1,30,,17255,32,4,,1,70,,17256,32,4,,1,30,,17257,32,4,,1,70,,17258,32,4,,1,30,,17259,32,4,,1,70,,17260,32,4,,1,30,,17261,32,4,,1,70,,17262,32,4,,1,30,,17263,32,4,,1,70,,17264,32,4,,1,30,,17265,32,4,,1,70,,17266,32,4,,1,30,,17267,32,4,,1,68,,17268,32,4,,1,30,,17269,32,4,,1,100,,17270,32,4,,1,100,,17271,32,4,,1,100,,17272,32,4,,1,100,,17273,32,4,,1,100,,17274,32,4,,1
5300,'53-Sunday-10000001',822,,17275,32,4,,1,100,,17276,32,4,,1,104,,17277,32,4,,1,30,,17278,32,4,,1,70,,17279,32,4,,1,30,,17280,32,4,,1,70,,17281,32,4,,1,30,,17282,32,4,,1,70,,17283,32,4,,1,30,,17284,32,4,,1,70,,17285,32,4,,1,30,,17286,32,4,,1,70,,17287,32,4,,1,30,,17288,32,4,,1,70,,17289,32,4,,1,30,,17290,32,4,,1,70,,17291,32,4,,1,30,,17292,32,4,,1,96,,17293,32,4,,1,100,,17294,32,4,,1,100,,17295,32,4,,1,100,,17296,32,4,,1,100,,17297,32,4,,1,100,,17298,32,4,,1
5300,'53-Weekday-11111100',630,,17326,37,4,,1,70,,17327,37,4,,1,30,,17328,37,4,,1,70,,17329,37,4,,1,30,,17330,37,4,,1,27,,17315,32,4,,1,70,,17316,32,4,,1,29,,17317,32,4,,1,70,,17308,32,4,,1,30,,17309,32,4,,1,70,,17310,32,4,,1,30,,17311,32,4,,1,70,,17312,32,4,,1,30,,17313,32,4,,1,70,,17314,32,4,,1,30,,17333,32,4,,1,82,,17318,37,4,,1,74,,17334,37,4,,1,30,,17321,37,4,,1,70,,17325,37,4,,1,30,,17324,37,4,,1,70,,17323,37,4,,1,30,,17322,37,4,,1,68,,17331,37,4,,1,19,,17332,37,4,,1,25,,17307,32,4,,1,70,,17301,32,4,,1,30,,17302,32,4,,1,70,,17303,32,4,,1,30,,17304,32,4,,1,70,,17300,32,4,,1,30,,17299,32,4,,1,72,,17320,37,4,,1,30,,17319,37,4,,1,64,,17305,32,4,,1,30,,17306,32,4,,1
5301,'53-Holiday1-10000001',845,,17335,1,,,1,100,,17336,1,,,1,100,,17337,1,,,1,100,,17338,1,,,1,100,,17339,1,,,1,100,,17340,1,,,1,100,,17341,1,,,1,100,,17342,1,,,1,100,,17343,1,,,1,100,,17344,1,,,1,100,,17345,1,,,1,100,,17346,1,,,1,100,,17347,1,,,1,100,,17348,1,,,1,100,,17349,1,,,1
5301,'53-Saturday-10000010',645,,17378,1,,,1,70,,17351,1,,,1,30,,17352,1,,,1,70,,17353,1,,,1,30,,17354,1,,,1,70,,17355,1,,,1,30,,17356,1,,,1,70,,17357,1,,,1,30,,17358,1,,,1,70,,17359,1,,,1,30,,17360,1,,,1,70,,17361,1,,,1,30,,17362,1,,,1,70,,17363,1,,,1,30,,17364,1,,,1,70,,17365,1,,,1,30,,17366,1,,,1,70,,17367,1,,,1,30,,17368,1,,,1,70,,17369,1,,,1,30,,17370,1,,,1,70,,17371,1,,,1,30,,17372,1,,,1,70,,17373,1,,,1,30,,17374,1,,,1,100,,17375,1,,,1,100,,17376,1,,,1,100,,17377,1,,,1,100,,17350,1,,,1,155,,17379,1,,,1
5301,'53-Sunday-10000001',815,,17380,1,,,1,100,,17381,1,,,1,100,,17382,1,,,1,30,,17383,1,,,1,70,,17384,1,,,1,30,,17385,1,,,1,70,,17386,1,,,1,30,,17387,1,,,1,70,,17388,1,,,1,30,,17389,1,,,1,70,,17390,1,,,1,30,,17391,1,,,1,70,,17392,1,,,1,30,,17393,1,,,1,70,,17394,1,,,1,30,,17395,1,,,1,70,,17396,1,,,1,30,,17397,1,,,1,100,,17398,1,,,1,100,,17399,1,,,1,100,,17400,1,,,1,100,,17401,1,,,1,100,,17402,1,,,1
5301,'53-Weekday-11111100',530,,17424,1,,,1,70,,17425,1,,,1,30,,17426,1,,,1,70,,17427,1,,,1,30,,17428,1,,,1,70,,17429,1,,,1,30,,17403,1,,,1,70,,17404,1,,,1,30,,17405,1,,,1,70,,17406,1,,,1,30,,17407,1,,,1,70,,17408,1,,,1,30,,17409,1,,,1,70,,17410,1,,,1,30,,17411,1,,,1,70,,17412,1,,,1,30,,17439,1,,,1,70,,17434,1,,,1,25,,17433,1,,,1,25,,17432,1,,,1,70,,17431,1,,,1,30,,17430,1,,,1,70,,17437,1,,,1,30,,17438,1,,,1,70,,17413,1,,,1,30,,17414,1,,,1,80,,17415,1,,,1,70,,17416,1,,,1,30,,17417,1,,,1,70,,17418,1,,,1,30,,17419,1,,,1,70,,17420,1,,,1,30,,17436,1,,,1,70,,17435,1,,,1,30,,17421,1,,,1,70,,17422,1,,,1,30,,17423,1,,,1
5600,'56-Holiday1-11111111',800,,17648,1,,,1,45,,17649,1,,,1,85,,17650,1,,,1,85,,17651,1,,,1,85,,17652,1,,,1,45,,17653,1,,,1,85,,17654,1,,,1,85,,17655,1,,,1,85,,17656,1,,,1,45,,17657,1,,,1,85,,17658,1,,,1,85,,17659,1,,,1,85,,17660,1,,,1,45,,17661,1,,,1,85,,17662,1,,,1,85,,17663,1,,,1,85,,17664,1,,,1,45,,17665,1,,,1,85,,17666,1,,,1,85,,17667,1,,,1,85,,17668,1,,,1
5600,'56-Saturday-10000010',645,,17669,1,,,1,85,,17670,1,,,1,70,,17671,1,,,1,30,,17672,1,,,1,70,,17673,1,,,1,30,,17674,1,,,1,70,,17675,1,,,1,30,,17676,1,,,1,70,,17677,1,,,1,30,,17678,1,,,1,70,,17679,1,,,1,30,,17680,1,,,1,70,,17681,1,,,1,30,,17682,1,,,1,70,,17683,1,,,1,30,,17684,1,,,1,70,,17685,1,,,1,30,,17686,1,,,1,70,,17687,1,,,1,30,,17688,1,,,1,70,,17689,1,,,1,30,,17690,1,,,1,70,,17691,1,,,1,45,,17692,1,,,1,85,,17693,1,,,1,85,,17694,1,,,1,85,,17695,1,,,1,45,,17696,1,,,1,85,,17697,1,,,1,85,,17698,1,,,1
5600,'56-Sunday-10000001',830,,17699,1,,,1,70,,17700,1,,,1,30,,17701,1,,,1,70,,17702,1,,,1,30,,17703,1,,,1,70,,17704,1,,,1,30,,17705,1,,,1,70,,17706,1,,,1,30,,17707,1,,,1,70,,17708,1,,,1,30,,17709,1,,,1,70,,17710,1,,,1,30,,17711,1,,,1,70,,17712,1,,,1,30,,17713,1,,,1,70,,17714,1,,,1,30,,17715,1,,,1,70,,17716,1,,,1,30,,17717,1,,,1,70,,17718,1,,,1,45,,17719,1,,,1,85,,17720,1,,,1,85,,17721,1,,,1,85,,17722,1,,,1,45,,17723,1,,,1,85,,17724,1,,,1,85,,17725,1,,,1
5600,'56-Weekday-11111100',530,,17759,1,,,1,70,,17760,1,,,1,30,,17761,1,,,1,70,,17762,1,,,1,30,,17726,1,,,1,70,,17727,1,,,1,30,,17728,1,,,1,70,,17729,1,,,1,30,,17758,1,,,1,70,,17757,1,,,1,30,,17756,1,,,1,70,,17755,1,,,1,30,,17754,1,,,1,70,,17753,1,,,1,30,,17752,1,,,1,70,,17751,1,,,1,30,,17750,1,,,1,70,,17749,1,,,1,30,,17748,1,,,1,70,,17747,1,,,1,30,,17746,1,,,1,70,,17745,1,,,1,30,,17744,1,,,1,70,,17743,1,,,1,30,,17742,1,,,1,70,,17741,1,,,1,30,,17740,1,,,1,70,,17739,1,,,1,30,,17738,1,,,1,70,,17737,1,,,1,30,,17736,1,,,1,70,,17735,1,,,1,30,,17734,1,,,1,70,,17733,1,,,1,30,,17732,1,,,1,70,,17731,1,,,1,30,,17730,1,,,1
5601,'56-Holiday1-11111111',835,,17763,21,4,,1,85,,17764,21,4,,1,86,,17765,21,4,,1,46,,17766,21,4,,1,85,,17767,21,4,,1,85,,17768,21,4,,1,85,,17769,21,4,,1,45,,17770,21,4,,1,85,,17771,21,4,,1,85,,17772,21,4,,1,85,,17773,21,4,,1,45,,17774,21,4,,1,85,,17775,21,4,,1,84,,17776,21,4,,1,84,,17777,21,4,,1,45,,17778,21,4,,1,85,,17779,21,4,,1,85,,17780,21,4,,1,85,,17781,21,4,,1,45,,17782,21,4,,1,85,,17783,21,4,,1
5601,'56-Saturday-10000010',722,,17784,21,4,,1,85,,17785,21,4,,1,30,,17786,21,4,,1,70,,17787,21,4,,1,31,,17788,21,4,,1,70,,17789,21,4,,1,30,,17790,21,4,,1,70,,17791,21,4,,1,30,,17792,21,4,,1,70,,17793,21,4,,1,30,,17794,21,4,,1,70,,17795,21,4,,1,30,,17796,21,4,,1,70,,17797,21,4,,1,30,,17798,21,4,,1,70,,17799,21,4,,1,30,,17800,21,4,,1,70,,17801,21,4,,1,30,,17802,21,4,,1,70,,17803,21,4,,1,30,,17804,21,4,,1,70,,17805,21,4,,1,29,,17806,21,4,,1,85,,17807,21,4,,1,85,,17808,21,4,,1,45,,17809,21,4,,1,85,,17810,21,4,,1,85,,17811,21,4,,1,85,,17812,21,4,,1,45,,17813,21,4,,1
5601,'56-Sunday-10000001',905,,17814,21,4,,1,30,,17815,21,4,,1,71,,17816,21,4,,1,31,,17817,21,4,,1,70,,17818,21,4,,1,30,,17819,21,4,,1,70,,17820,21,4,,1,30,,17821,21,4,,1,70,,17822,21,4,,1,30,,17823,21,4,,1,70,,17824,21,4,,1,30,,17825,21,4,,1,70,,17826,21,4,,1,30,,17827,21,4,,1,70,,17828,21,4,,1,30,,17829,21,4,,1,70,,17830,21,4,,1,30,,17831,21,4,,1,69,,17832,21,4,,1,29,,17833,21,4,,1,85,,17834,21,4,,1,85,,17835,21,4,,1,45,,17836,21,4,,1,85,,17837,21,4,,1,85,,17838,21,4,,1,85,,17839,21,4,,1,45,,17840,21,4,,1
5601,'56-Weekday-11111100',605,,17841,21,4,,1,30,,17842,21,4,,1,70,,17843,21,4,,1,32,,17844,21,4,,1,70,,17845,21,4,,1,30,,17846,21,4,,1,70,,17847,21,4,,1,30,,17848,21,4,,1,72,,17849,21,4,,1,30,,17850,21,4,,1,70,,17851,21,4,,1,30,,17852,21,4,,1,70,,17853,21,4,,1,30,,17854,21,4,,1,70,,17855,21,4,,1,30,,17856,21,4,,1,70,,17857,21,4,,1,37,,17858,21,4,,1,68,,17859,21,4,,1,30,,17860,21,4,,1,70,,17861,21,4,,1,30,,17862,21,4,,1,70,,17863,21,4,,1,30,,17864,21,4,,1,68,,17865,21,4,,1,25,,17866,21,4,,1,70,,17867,21,4,,1,30,,17868,21,4,,1,70,,17869,21,4,,1,30,,17870,21,4,,1,70,,17871,21,4,,1,30,,17872,21,4,,1,69,,17873,21,4,,1,28,,17874,21,4,,1,70,,17875,21,4,,1,30,,17876,21,4,,1,70,,17877,21,4,,1
5800,'58-Holiday1-11111111',836,,17984,23,4,,1,100,,17983,23,4,,1,100,,17982,23,4,,1,100,,17981,23,4,,1,100,,17980,23,4,,1,100,,17979,23,4,,1,100,,17978,23,4,,1,100,,17977,23,4,,1,100,,17976,23,4,,1,100,,17975,23,4,,1,99,,17974,23,4,,1,100,,17973,23,4,,1,100,,17972,23,4,,1,100,,17971,23,4,,1,100,,17970,23,4,,1,100,,17969,23,4,,1
5800,'58-Saturday-10000010',736,,17991,23,4,,1,70,,17990,23,4,,1,30,,17989,23,4,,1,71,,17988,23,4,,1,29,,17987,23,4,,1,70,,17986,23,4,,1,30,,17985,23,4,,1,70,,18006,23,4,,1,30,,18005,23,4,,1,70,,18004,23,4,,1,30,,18003,23,4,,1,70,,18002,23,4,,1,30,,18001,23,4,,1,70,,18000,23,4,,1,30,,17999,23,4,,1,70,,17998,23,4,,1,30,,17997,23,4,,1,70,,17996,23,4,,1,30,,17995,23,4,,1,70,,17994,23,4,,1,30,,17993,23,4,,1,69,,17992,23,4,,1,31,,18012,23,4,,1,100,,18011,23,4,,1,100,,18010,23,4,,1,100,,18009,23,4,,1,100,,18008,23,4,,1,100,,18007,23,4,,1
5800,'58-Sunday-10000001',906,,18013,23,4,,1,99,,18015,23,4,,1,101,,18014,23,4,,1,30,,18030,23,4,,1,70,,18029,23,4,,1,30,,18028,23,4,,1,70,,18027,23,4,,1,30,,18026,23,4,,1,70,,18025,23,4,,1,30,,18024,23,4,,1,70,,18023,23,4,,1,30,,18022,23,4,,1,70,,18021,23,4,,1,30,,18020,23,4,,1,70,,18019,23,4,,1,30,,18018,23,4,,1,70,,18017,23,4,,1,29,,18016,23,4,,1,100,,18035,23,4,,1,100,,18034,23,4,,1,100,,18033,23,4,,1,100,,18032,23,4,,1,100,,18031,23,4,,1
5800,'58-Weekday-11111100',554,,18036,23,4,,1,70,,18037,23,4,,1,25,,18038,23,4,,1,70,,18039,23,4,,1,31,,18040,23,4,,1,70,,18041,23,4,,1,30,,18042,23,4,,1,70,,18043,23,4,,1,30,,18044,23,4,,1,70,,18045,23,4,,1,30,,18046,23,4,,1,70,,18047,23,4,,1,30,,18048,23,4,,1,70,,18049,23,4,,1,30,,18050,23,4,,1,70,,18051,23,4,,1,30,,18052,23,4,,1,70,,18072,23,4,,1,87,,18053,23,4,,1,30,,18054,23,4,,1,70,,18055,23,4,,1,30,,18056,23,4,,1,70,,18057,23,4,,1,30,,18058,23,4,,1,69,,18059,23,4,,1,13,,18060,23,4,,1,30,,18061,23,4,,1,70,,18062,23,4,,1,30,,18063,23,4,,1,70,,18064,23,4,,1,30,,18065,23,4,,1,70,,18066,23,4,,1,30,,18067,23,4,,1,68,,18068,23,4,,1,15,,18069,23,4,,1,70,,18070,23,4,,1,30,,18071,23,4,,1
5801,'58-Holiday1-11111111',800,,18075,1,,,1,100,,18074,1,,,1,100,,18073,1,,,1,100,,18076,1,,,1,100,,18077,1,,,1,100,,18078,1,,,1,100,,18079,1,,,1,100,,18080,1,,,1,100,,18081,1,,,1,100,,18082,1,,,1,100,,18083,1,,,1,100,,18088,1,,,1,100,,18087,1,,,1,100,,18086,1,,,1,100,,18085,1,,,1,100,,18084,1,,,1
5801,'58-Saturday-10000010',630,,18096,1,,,1,70,,18095,1,,,1,30,,18094,1,,,1,70,,18093,1,,,1,30,,18092,1,,,1,70,,18091,1,,,1,30,,18090,1,,,1,70,,18089,1,,,1,30,,18112,1,,,1,70,,18111,1,,,1,30,,18110,1,,,1,70,,18109,1,,,1,30,,18108,1,,,1,70,,18107,1,,,1,30,,18106,1,,,1,70,,18105,1,,,1,30,,18104,1,,,1,70,,18103,1,,,1,30,,18102,1,,,1,70,,18101,1,,,1,30,,18100,1,,,1,70,,18099,1,,,1,30,,18098,1,,,1,70,,18097,1,,,1,100,,18114,1,,,1,100,,18116,1,,,1,100,,18117,1,,,1,100,,18115,1,,,1,100,,18113,1,,,1
5801,'58-Sunday-10000001',830,,18120,1,,,1,100,,18119,1,,,1,100,,18118,1,,,1,70,,18121,1,,,1,30,,18135,1,,,1,70,,18134,1,,,1,30,,18133,1,,,1,70,,18132,1,,,1,30,,18131,1,,,1,70,,18130,1,,,1,30,,18129,1,,,1,70,,18128,1,,,1,30,,18127,1,,,1,70,,18126,1,,,1,30,,18125,1,,,1,70,,18124,1,,,1,30,,18123,1,,,1,70,,18122,1,,,1,100,,18140,1,,,1,100,,18139,1,,,1,100,,18138,1,,,1,100,,18137,1,,,1,100,,18136,1,,,1
5801,'58-Weekday-11111100',535,,18144,1,,,1,70,,18143,1,,,1,30,,18142,1,,,1,70,,18141,1,,,1,30,,18157,1,,,1,70,,18156,1,,,1,30,,18155,1,,,1,70,,18154,1,,,1,30,,18153,1,,,1,70,,18152,1,,,1,30,,18151,1,,,1,70,,18150,1,,,1,30,,18149,1,,,1,70,,18148,1,,,1,30,,18147,1,,,1,70,,18146,1,,,1,30,,18145,1,,,1,70,,18163,1,,,1,35,,18162,1,,,1,70,,18175,1,,,1,30,,18161,1,,,1,70,,18160,1,,,1,30,,18159,1,,,1,70,,18174,1,,,1,30,,18176,1,,,1,70,,18158,1,,,1,20,,18173,1,,,1,70,,18172,1,,,1,30,,18171,1,,,1,70,,18170,1,,,1,30,,18169,1,,,1,70,,18168,1,,,1,30,,18167,1,,,1,25,,18166,1,,,1,70,,18165,1,,,1,30,,18164,1,,,1
6700,'67-Weekday-11111100',605,,19083,1,,,1,30,,19084,1,,,1,70,,19085,1,,,1,30,,19086,1,,,1,70,,19091,1,,,1,30,,19089,1,,,1,565,,19094,1,,,1,30,,19090,1,,,1,70,,19095,1,,,1,30,,19079,1,,,1,70,,19093,1,,,1,30,,19080,1,,,1,70,,19081,1,,,1,30,,19082,1,,,1,475,,19088,1,,,1,30,,19092,1,,,1,70,,19087,1,,,1
6701,'67-Weekday-11111100',650,,19109,42,4,,1,70,,19100,42,4,,1,30,,19099,42,4,,1,70,,19097,42,4,,1,30,,19112,42,4,,1,70,,19098,42,4,,1,533,,19105,42,4,,1,70,,19104,42,4,,1,30,,19103,42,4,,1,70,,19102,42,4,,1,30,,19101,42,4,,1,70,,19110,42,4,,1,30,,19106,42,4,,1,70,,19113,42,4,,1,429,,19108,42,4,,1,70,,19111,42,4,,1,30,,19107,42,4,,1
