6201,'62-Weekday-11111100',600,,7914,1,,,1,22,,7914,19,4,,1,8,,7915,1,,,1,22,,7915,20,4,,1,48,,7916,1,,,1,23,,7916,19,4,,1,7,,7917,1,,,1,23,,7917,19,4,,1,47,,7918,1,,,1,23,,7918,19,4,,1,7,,7919,1,,,1,23,,7919,19,4,,1,47,,7920,1,,,1,23,,7920,19,4,,1,7,,7921,1,,,1,21,,7921,19,4,,1,49,,7922,1,,,1,21,,7922,19,4,,1,9,,7923,1,,,1,21,,7923,19,4,,1,49,,7924,1,,,1,21,,7924,19,4,,1,9,,7925,1,,,1,21,,7925,19,4,,1,49,,7926,1,,,1,21,,7926,19,4,,1,9,,7927,1,,,1,21,,7927,19,4,,1,49,,7928,1,,,1,21,,7928,19,4,,1,9,,7929,1,,,1,21,,7929,19,4,,1,49,,7930,1,,,1,21,,7930,19,4,,1,9,,7931,1,,,1,24,,7931,19,4,,1,46,,7932,1,,,1,24,,7932,19,4,,1,6,,7933,1,,,1,24,,7933,19,4,,1,46,,7934,1,,,1,24,,7934,19,4,,1,6,,7935,1,,,1,24,,7935,19,4,,1,46,,7936,1,,,1,24,,7936,19,4,,1,6,,7937,1,,,1,24,,7937,19,4,,1,46,,7938,1,,,1,21,,7938,19,4,,1,9,,7939,1,,,1,21,,7939,19,4,,1,49,,7940,1,,,1,21,,7940,19,4,,1,9,,7941,1,,,1,21,,7941,19,4,,1,49,,7942,1,,,1,21,,7942,19,4,,1,9,,7943,1,,,1,21,,7943,19,4,,1,49,,7944,1,,,1,21,,7944,19,4,,1,9,,7945,1,,,1,21,,7945,19,4,,1,49,,7946,1,,,1,19,,7946,19,4,,1,11,,7947,1,,,1,19,,7947,19,4,,1,51,,7948,1,,,1,19,,7948,19,4,,1,11,,7949,1,,,1,19,,7949,19,4,,1
6700,'67-Weekday-11111100',610,,8402,17,4,,1,30,,8389,41,4,,1,70,,8390,41,4,,1,30,,8391,41,4,,1,70,,8392,41,4,,1,30,,8397,41,4,,1,70,,8395,41,4,,1,531,,8400,41,4,,1,70,,8396,41,4,,1,30,,8401,41,4,,1,70,,8385,41,4,,1,30,,8399,41,4,,1,70,,8386,41,4,,1,30,,8387,41,4,,1,70,,8388,41,4,,1,429,,8394,41,4,,1,70,,8398,41,4,,1,30,,8393,41,4,,1
6701,'67-Weekday-11111100',615,,8415,1,,,1,30,,8406,1,,,1,70,,8405,1,,,1,30,,8403,1,,,1,70,,8418,1,,,1,30,,8404,1,,,1,570,,8411,1,,,1,30,,8410,1,,,1,70,,8409,1,,,1,30,,8408,1,,,1,70,,8407,1,,,1,30,,8416,1,,,1,70,,8412,1,,,1,30,,8419,1,,,1,475,,8414,1,,,1,30,,8417,1,,,1,70,,8413,1,,,1
7800,'78-Weekday-11111100',552,,8488,1,,,1,78,,8489,1,,,1,70,,8490,1,,,1,30,,8491,1,,,1,70,,8492,1,,,1,30,,8493,1,,,1,70,,8494,1,,,1,30,,8495,1,,,1,470,,8496,1,,,1,30,,8497,1,,,1,70,,8498,1,,,1,30,,8499,1,,,1,70,,8500,1,,,1,30,,8501,1,,,1,70,,8502,1,,,1,30,,8503,1,,,1,70,,8504,1,,,1,430,,8505,1,,,1,70,,8506,1,,,1,30,,8507,1,,,1
7801,'78-Weekday-11111100',629,,8508,7,4,,1,81,,8509,7,4,,1,31,,8510,7,4,,1,70,,8511,7,4,,1,30,,8512,7,4,,1,70,,8513,7,4,,1,29,,8514,7,4,,1,69,,8515,7,4,,1,431,,8516,7,4,,1,71,,8517,7,4,,1,30,,8518,7,4,,1,70,,8519,7,4,,1,30,,8520,7,4,,1,70,,8521,7,4,,1,30,,8522,7,4,,1,69,,8523,7,4,,1,29,,8524,7,4,,1,420,,8525,7,4,,1,70,,8526,7,4,,1,30,,8527,7,4,,1
20300,'203-Holiday1-10000001',930,,9293,25,4,,1,101,,9294,25,4,,1,100,,9295,25,4,,1,100,,9296,25,4,,1,100,,9297,25,4,,1,100,,9298,25,4,,1,100,,9299,25,4,,1,100,,9300,25,4,,1,100,,9301,25,4,,1,99,,9302,25,4,,1,100,,9303,25,4,,1,100,,9304,25,4,,1,100,,9305,25,4,,1
20300,'203-Saturday-10000010',701,,9306,25,4,,1,100,,9307,25,4,,1,100,,9308,25,4,,1,104,,9309,25,4,,1,30,,9310,25,4,,1,70,,9311,25,4,,1,30,,9312,25,4,,1,70,,9313,25,4,,1,30,,9314,25,4,,1,70,,9315,25,4,,1,30,,9316,25,4,,1,70,,9317,25,4,,1,30,,9318,25,4,,1,70,,9319,25,4,,1,30,,9320,25,4,,1,70,,9321,25,4,,1,30,,9322,25,4,,1,70,,9323,25,4,,1,30,,9324,25,4,,1,69,,9325,25,4,,1,27,,9326,25,4,,1,100,,9327,25,4,,1,100,,9328,25,4,,1,100,,9329,25,4,,1
20300,'203-Sunday-10000001',930,,9330,25,4,,1,101,,9331,25,4,,1,100,,9332,25,4,,1,100,,9333,25,4,,1,100,,9334,25,4,,1,100,,9335,25,4,,1,100,,9336,25,4,,1,100,,9337,25,4,,1,100,,9338,25,4,,1,99,,9339,25,4,,1,100,,9340,25,4,,1,100,,9341,25,4,,1,100,,9342,25,4,,1
20301,'203-Holiday1-10000001',940,,9378,1,,,1,100,,9386,1,,,1,100,,9385,1,,,1,100,,9384,1,,,1,100,,9383,1,,,1,100,,9382,1,,,1,100,,9381,1,,,1,100,,9380,1,,,1,100,,9379,1,,,1,100,,9377,1,,,1,100,,9389,1,,,1,100,,9388,1,,,1,100,,9387,1,,,1
20301,'203-Saturday-10000010',710,,9393,1,,,1,100,,9394,1,,,1,100,,9395,1,,,1,100,,9396,1,,,1,30,,9397,1,,,1,70,,9398,1,,,1,30,,9399,1,,,1,70,,9400,1,,,1,30,,9401,1,,,1,70,,9402,1,,,1,30,,9403,1,,,1,70,,9404,1,,,1,30,,9405,1,,,1,70,,9406,1,,,1,30,,9407,1,,,1,70,,9408,1,,,1,30,,9409,1,,,1,70,,9390,1,,,1,30,,9392,1,,,1,70,,9391,1,,,1,30,,9410,1,,,1,95,,9411,1,,,1,100,,9412,1,,,1,100,,9413,1,,,1
20301,'203-Sunday-10000001',940,,9415,1,,,1,100,,9423,1,,,1,100,,9422,1,,,1,100,,9421,1,,,1,100,,9420,1,,,1,100,,9419,1,,,1,100,,9418,1,,,1,100,,9417,1,,,1,100,,9416,1,,,1,90,,9414,1,,,1,100,,9426,1,,,1,100,,9425,1,,,1,100,,9424,1,,,1
20301,'203-Weekday-11111100',640,,9427,6,,,1,69,,9428,6,,,1,38,,9429,6,,,1,70,,9430,6,,,1,30,,9431,6,,,1,70,,9432,6,,,1,36,,9433,6,,,1,70,,9442,6,,,1,30,,9443,6,,,1,70,,9444,6,,,1,30,,9445,6,,,1,70,,9446,6,,,1,30,,9447,6,,,1,70,,9448,6,,,1,30,,9449,6,,,1,70,,9450,6,,,1,27,,9451,6,,,1,69,,9452,6,,,1,30,,9453,6,,,1,70,,9454,6,,,1,30,,9455,6,,,1,70,,9456,6,,,1,30,,9457,6,,,1,71,,9458,6,,,1,31,,9459,6,,,1,70,,9441,6,,,1,30,,9434,6,,,1,70,,9435,6,,,1,30,,9436,6,,,1,70,,9437,6,,,1,30,,9438,6,,,1,68,,9439,6,,,1,25,,9440,6,,,1,70,,9460,6,,,1
