600,'6-Holiday1-10000001',806,,795,24,,,1,100,,796,24,,,1,100,,797,24,,,1,100,,798,24,,,1,100,,799,24,,,1,100,,800,24,,,1,100,,801,24,,,1,100,,802,24,,,1,100,,803,24,,,1,100,,804,24,,,1,100,,805,24,,,1,100,,806,24,,,1,100,,807,24,,,1,100,,808,24,,,1,100,,809,24,,,1,100,,810,24,,,1,100,,811,24,,,1
600,'6-Saturday-10000010',547,,812,9,,,1,89,,813,24,,,1,70,,814,24,,,1,30,,815,24,,,1,70,,816,24,,,1,30,,817,24,,,1,71,,818,24,,,1,32,,819,24,,,1,70,,820,24,,,1,30,,821,24,,,1,70,,822,24,,,1,30,,823,24,,,1,70,,824,24,,,1,30,,825,24,,,1,70,,826,24,,,1,30,,827,24,,,1,70,,828,24,,,1,30,,829,24,,,1,70,,830,24,,,1,30,,831,24,,,1,70,,832,24,,,1,30,,833,24,,,1,70,,834,24,,,1,30,,835,24,,,1,69,,836,24,,,1,28,,837,24,,,1,70,,838,24,,,1,30,,839,24,,,1,70,,840,24,,,1,30,,841,24,,,1,70,,842,24,,,1,30,,843,24,,,1,70,,844,24,,,1,30,,845,24,,,1,70,,846,24,,,1,30,,847,24,,,1,70,,848,24,,,1,30,,849,24,,,1
600,'6-Sunday-10000001',806,,850,24,,,1,30,,851,24,,,1,70,,852,24,,,1,30,,853,24,,,1,70,,854,24,,,1,30,,855,24,,,1,70,,856,24,,,1,30,,857,24,,,1,70,,858,24,,,1,30,,859,24,,,1,70,,860,24,,,1,30,,861,24,,,1,70,,862,24,,,1,30,,863,24,,,1,70,,864,24,,,1,30,,865,24,,,1,70,,866,24,,,1,30,,867,24,,,1,70,,868,24,,,1,30,,869,24,,,1,70,,870,24,,,1,30,,871,24,,,1,70,,872,24,,,1,30,,873,24,,,1,70,,874,24,,,1,30,,875,24,,,1,70,,876,24,,,1,30,,877,24,,,1,70,,878,24,,,1,30,,879,24,,,1,70,,880,24,,,1,30,,881,24,,,1,70,,882,24,,,1
600,'6-Weekday-11111100',537,,920,5,,,1,70,,918,24,,,1,30,,883,24,,,1,71,,884,24,,,1,32,,885,24,,,1,70,,886,24,,,1,30,,887,24,,,1,70,,888,24,,,1,30,,889,24,,,1,69,,890,24,,,1,30,,891,24,,,1,70,,892,24,,,1,30,,893,24,,,1,70,,894,24,,,1,30,,895,24,,,1,70,,896,24,,,1,30,,897,24,,,1,70,,898,24,,,1,32,,899,24,,,1,71,,900,24,,,1,30,,901,24,,,1,70,,902,24,,,1,30,,903,24,,,1,70,,904,24,,,1,30,,905,24,,,1,68,,906,24,,,1,28,,907,24,,,1,70,,908,24,,,1,30,,909,24,,,1,70,,910,24,,,1,30,,911,24,,,1,70,,912,24,,,1,30,,913,24,,,1,69,,914,24,,,1,31,,915,24,,,1,70,,916,24,,,1,30,,917,24,,,1,70,,919,24,,,1
800,'8-Holiday1-10000001',753,,1563,22,,,1,70,,1530,22,,,1,30,,1531,22,,,1,70,,1532,22,,,1,30,,1533,22,,,1,71,,1534,22,,,1,30,,1535,22,,,1,70,,1536,22,,,1,30,,1537,22,,,1,70,,1538,22,,,1,30,,1539,22,,,1,70,,1540,22,,,1,30,,1541,22,,,1,70,,1542,22,,,1,30,,1543,22,,,1,70,,1544,22,,,1,30,,1545,22,,,1,70,,1546,22,,,1,30,,1547,22,,,1,70,,1548,22,,,1,30,,1549,22,,,1,69,,1550,22,,,1,30,,1551,22,,,1,70,,1552,22,,,1,30,,1553,22,,,1,70,,1554,22,,,1,30,,1555,22,,,1,70,,1556,22,,,1,30,,1557,22,,,1,70,,1558,22,,,1,30,,1559,22,,,1,70,,1560,22,,,1,30,,1561,22,,,1,70,,1562,22,,,1
800,'8-Saturday-10000010',653,,1564,22,,,1,70,,1565,22,,,1,30,,1566,22,,,1,70,,1567,22,,,1,30,,1568,22,,,1,72,,1569,22,,,1,30,,1570,22,,,1,70,,1571,22,,,1,30,,1572,22,,,1,70,,1573,22,,,1,30,,1574,22,,,1,70,,1575,22,,,1,30,,1576,22,,,1,70,,1577,22,,,1,30,,1578,22,,,1,70,,1579,22,,,1,30,,1580,22,,,1,70,,1581,22,,,1,30,,1582,22,,,1,70,,1583,22,,,1,30,,1584,22,,,1,70,,1585,22,,,1,30,,1586,22,,,1,68,,1587,22,,,1,30,,1588,22,,,1,70,,1589,22,,,1,30,,1590,22,,,1,70,,1591,22,,,1,30,,1592,22,,,1,70,,1593,22,,,1,30,,1594,22,,,1,70,,1595,22,,,1,30,,1596,22,,,1,70,,1597,22,,,1,30,,1598,22,,,1,70,,1599,22,,,1
800,'8-Sunday-10000001',753,,1633,22,,,1,70,,1600,22,,,1,30,,1601,22,,,1,70,,1602,22,,,1,30,,1603,22,,,1,71,,1604,22,,,1,30,,1605,22,,,1,70,,1606,22,,,1,30,,1607,22,,,1,70,,1608,22,,,1,30,,1609,22,,,1,70,,1610,22,,,1,30,,1611,22,,,1,70,,1612,22,,,1,30,,1613,22,,,1,70,,1614,22,,,1,30,,1615,22,,,1,70,,1616,22,,,1,30,,1617,22,,,1,70,,1618,22,,,1,30,,1619,22,,,1,69,,1620,22,,,1,30,,1621,22,,,1,70,,1622,22,,,1,30,,1623,22,,,1,70,,1624,22,,,1,30,,1625,22,,,1,70,,1626,22,,,1,30,,1627,22,,,1,70,,1628,22,,,1,30,,1629,22,,,1,70,,1630,22,,,1,30,,1631,22,,,1,70,,1632,22,,,1
800,'8-Weekday-11111100',554,,1684,9,,,1,70,,1634,22,,,1,30,,1635,22,,,1,62,,1683,22,,,1,10,,1686,9,,,1,5,,1636,22,,,1,15,,1637,22,,,1,55,,1638,22,,,1,15,,1639,22,,,1,15,,1640,22,,,1,15,,1641,22,,,1,55,,1642,22,,,1,15,,1643,22,,,1,15,,1644,22,,,1,15,,1645,22,,,1,55,,1646,22,,,1,15,,1695,22,,,1,15,,1647,22,,,1,15,,1687,22,,,1,55,,1648,22,,,1,15,,1688,22,,,1,15,,1649,22,,,1,15,,1689,22,,,1,55,,1650,22,,,1,15,,1690,22,,,1,15,,1651,22,,,1,15,,1691,22,,,1,55,,1652,22,,,1,15,,1692,22,,,1,15,,1653,22,,,1,15,,1693,22,,,1,55,,1654,22,,,1,15,,1694,22,,,1,15,,1655,22,,,1,16,,1685,22,,,1,56,,1656,22,,,1,15,,1657,22,,,1,15,,1658,22,,,1,15,,1659,22,,,1,55,,1660,22,,,1,15,,1661,22,,,1,15,,1662,22,,,1,15,,1663,22,,,1,55,,1664,22,,,1,15,,1665,22,,,1,15,,1666,22,,,1,15,,1667,22,,,1,55,,1668,22,,,1,13,,1669,22,,,1,19,,1670,22,,,1,20,,1671,22,,,1,55,,1699,22,,,1,15,,1672,22,,,1,15,,1700,22,,,1,15,,1673,22,,,1,55,,1701,22,,,1,15,,1674,22,,,1,15,,1702,22,,,1,15,,1675,22,,,1,55,,1698,22,,,1,15,,1676,22,,,1,15,,1703,22,,,1,15,,1677,22,,,1,54,,1704,22,,,1,14,,1678,22,,,1,30,,1679,22,,,1,70,,1680,22,,,1,30,,1681,22,,,1,70,,1682,22,,,1,30,,1696,22,,,1
3400,'34-Weekday-11111100',638,,5756,2,,,1,70,,5767,2,,,1,30,,5759,2,,,1,70,,5758,2,,,1,30,,5757,2,,,1,599,,5760,2,,,1,70,,5765,2,,,1,30,,5764,2,,,1,70,,5763,2,,,1,30,,5762,2,,,1,70,,5761,2,,,1,525,,5766,2,,,1
20400,'204-Holiday1-10000001',742,,9462,18,,,1,70,,9463,18,,,1,30,,9464,18,,,1,70,,9465,18,,,1,30,,9466,18,,,1,70,,9467,18,,,1,30,,9468,18,,,1,70,,9469,18,,,1,30,,9470,18,,,1,70,,9461,18,,,1,30,,9471,18,,,1,70,,9472,18,,,1,30,,9473,18,,,1,70,,9474,18,,,1,30,,9475,18,,,1,70,,9476,18,,,1,30,,9477,18,,,1,70,,9478,18,,,1,30,,9479,18,,,1,70,,9480,18,,,1,30,,9481,18,,,1,70,,9482,18,,,1,30,,9483,18,,,1,70,,9484,18,,,1,30,,9485,18,,,1,70,,9486,18,,,1,30,,9487,18,,,1,70,,9488,18,,,1,30,,9489,18,,,1,70,,9490,18,,,1,30,,9491,18,,,1,70,,9492,18,,,1,30,,9493,18,,,1,70,,9494,18,,,1
20400,'204-Saturday-10000010',642,,9495,18,,,1,70,,9496,18,,,1,30,,9497,18,,,1,70,,9498,18,,,1,30,,9499,18,,,1,70,,9500,18,,,1,30,,9501,18,,,1,70,,9502,18,,,1,30,,9503,18,,,1,70,,9504,18,,,1,30,,9505,18,,,1,70,,9506,18,,,1,30,,9507,18,,,1,70,,9508,18,,,1,30,,9509,18,,,1,70,,9510,18,,,1,30,,9511,18,,,1,70,,9512,18,,,1,30,,9513,18,,,1,70,,9514,18,,,1,30,,9515,18,,,1,70,,9516,18,,,1,30,,9517,18,,,1,70,,9518,18,,,1,30,,9519,18,,,1,70,,9520,18,,,1,30,,9521,18,,,1,70,,9522,18,,,1,30,,9523,18,,,1,70,,9524,18,,,1,30,,9525,18,,,1,70,,9526,18,,,1,30,,9527,18,,,1,70,,9528,18,,,1,30,,9529,18,,,1,70,,9530,18,,,1
20400,'204-Sunday-10000001',742,,9532,18,,,1,70,,9533,18,,,1,30,,9534,18,,,1,70,,9535,18,,,1,30,,9536,18,,,1,70,,9537,18,,,1,30,,9538,18,,,1,70,,9539,18,,,1,30,,9540,18,,,1,70,,9531,18,,,1,30,,9541,18,,,1,70,,9542,18,,,1,30,,9543,18,,,1,70,,9544,18,,,1,30,,9545,18,,,1,70,,9546,18,,,1,30,,9547,18,,,1,70,,9548,18,,,1,30,,9549,18,,,1,70,,9550,18,,,1,30,,9551,18,,,1,70,,9552,18,,,1,30,,9553,18,,,1,70,,9554,18,,,1,30,,9555,18,,,1,70,,9556,18,,,1,30,,9557,18,,,1,70,,9558,18,,,1,30,,9559,18,,,1,70,,9560,18,,,1,30,,9561,18,,,1,70,,9562,18,,,1,30,,9563,18,,,1,70,,9564,18,,,1
20400,'204-Weekday-11111100',611,,9623,18,,,1,30,,9565,18,,,1,71,,9566,18,,,1,18,,9567,18,,,1,15,,9568,18,,,1,55,,9569,18,,,1,15,,9570,18,,,1,15,,9571,18,,,1,15,,9572,18,,,1,55,,9573,18,,,1,15,,9574,18,,,1,15,,9575,18,,,1,14,,9576,18,,,1,14,,9577,18,,,1,55,,9578,18,,,1,15,,9579,18,,,1,15,,9580,18,,,1,15,,9581,18,,,1,55,,9582,18,,,1,15,,9583,18,,,1,15,,9584,18,,,1,15,,9585,18,,,1,55,,9586,18,,,1,15,,9587,18,,,1,15,,9588,18,,,1,15,,9589,18,,,1,55,,9590,18,,,1,15,,9591,18,,,1,15,,9592,18,,,1,15,,9593,18,,,1,55,,9594,18,,,1,15,,9595,18,,,1,16,,9596,18,,,1,56,,9597,18,,,1,15,,9598,18,,,1,15,,9599,18,,,1,15,,9600,18,,,1,55,,9601,18,,,1,15,,9602,18,,,1,15,,9603,18,,,1,15,,9604,18,,,1,55,,9605,18,,,1,15,,9606,18,,,1,15,,9607,18,,,1,15,,9608,18,,,1,55,,9609,18,,,1,14,,9610,18,,,1,14,,9624,18,,,1,15,,9611,18,,,1,70,,9612,18,,,1,30,,9613,18,,,1,70,,9614,18,,,1,30,,9615,18,,,1,70,,9616,18,,,1,30,,9617,18,,,1,70,,9618,18,,,1,28,,9619,18,,,1,70,,9620,18,,,1,30,,9621,18,,,1,70,,9622,18,,,1
