801,'8-Holiday1-10000001',744,,1737,,,1,71,,1705,,,1,30,,1706,,,1,70,,1707,,,1,30,,1708,,,1,73,,1709,,,1,30,,1710,,,1,70,,1711,,,1,30,,1712,,,1,70,,1713,,,1,30,,1714,,,1,70,,1715,,,1,30,,1716,,,1,70,,1717,,,1,30,,1718,,,1,70,,1719,,,1,30,,1720,,,1,70,,1721,,,1,30,,1722,,,1,70,,1723,,,1,30,,1724,,,1,67,,1725,,,1,30,,1726,,,1,70,,1727,,,1,30,,1728,,,1,70,,1729,,,1,30,,1730,,,1,70,,1731,,,1,30,,1732,,,1,70,,1733,,,1,30,,1734,,,1,70,,1735,,,1,30,,1736,,,1
801,'8-Saturday-10000010',616,,1773,,,1,30,,1774,,,1,69,,1739,,,1,30,,1740,,,1,70,,1741,,,1,30,,1742,,,1,72,,1743,,,1,31,,1744,,,1,70,,1745,,,1,30,,1746,,,1,70,,1747,,,1,30,,1748,,,1,70,,1749,,,1,30,,1750,,,1,70,,1751,,,1,30,,1752,,,1,70,,1753,,,1,30,,1754,,,1,70,,1755,,,1,30,,1756,,,1,70,,1757,,,1,30,,1758,,,1,70,,1759,,,1,30,,1760,,,1,69,,1761,,,1,30,,1762,,,1,70,,1763,,,1,30,,1764,,,1,70,,1765,,,1,30,,1766,,,1,70,,1767,,,1,30,,1768,,,1,68,,1769,,,1,30,,1770,,,1,70,,1771,,,1,30,,1772,,,1
801,'8-Sunday-10000001',744,,1807,,,1,71,,1775,,,1,30,,1776,,,1,70,,1777,,,1,30,,1778,,,1,73,,1779,,,1,30,,1780,,,1,70,,1781,,,1,30,,1782,,,1,70,,1783,,,1,30,,1784,,,1,70,,1785,,,1,30,,1786,,,1,70,,1787,,,1,30,,1788,,,1,70,,1789,,,1,30,,1790,,,1,70,,1791,,,1,30,,1792,,,1,70,,1793,,,1,30,,1794,,,1,67,,1795,,,1,30,,1796,,,1,70,,1797,,,1,30,,1798,,,1,70,,1799,,,1,30,,1800,,,1,70,,1801,,,1,30,,1802,,,1,70,,1803,,,1,30,,1804,,,1,70,,1805,,,1,30,,1806,,,1
801,'8-Weekday-11111100',556,,1861,,,1,60,,1809,,,1,28,,1810,,,1,58,,1811,,,1,4,,1812,,,1,13,,1813,,,1,18,,1814,,,1,15,,1815,,,1,55,,1816,,,1,15,,1817,,,1,15,,1818,,,1,15,,1819,,,1,55,,1820,,,1,15,,1821,,,1,15,,1822,,,1,14,,1864,,,1,54,,1823,,,1,14,,1824,,,1,15,,1866,,,1,15,,1825,,,1,55,,1867,,,1,15,,1826,,,1,15,,1868,,,1,15,,1827,,,1,55,,1869,,,1,15,,1828,,,1,15,,1870,,,1,15,,1829,,,1,55,,1871,,,1,15,,1830,,,1,15,,1872,,,1,15,,1831,,,1,55,,1873,,,1,15,,1832,,,1,15,,1833,,,1,15,,1858,,,1,56,,1834,,,1,17,,1859,,,1,15,,1835,,,1,15,,1836,,,1,55,,1837,,,1,15,,1838,,,1,15,,1839,,,1,15,,1840,,,1,55,,1841,,,1,15,,1842,,,1,15,,1843,,,1,15,,1844,,,1,55,,1845,,,1,14,,1865,,,1,14,,1874,,,1,14,,1846,,,1,55,,1875,,,1,15,,1847,,,1,15,,1876,,,1,15,,1848,,,1,55,,1877,,,1,15,,1849,,,1,15,,1878,,,1,15,,1850,,,1,55,,1879,,,1,15,,1851,,,1,30,,1852,,,1,68,,1853,,,1,26,,1854,,,1,70,,1855,,,1,30,,1856,,,1
2900,'29-Saturday-10000010',716,,4931,,,1,30,,4932,,,1,70,,4933,,,1,30,,4934,,,1,72,,4935,,,1,30,,4936,,,1,70,,4937,,,1,30,,4938,,,1,70,,4939,,,1,30,,4940,,,1,70,,4941,,,1,30,,4942,,,1,70,,4943,,,1,30,,4944,,,1,70,,4945,,,1,30,,4946,,,1,70,,4947,,,1,30,,4948,,,1,70,,4949,,,1,30,,4950,,,1,70,,4951,,,1,30,,4952,,,1,68,,4953,,,1,30,,4954,,,1,70,,4955,,,1,30,,4956,,,1,70,,4957,,,1,30,,4958,,,1,70,,4959,,,1,30,,4960,,,1,70,,4961,,,1,30,,4962,,,1,70,,4963,,,1,30,,4964,,,1,100,,4965,,,1
2900,'29-Sunday-10000001',916,,4966,,,1,30,,4967,,,1,72,,4968,,,1,30,,4969,,,1,70,,4970,,,1,30,,4971,,,1,70,,4972,,,1,30,,4973,,,1,70,,4974,,,1,30,,4975,,,1,70,,4976,,,1,30,,4977,,,1,70,,4978,,,1,30,,4979,,,1,70,,4980,,,1,30,,4981,,,1,70,,4982,,,1,30,,4983,,,1,70,,4984,,,1,30,,4985,,,1,70,,4986,,,1,30,,4987,,,1,70,,4988,,,1,30,,4989,,,1,70,,4990,,,1,30,,4991,,,1,68,,4992,,,1,30,,4993,,,1,70,,4994,,,1,30,,4995,,,1,100,,4996,,,1
2900,'29-Weekday-11111100',606,,5033,,,1,40,,5030,,,1,61,,5032,,,1,44,,5031,,,1,70,,5006,,,1,30,,5007,,,1,70,,5008,,,1,29,,5009,,,1,70,,5010,,,1,30,,5011,,,1,70,,5012,,,1,30,,5013,,,1,70,,5014,,,1,30,,5015,,,1,70,,5016,,,1,30,,5017,,,1,70,,5018,,,1,32,,5019,,,1,70,,5020,,,1,30,,5021,,,1,70,,5022,,,1,30,,5023,,,1,70,,5024,,,1,30,,5025,,,1,68,,5026,,,1,30,,5027,,,1,70,,5028,,,1,30,,5029,,,1,70,,5005,,,1,30,,5004,,,1,70,,5003,,,1,30,,4997,,,1,65,,5002,,,1,20,,5000,,,1,70,,5001,,,1,30,,4999,,,1,70,,4998,,,1
20200,'202-Holiday1-10000001',734,,8810,,,1,70,,8811,,,1,30,,8812,,,1,70,,8813,,,1,30,,8814,,,1,71,,8815,,,1,31,,8816,,,1,70,,8817,,,1,30,,8818,,,1,70,,8819,,,1,30,,8809,,,1,70,,8820,,,1,30,,8821,,,1,70,,8822,,,1,30,,8823,,,1,70,,8824,,,1,30,,8825,,,1,70,,8826,,,1,30,,8827,,,1,70,,8828,,,1,30,,8829,,,1,69,,8830,,,1,29,,8831,,,1,70,,8832,,,1,30,,8833,,,1,70,,8834,,,1,30,,8835,,,1,70,,8836,,,1,30,,8837,,,1,70,,8838,,,1,30,,8839,,,1,70,,8840,,,1,30,,8841,,,1,70,,8842,,,1
20200,'202-Saturday-10000010',634,,8878,,,1,70,,8843,,,1,30,,8844,,,1,70,,8845,,,1,30,,8846,,,1,71,,8847,,,1,31,,8848,,,1,70,,8849,,,1,30,,8850,,,1,70,,8851,,,1,30,,8852,,,1,70,,8853,,,1,30,,8854,,,1,70,,8855,,,1,30,,8856,,,1,70,,8857,,,1,30,,8858,,,1,70,,8859,,,1,30,,8860,,,1,70,,8861,,,1,30,,8862,,,1,70,,8863,,,1,30,,8864,,,1,69,,8865,,,1,29,,8866,,,1,70,,8867,,,1,30,,8868,,,1,70,,8869,,,1,30,,8870,,,1,70,,8871,,,1,30,,8872,,,1,70,,8873,,,1,30,,8874,,,1,70,,8875,,,1,30,,8876,,,1,70,,8877,,,1
20200,'202-Sunday-10000001',734,,8880,,,1,70,,8881,,,1,30,,8882,,,1,70,,8883,,,1,30,,8884,,,1,71,,8885,,,1,31,,8886,,,1,70,,8887,,,1,30,,8888,,,1,70,,8889,,,1,30,,8879,,,1,70,,8890,,,1,30,,8891,,,1,70,,8892,,,1,30,,8893,,,1,70,,8894,,,1,30,,8895,,,1,70,,8896,,,1,30,,8897,,,1,70,,8898,,,1,30,,8899,,,1,69,,8900,,,1,29,,8901,,,1,70,,8902,,,1,30,,8903,,,1,70,,8904,,,1,30,,8905,,,1,70,,8906,,,1,30,,8907,,,1,70,,8908,,,1,30,,8909,,,1,70,,8910,,,1,30,,8911,,,1,70,,8912,,,1
20200,'202-Weekday-11111100',607,,8947,,,1,30,,8948,,,1,72,,8949,,,1,22,,8914,,,1,10,,8950,,,1,10,,8972,,,1,50,,8915,,,1,10,,8951,,,1,10,,8973,,,1,10,,8913,,,1,10,,8952,,,1,10,,8974,,,1,50,,8916,,,1,10,,8953,,,1,10,,8975,,,1,10,,8917,,,1,9,,8954,,,1,10,,8976,,,1,50,,8918,,,1,25,,8955,,,1,15,,8919,,,1,15,,8956,,,1,55,,8920,,,1,15,,8957,,,1,15,,8921,,,1,15,,8958,,,1,55,,8922,,,1,15,,8959,,,1,15,,8923,,,1,15,,8960,,,1,55,,8924,,,1,15,,8961,,,1,15,,8925,,,1,15,,8962,,,1,55,,8926,,,1,15,,8963,,,1,17,,8927,,,1,15,,8964,,,1,50,,8928,,,1,10,,8965,,,1,10,,8977,,,1,10,,8929,,,1,10,,8966,,,1,10,,8978,,,1,50,,8930,,,1,10,,8967,,,1,10,,8979,,,1,10,,8931,,,1,10,,8968,,,1,10,,8980,,,1,50,,8932,,,1,10,,8969,,,1,10,,8981,,,1,10,,8933,,,1,10,,8970,,,1,10,,8982,,,1,49,,8934,,,1,9,,8971,,,1,10,,8983,,,1,10,,8935,,,1,70,,8936,,,1,30,,8937,,,1,70,,8938,,,1,30,,8939,,,1,70,,8940,,,1,30,,8941,,,1,69,,8942,,,1,28,,8943,,,1,70,,8944,,,1,30,,8945,,,1,70,,8946,,,1
