2200,'22-Saturday-10000010',630,,25746,1,,,1,70,,25747,1,,,1,30,,25748,1,,,1,70,,25749,1,,,1,30,,25750,1,,,1,70,,25751,1,,,1,30,,25752,1,,,1,70,,25753,1,,,1,30,,25754,1,,,1,70,,25755,1,,,1,30,,25756,1,,,1,70,,25757,1,,,1,30,,25758,1,,,1,70,,25759,1,,,1,30,,25760,1,,,1,70,,25761,1,,,1,30,,25762,1,,,1,70,,25763,1,,,1,30,,25764,1,,,1,70,,25765,1,,,1,30,,25766,1,,,1,70,,25767,1,,,1,30,,25768,1,,,1,70,,25769,1,,,1,30,,25770,1,,,1,70,,25771,1,,,1,30,,25772,1,,,1,70,,25773,1,,,1,30,,25774,1,,,1,70,,25775,1,,,1,30,,25776,1,,,1,100,,25777,1,,,1,100,,25778,1,,,1
2200,'22-Sunday-10000001',830,,25789,1,,,1,100,,25779,1,,,1,100,,25780,1,,,1,100,,25781,1,,,1,100,,25782,1,,,1,100,,25783,1,,,1,100,,25784,1,,,1,100,,25785,1,,,1,100,,25786,1,,,1,100,,25787,1,,,1,100,,25788,1,,,1
2200,'22-Weekday-11111100',600,,25790,1,,,1,30,,25791,1,,,1,70,,25792,1,,,1,30,,25793,1,,,1,70,,25794,1,,,1,30,,25795,1,,,1,70,,25796,1,,,1,30,,25797,1,,,1,70,,25798,1,,,1,30,,25799,1,,,1,70,,25800,1,,,1,30,,25801,1,,,1,70,,25802,1,,,1,30,,25803,1,,,1,70,,25804,1,,,1,30,,25805,1,,,1,70,,25806,1,,,1,30,,25807,1,,,1,70,,25808,1,,,1,30,,25809,1,,,1,70,,25810,1,,,1,30,,25811,1,,,1,70,,25812,1,,,1,30,,25813,1,,,1,70,,25814,1,,,1,30,,25815,1,,,1,70,,25816,1,,,1,30,,25817,1,,,1,70,,25818,1,,,1,30,,25819,1,,,1,70,,25823,1,,,1,30,,25820,1,,,1,70,,25824,1,,,1,30,,25821,1,,,1,100,,25822,1,,,1
2201,'22-Saturday-10000010',654,,25825,26,4,,1,70,,25826,26,4,,1,30,,25827,26,4,,1,70,,25828,26,4,,1,30,,25829,26,4,,1,71,,25830,26,4,,1,30,,25831,26,4,,1,70,,25832,26,4,,1,30,,25833,26,4,,1,70,,25834,26,4,,1,30,,25835,26,4,,1,70,,25836,26,4,,1,30,,25837,26,4,,1,70,,25838,26,4,,1,30,,25839,26,4,,1,70,,25840,26,4,,1,30,,25841,26,4,,1,70,,25842,26,4,,1,30,,25843,26,4,,1,70,,25844,26,4,,1,30,,25845,26,4,,1,70,,25846,26,4,,1,30,,25847,26,4,,1,69,,25848,26,4,,1,30,,25849,26,4,,1,70,,25850,26,4,,1,30,,25851,26,4,,1,70,,25852,26,4,,1,30,,25853,26,4,,1,70,,25854,26,4,,1,30,,25855,26,4,,1,70,,25856,26,4,,1,100,,25857,26,4,,1
2201,'22-Sunday-10000001',924,,25867,26,4,,1,100,,25858,26,4,,1,100,,25859,26,4,,1,100,,25860,26,4,,1,100,,25861,26,4,,1,100,,25862,26,4,,1,100,,25863,26,4,,1,100,,25864,26,4,,1,100,,25865,26,4,,1,100,,25866,26,4,,1,100,,25868,26,4,,1
2201,'22-Weekday-11111100',622,,25899,26,4,,1,30,,25869,26,4,,1,70,,25870,26,4,,1,34,,25871,26,4,,1,74,,25872,26,4,,1,70,,25873,26,4,,1,30,,25874,26,4,,1,28,,25875,26,4,,1,68,,25876,26,4,,1,30,,25877,26,4,,1,70,,25878,26,4,,1,30,,25879,26,4,,1,70,,25880,26,4,,1,30,,25881,26,4,,1,70,,25882,26,4,,1,30,,25883,26,4,,1,70,,25884,26,4,,1,75,,25885,26,4,,1,31,,25886,26,4,,1,71,,25887,26,4,,1,30,,25888,26,4,,1,70,,25889,26,4,,1,30,,25890,26,4,,1,70,,25891,26,4,,1,27,,25892,26,4,,1,27,,25893,26,4,,1,70,,25894,26,4,,1,30,,25895,26,4,,1,70,,25896,26,4,,1,30,,25900,26,4,,1,70,,25897,26,4,,1,30,,25901,26,4,,1,67,,25898,26,4,,1,28,,25903,26,4,,1,70,,25902,26,4,,1
3300,'33-Saturday-10000010',643,,27046,1,,,1,70,,27047,1,,,1,30,,27048,1,,,1,70,,27049,1,,,1,29,,27050,1,,,1,68,,27051,1,,,1,30,,27052,1,,,1,70,,27053,1,,,1,30,,27054,1,,,1,70,,27055,1,,,1,30,,27056,1,,,1,70,,27057,1,,,1,30,,27058,1,,,1,70,,27059,1,,,1,30,,27060,1,,,1,70,,27061,1,,,1,30,,27062,1,,,1,70,,27063,1,,,1,30,,27064,1,,,1,70,,27065,1,,,1,30,,27066,1,,,1,70,,27067,1,,,1,31,,27068,1,,,1,72,,27069,1,,,1,30,,27070,1,,,1
3300,'33-Sunday-10000001',743,,27071,1,,,1,70,,27072,1,,,1,29,,27073,1,,,1,68,,27074,1,,,1,30,,27075,1,,,1,70,,27076,1,,,1,30,,27077,1,,,1,70,,27078,1,,,1,30,,27079,1,,,1,70,,27080,1,,,1,30,,27081,1,,,1,70,,27082,1,,,1,30,,27083,1,,,1,70,,27084,1,,,1,30,,27085,1,,,1,70,,27086,1,,,1,30,,27087,1,,,1,70,,27088,1,,,1,30,,27089,1,,,1,70,,27090,1,,,1,31,,27091,1,,,1,72,,27092,1,,,1,30,,27093,1,,,1
3300,'33-Weekday-11111100',535,,27097,1,,,1,70,,27100,1,,,1,30,,27101,1,,,1,70,,27102,1,,,1,30,,27103,1,,,1,70,,27104,1,,,1,30,,27105,1,,,1,70,,27106,1,,,1,30,,27107,1,,,1,70,,27108,1,,,1,30,,27109,1,,,1,70,,27110,1,,,1,30,,27111,1,,,1,70,,27112,1,,,1,30,,27113,1,,,1,70,,27114,1,,,1,30,,27115,1,,,1,70,,27116,1,,,1,30,,27126,1,,,1,70,,27117,1,,,1,30,,27118,1,,,1,70,,27119,1,,,1,30,,27120,1,,,1,70,,27121,1,,,1,30,,27122,1,,,1,70,,27123,1,,,1,30,,27094,1,,,1,70,,27127,1,,,1,30,,27099,1,,,1,70,,27128,1,,,1,30,,27098,1,,,1,70,,27129,1,,,1,30,,27096,1,,,1,70,,27095,1,,,1,30,,27124,1,,,1,70,,27125,1,,,1
3301,'33-Saturday-10000010',726,,27130,41,4,,1,30,,27131,41,4,,1,70,,27132,41,4,,1,30,,27133,41,4,,1,73,,27134,41,4,,1,71,,27135,41,4,,1,30,,27136,41,4,,1,70,,27137,41,4,,1,30,,27138,41,4,,1,70,,27139,41,4,,1,30,,27140,41,4,,1,70,,27141,41,4,,1,30,,27142,41,4,,1,70,,27143,41,4,,1,30,,27144,41,4,,1,70,,27145,41,4,,1,30,,27146,41,4,,1,70,,27147,41,4,,1,30,,27148,41,4,,1,70,,27149,41,4,,1,30,,27150,41,4,,1,70,,27151,41,4,,1,27,,27152,41,4,,1,29,,27153,41,4,,1,70,,27154,41,4,,1
3301,'33-Sunday-10000001',826,,27155,41,4,,1,30,,27156,41,4,,1,70,,27157,41,4,,1,30,,27158,41,4,,1,70,,27159,41,4,,1,30,,27160,41,4,,1,70,,27161,41,4,,1,30,,27162,41,4,,1,70,,27163,41,4,,1,30,,27164,41,4,,1,70,,27165,41,4,,1,30,,27166,41,4,,1,70,,27167,41,4,,1,30,,27168,41,4,,1,70,,27169,41,4,,1,30,,27170,41,4,,1,70,,27171,41,4,,1,30,,27172,41,4,,1,70,,27173,41,4,,1,30,,27174,41,4,,1,70,,27175,41,4,,1,30,,27176,41,4,,1,70,,27177,41,4,,1
3301,'33-Weekday-11111100',615,,27178,41,4,,1,30,,27179,41,4,,1,70,,27180,41,4,,1,35,,27181,41,4,,1,74,,27182,41,4,,1,30,,27183,41,4,,1,70,,27184,41,4,,1,30,,27185,41,4,,1,68,,27186,41,4,,1,28,,27187,41,4,,1,70,,27188,41,4,,1,30,,27189,41,4,,1,71,,27190,41,4,,1,30,,27191,41,4,,1,70,,27192,41,4,,1,30,,27193,41,4,,1,70,,27194,41,4,,1,31,,27195,41,4,,1,72,,27196,41,4,,1,31,,27197,41,4,,1,70,,27198,41,4,,1,30,,27199,41,4,,1,70,,27200,41,4,,1,30,,27201,41,4,,1,69,,27202,41,4,,1,26,,27203,41,4,,1,68,,27204,41,4,,1,30,,27210,41,4,,1,70,,27205,41,4,,1,30,,27206,41,4,,1,70,,27211,41,4,,1,30,,27207,41,4,,1,68,,27212,41,4,,1,29,,27208,41,4,,1,68,,27209,41,4,,1,30,,27213,41,4,,1
