300,'3-Saturday-10000010',630,,255,1,,,1,70,,256,1,,,1,30,,257,1,,,1,70,,258,1,,,1,30,,259,1,,,1,70,,260,1,,,1,30,,261,1,,,1,70,,262,1,,,1,30,,263,1,,,1,70,,264,1,,,1,30,,265,1,,,1,70,,266,1,,,1,30,,267,1,,,1,70,,268,1,,,1,30,,269,1,,,1,70,,270,1,,,1,30,,271,1,,,1,70,,272,1,,,1,30,,273,1,,,1,70,,274,1,,,1,30,,275,1,,,1,70,,276,1,,,1,30,,277,1,,,1,70,,278,1,,,1,30,,279,1,,,1,70,,280,1,,,1,30,,281,1,,,1,70,,282,1,,,1,30,,283,1,,,1,100,,284,1,,,1,100,,285,1,,,1
300,'3-Sunday-10000001',830,,286,1,,,1,100,,287,1,,,1,70,,288,1,,,1,30,,289,1,,,1,70,,290,1,,,1,30,,291,1,,,1,70,,292,1,,,1,30,,293,1,,,1,70,,294,1,,,1,30,,295,1,,,1,70,,296,1,,,1,30,,297,1,,,1,70,,298,1,,,1,30,,299,1,,,1,70,,300,1,,,1,30,,301,1,,,1,70,,302,1,,,1,30,,303,1,,,1,70,,308,1,,,1,30,,304,1,,,1,70,,309,1,,,1,30,,305,1,,,1,70,,310,1,,,1,30,,306,1,,,1,100,,311,1,,,1,100,,307,1,,,1
300,'3-Weekday-11111100',600,,331,1,,,1,30,,330,1,,,1,70,,329,1,,,1,30,,328,1,,,1,70,,327,1,,,1,30,,326,1,,,1,70,,325,1,,,1,30,,324,1,,,1,70,,323,1,,,1,30,,322,1,,,1,70,,321,1,,,1,30,,320,1,,,1,70,,319,1,,,1,30,,318,1,,,1,70,,317,1,,,1,30,,316,1,,,1,70,,315,1,,,1,40,,314,1,,,1,70,,313,1,,,1,30,,312,1,,,1,70,,341,1,,,1,30,,340,1,,,1,70,,339,1,,,1,30,,338,1,,,1,70,,337,1,,,1,20,,336,1,,,1,70,,335,1,,,1,30,,334,1,,,1,70,,345,1,,,1,30,,333,1,,,1,70,,346,1,,,1,30,,332,1,,,1,70,,347,1,,,1,30,,343,1,,,1,70,,348,1,,,1,30,,342,1,,,1
301,'3-Saturday-10000010',621,,381,10,4,,1,30,,380,10,4,,1,71,,349,27,4,,1,30,,350,27,4,,1,70,,351,27,4,,1,30,,352,27,4,,1,70,,353,27,4,,1,32,,354,27,4,,1,70,,355,27,4,,1,30,,356,27,4,,1,70,,357,27,4,,1,30,,358,27,4,,1,70,,359,27,4,,1,30,,360,27,4,,1,70,,361,27,4,,1,30,,362,27,4,,1,70,,363,27,4,,1,30,,364,27,4,,1,70,,365,27,4,,1,30,,366,27,4,,1,70,,367,27,4,,1,30,,368,27,4,,1,70,,369,27,4,,1,30,,370,27,4,,1,70,,371,27,4,,1,28,,372,27,4,,1,70,,373,27,4,,1,30,,374,27,4,,1,70,,375,27,4,,1,30,,376,27,4,,1,70,,377,27,4,,1,100,,378,27,4,,1,100,,379,27,4,,1
301,'3-Sunday-10000001',922,,382,27,4,,1,100,,383,27,4,,1,31,,384,27,4,,1,70,,385,27,4,,1,30,,386,27,4,,1,70,,387,27,4,,1,30,,388,27,4,,1,70,,389,27,4,,1,30,,390,27,4,,1,70,,391,27,4,,1,30,,392,27,4,,1,70,,393,27,4,,1,30,,394,27,4,,1,70,,395,27,4,,1,30,,396,27,4,,1,70,,397,27,4,,1,30,,398,27,4,,1,70,,399,27,4,,1,28,,405,27,4,,1,70,,400,27,4,,1,30,,406,27,4,,1,70,,401,27,4,,1,30,,407,27,4,,1,70,,404,27,4,,1,100,,402,27,4,,1,100,,403,27,4,,1
301,'3-Weekday-11111100',652,,409,27,4,,1,71,,408,27,4,,1,34,,410,27,4,,1,70,,411,27,4,,1,30,,412,27,4,,1,70,,413,27,4,,1,31,,414,27,4,,1,66,,415,27,4,,1,30,,421,27,4,,1,70,,422,27,4,,1,30,,423,27,4,,1,70,,424,27,4,,1,30,,425,27,4,,1,70,,420,27,4,,1,30,,419,27,4,,1,70,,418,27,4,,1,33,,417,27,4,,1,74,,416,27,4,,1,70,,432,27,4,,1,30,,431,27,4,,1,70,,430,27,4,,1,30,,429,27,4,,1,70,,428,27,4,,1,27,,427,27,4,,1,25,,426,27,4,,1,70,,437,27,4,,1,30,,436,27,4,,1,70,,438,27,4,,1,30,,440,27,4,,1,70,,435,27,4,,1,30,,441,27,4,,1,66,,434,27,4,,1,28,,442,27,4,,1,70,,433,27,4,,1,30,,443,27,4,,1,70,,439,27,4,,1
3500,'35-Weekday-11111100',615,,5780,1,,,1,30,,5781,1,,,1,65,,5783,1,,,1,30,,5784,1,,,1,70,,5785,1,,,1,600,,5786,1,,,1,30,,5787,1,,,1,70,,5788,1,,,1,30,,5789,1,,,1,70,,5790,1,,,1,30,,5782,1,,,1,570,,5791,1,,,1
3501,'35-Weekday-11111100',749,,5792,21,4,,1,70,,5793,21,4,,1,30,,5794,21,4,,1,70,,5795,21,4,,1,28,,5796,21,4,,1,573,,5797,21,4,,1,30,,5798,21,4,,1,70,,5799,21,4,,1,30,,5800,21,4,,1,70,,5801,21,4,,1,30,,5802,21,4,,1,69,,5803,21,4,,1,522,,5804,21,4,,1
20500,'205-Holiday1-10000001',730,,9787,1,,,1,70,,9788,1,,,1,30,,9786,1,,,1,70,,9789,1,,,1,30,,9790,1,,,1,70,,9791,1,,,1,30,,9792,1,,,1,70,,9793,1,,,1,30,,9794,1,,,1,70,,9795,1,,,1,30,,9796,1,,,1,70,,9797,1,,,1,30,,9798,1,,,1,70,,9799,1,,,1,30,,9800,1,,,1,70,,9801,1,,,1,30,,9802,1,,,1,70,,9803,1,,,1,30,,9804,1,,,1,70,,9805,1,,,1,30,,9806,1,,,1,70,,9807,1,,,1,30,,9808,1,,,1,70,,9809,1,,,1,30,,9810,1,,,1,70,,9811,1,,,1,30,,9812,1,,,1,70,,9813,1,,,1,30,,9814,1,,,1,70,,9815,1,,,1,30,,9816,1,,,1,70,,9817,1,,,1,30,,9818,1,,,1
20500,'205-Saturday-10000010',630,,9819,1,,,1,70,,9820,1,,,1,30,,9821,1,,,1,70,,9822,1,,,1,30,,9823,1,,,1,70,,9824,1,,,1,30,,9825,1,,,1,70,,9826,1,,,1,30,,9827,1,,,1,70,,9828,1,,,1,30,,9829,1,,,1,70,,9830,1,,,1,30,,9831,1,,,1,70,,9832,1,,,1,30,,9833,1,,,1,70,,9834,1,,,1,30,,9835,1,,,1,70,,9836,1,,,1,30,,9837,1,,,1,70,,9838,1,,,1,30,,9839,1,,,1,70,,9840,1,,,1,30,,9841,1,,,1,70,,9842,1,,,1,30,,9843,1,,,1,70,,9844,1,,,1,30,,9845,1,,,1,70,,9846,1,,,1,30,,9847,1,,,1,70,,9848,1,,,1,30,,9849,1,,,1,70,,9850,1,,,1,30,,9851,1,,,1,70,,9852,1,,,1,30,,9853,1,,,1
20500,'205-Sunday-10000001',730,,9855,1,,,1,70,,9856,1,,,1,30,,9854,1,,,1,70,,9857,1,,,1,30,,9858,1,,,1,70,,9859,1,,,1,30,,9860,1,,,1,70,,9861,1,,,1,30,,9862,1,,,1,70,,9863,1,,,1,30,,9864,1,,,1,70,,9865,1,,,1,30,,9866,1,,,1,70,,9867,1,,,1,30,,9868,1,,,1,70,,9869,1,,,1,30,,9870,1,,,1,70,,9871,1,,,1,30,,9872,1,,,1,70,,9873,1,,,1,30,,9874,1,,,1,70,,9875,1,,,1,30,,9876,1,,,1,70,,9877,1,,,1,30,,9878,1,,,1,70,,9879,1,,,1,30,,9880,1,,,1,70,,9881,1,,,1,30,,9882,1,,,1,70,,9883,1,,,1,30,,9884,1,,,1,70,,9885,1,,,1,30,,9886,1,,,1
20500,'205-Weekday-11111100',625,,9941,1,,,1,30,,9887,1,,,1,55,,9938,1,,,1,15,,9892,1,,,1,15,,9940,1,,,1,15,,9939,1,,,1,55,,9888,1,,,1,15,,9889,1,,,1,15,,9890,1,,,1,15,,9891,1,,,1,55,,9893,1,,,1,20,,9894,1,,,1,15,,9895,1,,,1,55,,9896,1,,,1,15,,9897,1,,,1,15,,9898,1,,,1,15,,9899,1,,,1,55,,9900,1,,,1,15,,9901,1,,,1,15,,9902,1,,,1,15,,9903,1,,,1,55,,9904,1,,,1,15,,9905,1,,,1,15,,9906,1,,,1,15,,9907,1,,,1,55,,9908,1,,,1,15,,9909,1,,,1,15,,9910,1,,,1,15,,9911,1,,,1,55,,9912,1,,,1,15,,9942,1,,,1,20,,9913,1,,,1,20,,9914,1,,,1,55,,9943,1,,,1,15,,9915,1,,,1,15,,9916,1,,,1,15,,9917,1,,,1,55,,9918,1,,,1,15,,9919,1,,,1,15,,9920,1,,,1,15,,9921,1,,,1,55,,9922,1,,,1,15,,9923,1,,,1,15,,9924,1,,,1,15,,9925,1,,,1,55,,9926,1,,,1,10,,9927,1,,,1,80,,9928,1,,,1,30,,9929,1,,,1,70,,9930,1,,,1,30,,9931,1,,,1,70,,9932,1,,,1,30,,9933,1,,,1,70,,9934,1,,,1,30,,9935,1,,,1,70,,9936,1,,,1,30,,9937,1,,,1
20501,'205-Holiday1-10000001',751,,9946,15,4,,1,70,,9947,15,4,,1,30,,9948,15,4,,1,70,,9949,15,4,,1,30,,9950,15,4,,1,70,,9951,15,4,,1,30,,9952,15,4,,1,70,,9953,15,4,,1,30,,9954,15,4,,1,70,,9955,15,4,,1,30,,9956,15,4,,1,70,,9957,15,4,,1,30,,9958,15,4,,1,70,,9959,15,4,,1,30,,9960,15,4,,1,70,,9961,15,4,,1,30,,9962,15,4,,1,70,,9963,15,4,,1,30,,9945,15,4,,1,70,,9964,15,4,,1,30,,9965,15,4,,1,70,,9966,15,4,,1,30,,9967,15,4,,1,70,,9968,15,4,,1,30,,9969,15,4,,1,70,,9970,15,4,,1,30,,9971,15,4,,1,70,,9972,15,4,,1,30,,9973,15,4,,1,70,,9974,15,4,,1,30,,9975,15,4,,1,70,,9976,15,4,,1,30,,9977,15,4,,1,70,,9978,15,4,,1
20501,'205-Saturday-10000010',651,,9981,15,4,,1,70,,9982,15,4,,1,30,,9983,15,4,,1,70,,9984,15,4,,1,30,,9985,15,4,,1,70,,9986,15,4,,1,30,,9987,15,4,,1,70,,9988,15,4,,1,30,,9989,15,4,,1,70,,9990,15,4,,1,30,,9991,15,4,,1,70,,9980,15,4,,1,30,,9992,15,4,,1,70,,9993,15,4,,1,30,,9994,15,4,,1,70,,9995,15,4,,1,30,,9996,15,4,,1,70,,9997,15,4,,1,30,,9998,15,4,,1,70,,9999,15,4,,1,30,,10000,15,4,,1,70,,10001,15,4,,1,30,,10002,15,4,,1,70,,10003,15,4,,1,30,,10004,15,4,,1,70,,10005,15,4,,1,30,,10006,15,4,,1,70,,10007,15,4,,1,30,,10008,15,4,,1,70,,10009,15,4,,1,30,,10010,15,4,,1,70,,10011,15,4,,1,30,,10012,15,4,,1,70,,10013,15,4,,1,30,,10014,15,4,,1,70,,10015,15,4,,1
20501,'205-Sunday-10000001',754,,10018,15,4,,1,70,,10019,15,4,,1,30,,10020,15,4,,1,70,,10021,15,4,,1,30,,10022,15,4,,1,70,,10023,15,4,,1,30,,10024,15,4,,1,70,,10025,15,4,,1,30,,10026,15,4,,1,70,,10027,15,4,,1,30,,10028,15,4,,1,70,,10029,15,4,,1,30,,10030,15,4,,1,70,,10031,15,4,,1,30,,10032,15,4,,1,70,,10033,15,4,,1,30,,10034,15,4,,1,70,,10035,15,4,,1,30,,10017,15,4,,1,70,,10036,15,4,,1,30,,10037,15,4,,1,70,,10038,15,4,,1,30,,10039,15,4,,1,70,,10040,15,4,,1,30,,10041,15,4,,1,70,,10042,15,4,,1,30,,10043,15,4,,1,70,,10044,15,4,,1,30,,10045,15,4,,1,70,,10046,15,4,,1,30,,10047,15,4,,1,70,,10048,15,4,,1,30,,10049,15,4,,1,70,,10050,15,4,,1
20501,'205-Weekday-11111100',624,,10111,15,4,,1,25,,10052,15,4,,1,71,,10053,15,4,,1,23,,10112,15,4,,1,10,,10054,15,4,,1,58,,10055,15,4,,1,15,,10056,15,4,,1,15,,10057,15,4,,1,15,,10058,15,4,,1,55,,10059,15,4,,1,15,,10060,15,4,,1,15,,10061,15,4,,1,14,,10062,15,4,,1,56,,10063,15,4,,1,14,,10064,15,4,,1,14,,10065,15,4,,1,15,,10066,15,4,,1,55,,10067,15,4,,1,15,,10068,15,4,,1,15,,10069,15,4,,1,15,,10070,15,4,,1,55,,10071,15,4,,1,15,,10072,15,4,,1,15,,10073,15,4,,1,15,,10074,15,4,,1,55,,10075,15,4,,1,15,,10076,15,4,,1,15,,10077,15,4,,1,15,,10078,15,4,,1,55,,10079,15,4,,1,15,,10080,15,4,,1,15,,10081,15,4,,1,17,,10082,15,4,,1,56,,10083,15,4,,1,16,,10084,15,4,,1,16,,10085,15,4,,1,15,,10086,15,4,,1,55,,10087,15,4,,1,15,,10088,15,4,,1,15,,10089,15,4,,1,15,,10090,15,4,,1,55,,10091,15,4,,1,15,,10092,15,4,,1,15,,10093,15,4,,1,15,,10094,15,4,,1,54,,10108,15,4,,1,13,,10095,15,4,,1,12,,10109,15,4,,1,14,,10096,15,4,,1,69,,10097,15,4,,1,30,,10098,15,4,,1,70,,10099,15,4,,1,30,,10100,15,4,,1,70,,10101,15,4,,1,30,,10102,15,4,,1,69,,10103,15,4,,1,29,,10104,15,4,,1,68,,10105,15,4,,1,30,,10106,15,4,,1,70,,10107,15,4,,1
