5301,'53-Saturday-10000010',646,,6685,2,,,1,70,,6658,2,,,1,30,,6659,2,,,1,70,,6660,2,,,1,30,,6661,2,,,1,70,,6662,2,,,1,30,,6663,2,,,1,70,,6664,2,,,1,30,,6665,2,,,1,70,,6666,2,,,1,30,,6667,2,,,1,70,,6668,2,,,1,30,,6669,2,,,1,70,,6670,2,,,1,30,,6671,2,,,1,70,,6672,2,,,1,30,,6673,2,,,1,70,,6674,2,,,1,30,,6675,2,,,1,70,,6676,2,,,1,30,,6677,2,,,1,70,,6678,2,,,1,30,,6679,2,,,1,70,,6680,2,,,1,30,,6681,2,,,1,100,,6682,2,,,1,100,,6683,2,,,1,100,,6684,2,,,1,100,,6657,2,,,1,155,,6686,2,,,1
5301,'53-Sunday-10000001',816,,6687,2,,,1,100,,6688,2,,,1,100,,6689,2,,,1,30,,6690,2,,,1,70,,6691,2,,,1,30,,6692,2,,,1,70,,6693,2,,,1,30,,6694,2,,,1,70,,6695,2,,,1,30,,6696,2,,,1,70,,6697,2,,,1,30,,6698,2,,,1,70,,6699,2,,,1,30,,6700,2,,,1,70,,6701,2,,,1,30,,6702,2,,,1,70,,6703,2,,,1,30,,6704,2,,,1,100,,6705,2,,,1,100,,6706,2,,,1,100,,6707,2,,,1,100,,6708,2,,,1,100,,6709,2,,,1
5301,'53-Weekday-11111100',531,,6731,2,,,1,70,,6732,2,,,1,30,,6733,2,,,1,70,,6734,2,,,1,30,,6735,2,,,1,70,,6736,2,,,1,30,,6710,2,,,1,70,,6711,2,,,1,30,,6712,2,,,1,70,,6713,2,,,1,30,,6714,2,,,1,70,,6715,2,,,1,30,,6716,2,,,1,70,,6717,2,,,1,30,,6718,2,,,1,70,,6719,2,,,1,30,,6746,2,,,1,70,,6741,2,,,1,25,,6740,2,,,1,25,,6739,2,,,1,70,,6738,2,,,1,30,,6737,2,,,1,70,,6744,2,,,1,30,,6745,2,,,1,70,,6720,2,,,1,30,,6721,2,,,1,80,,6722,2,,,1,70,,6723,2,,,1,30,,6724,2,,,1,70,,6725,2,,,1,30,,6726,2,,,1,70,,6727,2,,,1,30,,6743,2,,,1,70,,6742,2,,,1,30,,6728,2,,,1,70,,6729,2,,,1,30,,6730,2,,,1
5801,'58-Saturday-10000010',631,,7403,2,,,1,70,,7402,2,,,1,30,,7401,2,,,1,70,,7400,2,,,1,30,,7399,2,,,1,70,,7398,2,,,1,30,,7397,2,,,1,70,,7396,2,,,1,30,,7419,2,,,1,70,,7418,2,,,1,30,,7417,2,,,1,70,,7416,2,,,1,30,,7415,2,,,1,70,,7414,2,,,1,30,,7413,2,,,1,70,,7412,2,,,1,30,,7411,2,,,1,70,,7410,2,,,1,30,,7409,2,,,1,70,,7408,2,,,1,30,,7407,2,,,1,70,,7406,2,,,1,30,,7405,2,,,1,70,,7404,2,,,1,100,,7421,2,,,1,100,,7423,2,,,1,100,,7424,2,,,1,100,,7422,2,,,1,100,,7420,2,,,1
5801,'58-Sunday-10000001',831,,7427,2,,,1,100,,7426,2,,,1,100,,7425,2,,,1,70,,7428,2,,,1,30,,7442,2,,,1,70,,7441,2,,,1,30,,7440,2,,,1,70,,7439,2,,,1,30,,7438,2,,,1,70,,7437,2,,,1,30,,7436,2,,,1,70,,7435,2,,,1,30,,7434,2,,,1,70,,7433,2,,,1,30,,7432,2,,,1,70,,7431,2,,,1,30,,7430,2,,,1,70,,7429,2,,,1,100,,7447,2,,,1,100,,7446,2,,,1,100,,7445,2,,,1,100,,7444,2,,,1,100,,7443,2,,,1
5801,'58-Weekday-11111100',536,,7451,2,,,1,70,,7450,2,,,1,30,,7449,2,,,1,70,,7448,2,,,1,30,,7464,2,,,1,70,,7463,2,,,1,30,,7462,2,,,1,70,,7461,2,,,1,30,,7460,2,,,1,70,,7459,2,,,1,30,,7458,2,,,1,70,,7457,2,,,1,30,,7456,2,,,1,70,,7455,2,,,1,30,,7454,2,,,1,70,,7453,2,,,1,30,,7452,2,,,1,70,,7470,2,,,1,35,,7469,2,,,1,70,,7482,2,,,1,30,,7468,2,,,1,70,,7467,2,,,1,30,,7466,2,,,1,70,,7481,2,,,1,30,,7483,2,,,1,70,,7465,2,,,1,20,,7480,2,,,1,70,,7479,2,,,1,30,,7478,2,,,1,70,,7477,2,,,1,30,,7476,2,,,1,70,,7475,2,,,1,30,,7474,2,,,1,25,,7473,2,,,1,70,,7472,2,,,1,30,,7471,2,,,1
6500,'65-Saturday-10000010',716,,8166,2,,,1,30,,8167,2,,,1,70,,8168,2,,,1,30,,8169,2,,,1,70,,8170,2,,,1,30,,8171,2,,,1,70,,8172,2,,,1,30,,8173,2,,,1,70,,8174,2,,,1,30,,8175,2,,,1,70,,8176,2,,,1,30,,8177,2,,,1,70,,8178,2,,,1,30,,8179,2,,,1,70,,8180,2,,,1,30,,8181,2,,,1,70,,8182,2,,,1,30,,8183,2,,,1,70,,8184,2,,,1,30,,8185,2,,,1,70,,8186,2,,,1,30,,8187,2,,,1,70,,8188,2,,,1,85,,8189,2,,,1,45,,8190,2,,,1,85,,8191,2,,,1,85,,8192,2,,,1,85,,8193,2,,,1,45,,8194,2,,,1,85,,8195,2,,,1
6500,'65-Sunday-10000001',846,,8196,2,,,1,70,,8228,2,,,1,30,,8197,2,,,1,70,,8198,2,,,1,30,,8199,2,,,1,70,,8200,2,,,1,30,,8201,2,,,1,70,,8202,2,,,1,30,,8203,2,,,1,70,,8204,2,,,1,30,,8205,2,,,1,70,,8206,2,,,1,30,,8207,2,,,1,70,,8208,2,,,1,30,,8209,2,,,1,70,,8210,2,,,1,30,,8211,2,,,1,70,,8212,2,,,1,30,,8213,2,,,1,70,,8214,2,,,1,85,,8215,2,,,1,45,,8216,2,,,1,85,,8217,2,,,1,85,,8218,2,,,1,85,,8219,2,,,1
6500,'65-Weekday-11111100',616,,8229,2,,,1,30,,8230,2,,,1,70,,8231,2,,,1,30,,8232,2,,,1,70,,8233,2,,,1,30,,8234,2,,,1,70,,8235,2,,,1,30,,8236,2,,,1,70,,8237,2,,,1,30,,8238,2,,,1,70,,8239,2,,,1,30,,8240,2,,,1,70,,8241,2,,,1,30,,8242,2,,,1,70,,8243,2,,,1,30,,8244,2,,,1,75,,8245,2,,,1,30,,8246,2,,,1,70,,8247,2,,,1,30,,8248,2,,,1,70,,8249,2,,,1,30,,8250,2,,,1,70,,8251,2,,,1,30,,8252,2,,,1,65,,8253,2,,,1,30,,8254,2,,,1,70,,8255,2,,,1,30,,8256,2,,,1,70,,8257,2,,,1,30,,8258,2,,,1,70,,8259,2,,,1,30,,8260,2,,,1,70,,8261,2,,,1,30,,8262,2,,,1,70,,8263,2,,,1,30,,8264,2,,,1
6700,'67-Weekday-11111100',606,,8389,2,,,1,30,,8390,2,,,1,70,,8391,2,,,1,30,,8392,2,,,1,70,,8397,2,,,1,30,,8395,2,,,1,565,,8400,2,,,1,30,,8396,2,,,1,70,,8401,2,,,1,30,,8385,2,,,1,70,,8399,2,,,1,30,,8386,2,,,1,70,,8387,2,,,1,30,,8388,2,,,1,475,,8394,2,,,1,30,,8398,2,,,1,70,,8393,2,,,1
