1201,'12-Holiday1',736,,2648,,,1,70,,2646,,,1,30,,2614,,,1,70,,2615,,,1,30,,2616,,,1,71,,2617,,,1,31,,2618,,,1,70,,2619,,,1,30,,2620,,,1,70,,2621,,,1,30,,2622,,,1,70,,2623,,,1,30,,2624,,,1,70,,2625,,,1,30,,2626,,,1,70,,2627,,,1,30,,2628,,,1,70,,2629,,,1,30,,2630,,,1,70,,2631,,,1,30,,2632,,,1,69,,2633,,,1,29,,2634,,,1,70,,2635,,,1,30,,2636,,,1,70,,2637,,,1,30,,2638,,,1,70,,2639,,,1,30,,2640,,,1,70,,2641,,,1,30,,2642,,,1,70,,2643,,,1,30,,2644,,,1,70,,2645,,,1
1201,'12-Saturday',636,,2649,,,1,70,,2650,,,1,30,,2651,,,1,70,,2652,,,1,30,,2653,,,1,71,,2654,,,1,34,,2655,,,1,70,,2656,,,1,30,,2657,,,1,70,,2658,,,1,30,,2659,,,1,70,,2660,,,1,30,,2661,,,1,70,,2662,,,1,30,,2663,,,1,70,,2664,,,1,30,,2665,,,1,70,,2666,,,1,30,,2667,,,1,70,,2668,,,1,30,,2669,,,1,70,,2670,,,1,30,,2671,,,1,68,,2672,,,1,27,,2673,,,1,70,,2674,,,1,30,,2675,,,1,70,,2676,,,1,30,,2677,,,1,70,,2678,,,1,30,,2679,,,1,70,,2680,,,1,30,,2681,,,1,70,,2682,,,1,30,,2683,,,1,70,,2684,,,1
1201,'12-Sunday',736,,2720,,,1,70,,2718,,,1,30,,2686,,,1,70,,2687,,,1,30,,2688,,,1,71,,2689,,,1,31,,2690,,,1,70,,2691,,,1,30,,2692,,,1,70,,2693,,,1,30,,2694,,,1,70,,2695,,,1,30,,2696,,,1,70,,2697,,,1,30,,2698,,,1,70,,2699,,,1,30,,2700,,,1,70,,2701,,,1,30,,2702,,,1,70,,2703,,,1,30,,2704,,,1,69,,2705,,,1,29,,2706,,,1,70,,2707,,,1,30,,2708,,,1,70,,2709,,,1,30,,2710,,,1,70,,2711,,,1,30,,2712,,,1,70,,2713,,,1,30,,2714,,,1,70,,2715,,,1,30,,2716,,,1,70,,2717,,,1
1201,'12-Weekday',544,,2721,,,1,62,,2722,,,1,30,,2724,,,1,72,,2726,,,1,24,,2766,,,1,15,,2728,,,1,55,,2729,,,1,15,,2730,,,1,15,,2731,,,1,15,,2732,,,1,55,,2733,,,1,15,,2734,,,1,15,,2735,,,1,15,,2736,,,1,55,,2774,,,1,15,,2738,,,1,15,,2775,,,1,15,,2773,,,1,55,,2776,,,1,15,,2739,,,1,15,,2777,,,1,15,,2741,,,1,55,,2778,,,1,15,,2743,,,1,15,,2779,,,1,15,,2745,,,1,55,,2780,,,1,15,,2746,,,1,15,,2781,,,1,15,,2748,,,1,55,,2782,,,1,15,,2750,,,1,15,,2772,,,1,17,,2752,,,1,56,,2754,,,1,16,,2767,,,1,15,,2756,,,1,15,,2768,,,1,55,,2757,,,1,15,,2758,,,1,15,,2759,,,1,15,,2760,,,1,55,,2761,,,1,15,,2762,,,1,15,,2763,,,1,15,,2764,,,1,55,,2765,,,1,13,,2723,,,1,13,,2727,,,1,19,,2771,,,1,60,,2770,,,1,15,,2783,,,1,15,,2753,,,1,15,,2784,,,1,55,,2742,,,1,15,,2785,,,1,15,,2749,,,1,15,,2786,,,1,55,,2755,,,1,15,,2787,,,1,15,,2751,,,1,67,,2747,,,1,27,,2744,,,1,70,,2740,,,1,30,,2737,,,1,70,,2725,,,1
2901,'29-Saturday',737,,5034,,,1,70,,5035,,,1,30,,5036,,,1,70,,5037,,,1,30,,5038,,,1,70,,5039,,,1,30,,5040,,,1,70,,5041,,,1,30,,5042,,,1,70,,5043,,,1,30,,5044,,,1,70,,5045,,,1,30,,5046,,,1,70,,5047,,,1,30,,5048,,,1,70,,5049,,,1,30,,5050,,,1,70,,5051,,,1,30,,5052,,,1,70,,5053,,,1,30,,5054,,,1,70,,5055,,,1,30,,5056,,,1,70,,5057,,,1,30,,5058,,,1,70,,5059,,,1,30,,5060,,,1,70,,5061,,,1,30,,5062,,,1,70,,5063,,,1,30,,5064,,,1,70,,5065,,,1,30,,5066,,,1,100,,5067,,,1
2901,'29-Sunday',832,,5068,,,1,70,,5069,,,1,30,,5070,,,1,70,,5071,,,1,30,,5072,,,1,70,,5073,,,1,30,,5074,,,1,70,,5075,,,1,30,,5076,,,1,70,,5077,,,1,30,,5078,,,1,70,,5079,,,1,30,,5080,,,1,70,,5081,,,1,30,,5082,,,1,70,,5083,,,1,30,,5084,,,1,70,,5085,,,1,30,,5086,,,1,70,,5087,,,1,30,,5088,,,1,70,,5089,,,1,30,,5090,,,1,70,,5091,,,1,30,,5092,,,1,70,,5093,,,1,30,,5094,,,1,70,,5095,,,1,30,,5096,,,1,70,,5097,,,1,30,,5098,,,1,100,,5099,,,1
2901,'29-Weekday',601,,5136,,,1,19,,5102,,,1,30,,5103,,,1,74,,5104,,,1,30,,5105,,,1,70,,5106,,,1,30,,5107,,,1,70,,5108,,,1,29,,5109,,,1,70,,5110,,,1,30,,5111,,,1,70,,5112,,,1,30,,5113,,,1,70,,5114,,,1,30,,5115,,,1,70,,5116,,,1,30,,5117,,,1,70,,5101,,,1,33,,5100,,,1,70,,5118,,,1,30,,5119,,,1,70,,5120,,,1,30,,5121,,,1,70,,5122,,,1,30,,5123,,,1,68,,5124,,,1,30,,5125,,,1,70,,5126,,,1,30,,5127,,,1,70,,5128,,,1,30,,5129,,,1,70,,5130,,,1,30,,5131,,,1,66,,5132,,,1,30,,5133,,,1,70,,5134,,,1,30,,5135,,,1
20201,'202-Holiday1',752,,8985,,,1,70,,8986,,,1,30,,8987,,,1,70,,8984,,,1,30,,8988,,,1,71,,8989,,,1,30,,8990,,,1,70,,8991,,,1,30,,8992,,,1,70,,8993,,,1,30,,8994,,,1,70,,8995,,,1,30,,8996,,,1,70,,8997,,,1,30,,8998,,,1,70,,8999,,,1,30,,9000,,,1,70,,9001,,,1,30,,9002,,,1,70,,9003,,,1,30,,9004,,,1,69,,9005,,,1,30,,9006,,,1,70,,9007,,,1,30,,9008,,,1,70,,9009,,,1,30,,9010,,,1,70,,9011,,,1,30,,9012,,,1,70,,9013,,,1,30,,9014,,,1,70,,9015,,,1,30,,9016,,,1,70,,9017,,,1
20201,'202-Saturday',722,,9018,,,1,30,,9019,,,1,70,,9020,,,1,30,,9021,,,1,71,,9022,,,1,30,,9023,,,1,70,,9024,,,1,30,,9025,,,1,70,,9026,,,1,30,,9027,,,1,70,,9028,,,1,30,,9029,,,1,70,,9030,,,1,30,,9031,,,1,70,,9032,,,1,30,,9033,,,1,70,,9034,,,1,30,,9035,,,1,70,,9036,,,1,30,,9037,,,1,70,,9038,,,1,30,,9039,,,1,69,,9040,,,1,30,,9041,,,1,70,,9042,,,1,30,,9043,,,1,70,,9044,,,1,30,,9045,,,1,70,,9046,,,1,30,,9047,,,1,70,,9048,,,1,30,,9049,,,1,70,,9050,,,1,30,,9051,,,1,70,,9052,,,1
20201,'202-Sunday',752,,9054,,,1,70,,9055,,,1,30,,9056,,,1,70,,9053,,,1,30,,9057,,,1,71,,9058,,,1,30,,9059,,,1,70,,9060,,,1,30,,9061,,,1,70,,9062,,,1,30,,9063,,,1,70,,9064,,,1,30,,9065,,,1,70,,9066,,,1,30,,9067,,,1,70,,9068,,,1,30,,9069,,,1,70,,9070,,,1,30,,9071,,,1,70,,9072,,,1,30,,9073,,,1,69,,9074,,,1,30,,9075,,,1,70,,9076,,,1,30,,9077,,,1,70,,9078,,,1,30,,9079,,,1,70,,9080,,,1,30,,9081,,,1,70,,9082,,,1,30,,9083,,,1,70,,9084,,,1,30,,9085,,,1,70,,9086,,,1
20201,'202-Weekday',621,,9088,,,1,30,,9089,,,1,74,,9090,,,1,10,,9145,,,1,10,,9123,,,1,10,,9091,,,1,50,,9146,,,1,10,,9124,,,1,10,,9092,,,1,10,,9147,,,1,10,,9125,,,1,10,,9087,,,1,50,,9148,,,1,10,,9126,,,1,10,,9093,,,1,10,,9149,,,1,9,,9127,,,1,10,,9094,,,1,50,,9128,,,1,15,,9095,,,1,15,,9129,,,1,15,,9096,,,1,55,,9130,,,1,15,,9097,,,1,15,,9131,,,1,15,,9098,,,1,55,,9132,,,1,15,,9099,,,1,15,,9133,,,1,15,,9100,,,1,55,,9134,,,1,15,,9101,,,1,15,,9135,,,1,15,,9102,,,1,55,,9136,,,1,15,,9103,,,1,15,,9137,,,1,22,,9104,,,1,50,,9150,,,1,10,,9138,,,1,10,,9105,,,1,10,,9151,,,1,10,,9139,,,1,10,,9106,,,1,50,,9152,,,1,10,,9140,,,1,10,,9107,,,1,10,,9153,,,1,10,,9141,,,1,10,,9108,,,1,50,,9154,,,1,10,,9142,,,1,10,,9109,,,1,10,,9155,,,1,10,,9143,,,1,10,,9110,,,1,50,,9156,,,1,9,,9144,,,1,9,,9111,,,1,30,,9122,,,1,70,,9112,,,1,30,,9113,,,1,70,,9114,,,1,30,,9115,,,1,70,,9116,,,1,30,,9117,,,1,69,,9118,,,1,30,,9119,,,1,70,,9120,,,1,30,,9121,,,1
