1600,'16-Holiday1-10000001',852,,3130,25,,,1,100,,3131,25,,,1,99,,3132,25,,,1,100,,3133,25,,,1,100,,3134,25,,,1,100,,3135,25,,,1,100,,3136,25,,,1,100,,3137,25,,,1,100,,3138,25,,,1,100,,3139,25,,,1,102,,3140,25,,,1,100,,3141,25,,,1,100,,3142,25,,,1,100,,3143,25,,,1,100,,3144,25,,,1,100,,3145,25,,,1
1600,'16-Saturday-10000010',722,,3180,25,,,1,30,,3147,25,,,1,70,,3148,25,,,1,30,,3149,25,,,1,71,,3150,25,,,1,30,,3151,25,,,1,70,,3152,25,,,1,30,,3153,25,,,1,70,,3154,25,,,1,30,,3155,25,,,1,70,,3156,25,,,1,30,,3157,25,,,1,70,,3158,25,,,1,30,,3159,25,,,1,70,,3160,25,,,1,30,,3161,25,,,1,70,,3162,25,,,1,30,,3163,25,,,1,70,,3164,25,,,1,30,,3165,25,,,1,70,,3166,25,,,1,30,,3167,25,,,1,70,,3168,25,,,1,30,,3169,25,,,1,70,,3170,25,,,1,30,,3171,25,,,1,70,,3172,25,,,1,30,,3173,25,,,1,70,,3174,25,,,1,30,,3175,25,,,1,70,,3176,25,,,1,30,,3177,25,,,1,70,,3178,25,,,1,30,,3179,25,,,1
1600,'16-Sunday-10000001',822,,3183,25,,,1,30,,3184,25,,,1,70,,3185,25,,,1,30,,3186,25,,,1,69,,3187,25,,,1,30,,3188,25,,,1,70,,3189,25,,,1,30,,3190,25,,,1,70,,3191,25,,,1,30,,3192,25,,,1,70,,3193,25,,,1,30,,3194,25,,,1,70,,3195,25,,,1,30,,3196,25,,,1,70,,3197,25,,,1,30,,3198,25,,,1,70,,3199,25,,,1,30,,3200,25,,,1,70,,3201,25,,,1,30,,3202,25,,,1,72,,3203,25,,,1,30,,3204,25,,,1,70,,3205,25,,,1,30,,3206,25,,,1,70,,3207,25,,,1,30,,3208,25,,,1,70,,3209,25,,,1,30,,3210,25,,,1,70,,3211,25,,,1,30,,3212,25,,,1,70,,3213,25,,,1,30,,3214,25,,,1
1600,'16-Weekday-11111100',618,,3253,25,,,1,30,,3252,25,,,1,55,,3255,25,,,1,16,,3216,25,,,1,15,,3256,25,,,1,15,,3217,25,,,1,55,,3257,25,,,1,15,,3218,25,,,1,15,,3258,25,,,1,15,,3219,25,,,1,55,,3283,25,,,1,15,,3220,25,,,1,15,,3278,25,,,1,14,,3221,25,,,1,56,,3279,25,,,1,15,,3222,25,,,1,15,,3280,25,,,1,15,,3223,25,,,1,55,,3281,25,,,1,15,,3224,25,,,1,15,,3282,25,,,1,15,,3225,25,,,1,55,,3274,25,,,1,15,,3226,25,,,1,15,,3277,25,,,1,15,,3227,25,,,1,55,,3276,25,,,1,15,,3228,25,,,1,15,,3275,25,,,1,15,,3229,25,,,1,55,,3273,25,,,1,15,,3230,25,,,1,16,,3272,25,,,1,15,,3231,25,,,1,56,,3259,25,,,1,15,,3232,25,,,1,15,,3260,25,,,1,15,,3233,25,,,1,55,,3261,25,,,1,15,,3234,25,,,1,15,,3262,25,,,1,15,,3235,25,,,1,55,,3263,25,,,1,15,,3236,25,,,1,15,,3264,25,,,1,15,,3237,25,,,1,55,,3265,25,,,1,15,,3238,25,,,1,14,,3239,25,,,1,15,,3266,25,,,1,55,,3240,25,,,1,15,,3267,25,,,1,15,,3241,25,,,1,15,,3268,25,,,1,55,,3242,25,,,1,15,,3269,25,,,1,15,,3243,25,,,1,15,,3270,25,,,1,55,,3244,25,,,1,15,,3271,25,,,1,15,,3245,25,,,1,15,,3284,25,,,1,54,,3246,25,,,1,18,,3247,25,,,1,30,,3248,25,,,1,70,,3249,25,,,1
2201,'22-Saturday-10000010',637,,4400,7,,,1,70,,4401,7,,,1,30,,4402,7,,,1,70,,4403,7,,,1,30,,4404,7,,,1,70,,4405,7,,,1,30,,4406,7,,,1,70,,4407,7,,,1,30,,4408,7,,,1,70,,4409,7,,,1,30,,4410,7,,,1,70,,4411,7,,,1,30,,4412,7,,,1,70,,4413,7,,,1,30,,4414,7,,,1,70,,4415,7,,,1,30,,4416,7,,,1,70,,4417,7,,,1,30,,4418,7,,,1,70,,4419,7,,,1,30,,4420,7,,,1,70,,4421,7,,,1,30,,4422,7,,,1,70,,4423,7,,,1,30,,4424,7,,,1,70,,4425,7,,,1,30,,4426,7,,,1,70,,4427,7,,,1,30,,4428,7,,,1,70,,4429,7,,,1,30,,4430,7,,,1,70,,4431,7,,,1,100,,4432,7,,,1
2201,'22-Sunday-10000001',907,,4442,7,,,1,100,,4433,7,,,1,100,,4434,7,,,1,100,,4435,7,,,1,100,,4436,7,,,1,100,,4437,7,,,1,100,,4438,7,,,1,100,,4439,7,,,1,100,,4440,7,,,1,100,,4441,7,,,1,100,,4443,7,,,1
2201,'22-Weekday-11111100',603,,4474,7,,,1,30,,4444,7,,,1,71,,4445,7,,,1,34,,4446,7,,,1,74,,4447,7,,,1,30,,4448,7,,,1,70,,4449,7,,,1,28,,4450,7,,,1,68,,4451,7,,,1,30,,4452,7,,,1,70,,4453,7,,,1,30,,4454,7,,,1,70,,4455,7,,,1,30,,4456,7,,,1,70,,4457,7,,,1,30,,4458,7,,,1,70,,4459,7,,,1,33,,4460,7,,,1,71,,4461,7,,,1,31,,4462,7,,,1,70,,4463,7,,,1,30,,4464,7,,,1,70,,4465,7,,,1,30,,4466,7,,,1,68,,4467,7,,,1,27,,4468,7,,,1,70,,4469,7,,,1,30,,4470,7,,,1,70,,4471,7,,,1,30,,4475,7,,,1,70,,4472,7,,,1,30,,4476,7,,,1,69,,4473,7,,,1,28,,4478,7,,,1,70,,4477,7,,,1
3300,'33-Saturday-10000010',710,,5576,33,,,1,30,,5577,33,,,1,70,,5578,33,,,1,30,,5579,33,,,1,70,,5580,33,,,1,30,,5581,33,,,1,70,,5582,33,,,1,30,,5583,33,,,1,70,,5584,33,,,1,30,,5585,33,,,1,70,,5586,33,,,1,30,,5587,33,,,1,70,,5588,33,,,1,30,,5589,33,,,1,70,,5590,33,,,1,30,,5591,33,,,1,70,,5592,33,,,1,30,,5593,33,,,1,70,,5594,33,,,1,30,,5595,33,,,1,70,,5596,33,,,1,30,,5597,33,,,1,70,,5598,33,,,1,30,,5599,33,,,1,70,,5600,33,,,1
3300,'33-Sunday-10000001',810,,5601,33,,,1,30,,5602,33,,,1,69,,5603,33,,,1,28,,5604,33,,,1,70,,5605,33,,,1,30,,5606,33,,,1,70,,5607,33,,,1,30,,5608,33,,,1,70,,5609,33,,,1,30,,5610,33,,,1,70,,5611,33,,,1,30,,5612,33,,,1,70,,5613,33,,,1,30,,5614,33,,,1,70,,5615,33,,,1,30,,5616,33,,,1,70,,5617,33,,,1,30,,5618,33,,,1,70,,5619,33,,,1,30,,5620,33,,,1,71,,5621,33,,,1,32,,5622,33,,,1,70,,5623,33,,,1
3300,'33-Weekday-11111100',603,,5627,33,,,1,30,,5630,33,,,1,70,,5631,33,,,1,34,,5632,33,,,1,70,,5633,33,,,1,30,,5634,33,,,1,70,,5635,33,,,1,29,,5636,33,,,1,69,,5637,33,,,1,30,,5638,33,,,1,70,,5639,33,,,1,30,,5640,33,,,1,70,,5641,33,,,1,30,,5642,33,,,1,70,,5643,33,,,1,30,,5644,33,,,1,70,,5645,33,,,1,32,,5646,33,,,1,71,,5656,33,,,1,30,,5647,33,,,1,70,,5648,33,,,1,30,,5649,33,,,1,70,,5650,33,,,1,30,,5651,33,,,1,68,,5652,33,,,1,28,,5653,33,,,1,70,,5624,33,,,1,30,,5657,33,,,1,70,,5629,33,,,1,30,,5658,33,,,1,70,,5628,33,,,1,30,,5659,33,,,1,70,,5626,33,,,1,28,,5625,33,,,1,70,,5654,33,,,1,30,,5655,33,,,1
