2000,'20-Saturday-10000010',614,,3811,15,4,,1,30,,3775,40,4,,1,70,,3776,40,4,,1,30,,3777,40,4,,1,70,,3778,40,4,,1,30,,3779,40,4,,1,70,,3780,40,4,,1,34,,3781,40,4,,1,70,,3782,40,4,,1,30,,3783,40,4,,1,70,,3784,40,4,,1,30,,3785,40,4,,1,70,,3786,40,4,,1,30,,3787,40,4,,1,70,,3788,40,4,,1,30,,3789,40,4,,1,70,,3790,40,4,,1,30,,3791,40,4,,1,70,,3792,40,4,,1,30,,3793,40,4,,1,70,,3794,40,4,,1,30,,3795,40,4,,1,70,,3796,40,4,,1,30,,3797,40,4,,1,70,,3798,40,4,,1,26,,3799,40,4,,1,70,,3800,40,4,,1,30,,3801,40,4,,1,70,,3802,40,4,,1,30,,3803,40,4,,1,70,,3804,40,4,,1,30,,3805,40,4,,1,70,,3806,40,4,,1,30,,3807,40,4,,1,70,,3808,40,4,,1,30,,3809,40,4,,1,70,,3810,40,4,,1
2000,'20-Sunday-10000001',732,,3844,15,4,,1,70,,3843,15,4,,1,31,,3812,40,4,,1,70,,3813,40,4,,1,30,,3814,40,4,,1,70,,3815,40,4,,1,32,,3816,40,4,,1,71,,3817,40,4,,1,30,,3818,40,4,,1,70,,3819,40,4,,1,30,,3820,40,4,,1,70,,3821,40,4,,1,30,,3822,40,4,,1,70,,3823,40,4,,1,30,,3824,40,4,,1,70,,3825,40,4,,1,30,,3826,40,4,,1,70,,3827,40,4,,1,30,,3828,40,4,,1,70,,3829,40,4,,1,30,,3830,40,4,,1,69,,3831,40,4,,1,29,,3832,40,4,,1,69,,3833,40,4,,1,30,,3834,40,4,,1,70,,3835,40,4,,1,30,,3836,40,4,,1,70,,3837,40,4,,1,30,,3838,40,4,,1,70,,3839,40,4,,1,30,,3840,40,4,,1,70,,3841,40,4,,1,100,,3842,40,4,,1
2000,'20-Weekday-21111100',610,,3855,40,4,,1,30,,3856,40,4,,1,15,,3882,40,4,,1,56,,3857,40,4,,1,35,,3879,40,4,,1,70,,3878,40,4,,1,30,,3845,40,4,,1,70,,3846,40,4,,1,30,,3847,40,4,,1,69,,3880,40,4,,1,30,,3858,40,4,,1,70,,3859,40,4,,1,30,,3860,40,4,,1,70,,3861,40,4,,1,30,,3862,40,4,,1,70,,3863,40,4,,1,30,,3864,40,4,,1,70,,3865,40,4,,1,33,,3866,40,4,,1,82,,3848,40,4,,1,70,,3849,40,4,,1,30,,3850,40,4,,1,70,,3851,40,4,,1,30,,3852,40,4,,1,70,,3853,40,4,,1,27,,3854,40,4,,1,17,,3867,40,4,,1,70,,3881,40,4,,1,30,,3868,40,4,,1,70,,3869,40,4,,1,30,,3870,40,4,,1,70,,3871,40,4,,1,30,,3872,40,4,,1,69,,3873,40,4,,1,27,,3874,40,4,,1,70,,3875,40,4,,1,30,,3876,40,4,,1,70,,3877,40,4,,1
2001,'20-Saturday-10000010',620,,3915,1,,,1,30,,3916,1,,,1,70,,3917,1,,,1,30,,3918,1,,,1,70,,3919,1,,,1,30,,3920,1,,,1,70,,3921,1,,,1,30,,3922,1,,,1,70,,3923,1,,,1,30,,3924,1,,,1,70,,3925,1,,,1,30,,3926,1,,,1,70,,3927,1,,,1,30,,3928,1,,,1,70,,3929,1,,,1,30,,3930,1,,,1,70,,3931,1,,,1,30,,3932,1,,,1,70,,3933,1,,,1,30,,3934,1,,,1,70,,3935,1,,,1,30,,3936,1,,,1,70,,3937,1,,,1,30,,3938,1,,,1,70,,3939,1,,,1,30,,3940,1,,,1,70,,3941,1,,,1,30,,3942,1,,,1,70,,3943,1,,,1,30,,3944,1,,,1,70,,3945,1,,,1,30,,3946,1,,,1,70,,3947,1,,,1,30,,3948,1,,,1,70,,3949,1,,,1,30,,3950,1,,,1
2001,'20-Sunday-10000001',740,,3951,1,,,1,70,,3952,1,,,1,30,,3953,1,,,1,70,,3954,1,,,1,30,,3955,1,,,1,70,,3956,1,,,1,30,,3957,1,,,1,70,,3958,1,,,1,30,,3959,1,,,1,70,,3960,1,,,1,30,,3961,1,,,1,70,,3962,1,,,1,30,,3963,1,,,1,70,,3964,1,,,1,30,,3965,1,,,1,70,,3966,1,,,1,30,,3967,1,,,1,70,,3968,1,,,1,30,,3969,1,,,1,70,,3970,1,,,1,30,,3971,1,,,1,70,,3972,1,,,1,30,,3973,1,,,1,70,,3974,1,,,1,30,,3975,1,,,1,70,,3976,1,,,1,30,,3977,1,,,1,70,,3978,1,,,1,30,,3979,1,,,1,70,,3980,1,,,1,30,,3981,1,,,1,70,,3982,1,,,1
2001,'20-Weekday-21111100',545,,3983,1,,,1,70,,3984,1,,,1,30,,3985,1,,,1,55,,3986,1,,,1,30,,3987,1,,,1,70,,3988,1,,,1,30,,3989,1,,,1,70,,3990,1,,,1,30,,3991,1,,,1,70,,3992,1,,,1,30,,4018,1,,,1,70,,3993,1,,,1,30,,3994,1,,,1,70,,3995,1,,,1,30,,3996,1,,,1,70,,3997,1,,,1,30,,3998,1,,,1,70,,3999,1,,,1,30,,4000,1,,,1,20,,4001,1,,,1,70,,4002,1,,,1,30,,4003,1,,,1,70,,4004,1,,,1,30,,4005,1,,,1,70,,4006,1,,,1,30,,4007,1,,,1,80,,4020,1,,,1,70,,4008,1,,,1,30,,4019,1,,,1,70,,4009,1,,,1,30,,4010,1,,,1,70,,4011,1,,,1,30,,4012,1,,,1,70,,4013,1,,,1,20,,4014,1,,,1,30,,4015,1,,,1,70,,4016,1,,,1,30,,4017,1,,,1
2300,'23-Saturday-10000010',707,,4479,27,4,,1,30,,4480,27,4,,1,70,,4481,27,4,,1,30,,4482,27,4,,1,71,,4483,27,4,,1,31,,4484,27,4,,1,70,,4485,27,4,,1,30,,4486,27,4,,1,70,,4487,27,4,,1,30,,4488,27,4,,1,70,,4489,27,4,,1,30,,4490,27,4,,1,70,,4491,27,4,,1,30,,4492,27,4,,1,70,,4493,27,4,,1,30,,4494,27,4,,1,70,,4495,27,4,,1,30,,4496,27,4,,1,70,,4497,27,4,,1,30,,4498,27,4,,1,70,,4499,27,4,,1,30,,4500,27,4,,1,69,,4501,27,4,,1,30,,4502,27,4,,1,70,,4503,27,4,,1,30,,4504,27,4,,1,70,,4505,27,4,,1,30,,4506,27,4,,1,70,,4507,27,4,,1,30,,4508,27,4,,1
2300,'23-Sunday-10000001',736,,4510,27,4,,1,70,,4511,27,4,,1,30,,4512,27,4,,1,72,,4513,27,4,,1,31,,4514,27,4,,1,70,,4515,27,4,,1,30,,4516,27,4,,1,70,,4517,27,4,,1,30,,4518,27,4,,1,70,,4509,27,4,,1,30,,4519,27,4,,1,70,,4520,27,4,,1,30,,4521,27,4,,1,70,,4522,27,4,,1,30,,4523,27,4,,1,70,,4524,27,4,,1,30,,4525,27,4,,1,70,,4526,27,4,,1,30,,4527,27,4,,1,70,,4528,27,4,,1,30,,4529,27,4,,1,69,,4530,27,4,,1,29,,4531,27,4,,1,70,,4532,27,4,,1,30,,4533,27,4,,1,70,,4534,27,4,,1,30,,4535,27,4,,1,70,,4536,27,4,,1
2300,'23-Weekday-11111100',607,,4569,27,4,,1,30,,4568,27,4,,1,71,,4567,27,4,,1,32,,4566,27,4,,1,70,,4565,27,4,,1,30,,4564,27,4,,1,70,,4563,27,4,,1,30,,4562,27,4,,1,69,,4561,27,4,,1,30,,4560,27,4,,1,70,,4559,27,4,,1,30,,4558,27,4,,1,70,,4557,27,4,,1,30,,4556,27,4,,1,70,,4555,27,4,,1,30,,4554,27,4,,1,70,,4553,27,4,,1,31,,4552,27,4,,1,72,,4551,27,4,,1,30,,4550,27,4,,1,70,,4549,27,4,,1,30,,4548,27,4,,1,70,,4547,27,4,,1,30,,4546,27,4,,1,69,,4545,27,4,,1,29,,4544,27,4,,1,70,,4543,27,4,,1,30,,4542,27,4,,1,70,,4541,27,4,,1,30,,4540,27,4,,1,70,,4539,27,4,,1,30,,4538,27,4,,1,69,,4570,27,4,,1,29,,4537,27,4,,1
2301,'23-Saturday-10000010',715,,4571,1,,,1,30,,4572,1,,,1,70,,4573,1,,,1,30,,4574,1,,,1,70,,4575,1,,,1,30,,4576,1,,,1,70,,4577,1,,,1,30,,4578,1,,,1,70,,4579,1,,,1,30,,4580,1,,,1,70,,4581,1,,,1,30,,4582,1,,,1,70,,4583,1,,,1,30,,4584,1,,,1,70,,4585,1,,,1,30,,4586,1,,,1,70,,4587,1,,,1,30,,4588,1,,,1,70,,4589,1,,,1,30,,4590,1,,,1,70,,4591,1,,,1,30,,4592,1,,,1,70,,4593,1,,,1,30,,4594,1,,,1,70,,4595,1,,,1,30,,4599,1,,,1,70,,4596,1,,,1,30,,4597,1,,,1,70,,4598,1,,,1
2301,'23-Sunday-10000001',745,,4604,1,,,1,70,,4605,1,,,1,30,,4606,1,,,1,70,,4607,1,,,1,30,,4608,1,,,1,70,,4609,1,,,1,30,,4610,1,,,1,70,,4611,1,,,1,30,,4612,1,,,1,70,,4602,1,,,1,30,,4613,1,,,1,70,,4614,1,,,1,30,,4615,1,,,1,70,,4616,1,,,1,30,,4617,1,,,1,70,,4618,1,,,1,30,,4619,1,,,1,70,,4620,1,,,1,30,,4621,1,,,1,70,,4622,1,,,1,30,,4623,1,,,1,70,,4624,1,,,1,30,,4625,1,,,1,70,,4626,1,,,1,30,,4627,1,,,1,70,,4601,1,,,1,30,,4603,1,,,1,70,,4600,1,,,1
2301,'23-Weekday-11111100',530,,4661,1,,,1,85,,4660,1,,,1,30,,4659,1,,,1,70,,4658,1,,,1,30,,4657,1,,,1,70,,4656,1,,,1,30,,4655,1,,,1,70,,4654,1,,,1,30,,4653,1,,,1,70,,4652,1,,,1,30,,4651,1,,,1,70,,4650,1,,,1,30,,4649,1,,,1,70,,4648,1,,,1,30,,4647,1,,,1,70,,4646,1,,,1,30,,4645,1,,,1,70,,4644,1,,,1,30,,4643,1,,,1,70,,4642,1,,,1,30,,4641,1,,,1,70,,4640,1,,,1,30,,4639,1,,,1,70,,4638,1,,,1,30,,4637,1,,,1,70,,4636,1,,,1,30,,4635,1,,,1,70,,4634,1,,,1,30,,4633,1,,,1,70,,4632,1,,,1,30,,4631,1,,,1,70,,4630,1,,,1,30,,4628,1,,,1,70,,4629,1,,,1
2800,'28-Saturday-10000010',725,,4886,20,4,,1,75,,4887,20,4,,1,35,,4888,20,4,,1,76,,4889,20,4,,1,35,,4890,20,4,,1,75,,4891,20,4,,1,35,,4892,20,4,,1,75,,4893,20,4,,1,75,,4894,20,4,,1,35,,4895,20,4,,1,75,,4896,20,4,,1,35,,4897,20,4,,1,75,,4898,20,4,,1,75,,4899,20,4,,1,35,,4900,20,4,,1,75,,4901,20,4,,1,35,,4902,20,4,,1,75,,4903,20,4,,1,35,,4904,20,4,,1,73,,4905,20,4,,1,75,,4906,20,4,,1,35,,4907,20,4,,1,75,,4908,20,4,,1,35,,4909,20,4,,1,75,,4910,20,4,,1,35,,4911,20,4,,1,73,,4912,20,4,,1
2800,'28-Sunday-10000001',722,,4913,20,4,,1,35,,4914,20,4,,1,75,,4915,20,4,,1,75,,4916,20,4,,1,35,,4917,20,4,,1,77,,4918,20,4,,1,35,,4919,20,4,,1,75,,4920,20,4,,1,75,,4921,20,4,,1,35,,4922,20,4,,1,75,,4923,20,4,,1,35,,4924,20,4,,1,75,,4925,20,4,,1,35,,4926,20,4,,1,75,,4927,20,4,,1,75,,4928,20,4,,1,35,,4929,20,4,,1,75,,4930,20,4,,1,35,,4931,20,4,,1,75,,4932,20,4,,1,75,,4933,20,4,,1,35,,4934,20,4,,1,75,,4935,20,4,,1,35,,4936,20,4,,1,75,,4937,20,4,,1,35,,4938,20,4,,1,75,,4939,20,4,,1
2800,'28-Weekday-11111100',648,,4940,20,4,,1,77,,4941,20,4,,1,75,,4942,20,4,,1,35,,4943,20,4,,1,75,,4944,20,4,,1,36,,4945,20,4,,1,75,,4946,20,4,,1,35,,4947,20,4,,1,75,,4948,20,4,,1,75,,4949,20,4,,1,35,,4950,20,4,,1,75,,4951,20,4,,1,35,,4952,20,4,,1,75,,4953,20,4,,1,76,,4954,20,4,,1,35,,4955,20,4,,1,75,,4956,20,4,,1,35,,4957,20,4,,1,75,,4958,20,4,,1,35,,4959,20,4,,1,73,,4960,20,4,,1,75,,4961,20,4,,1,35,,4962,20,4,,1,75,,4963,20,4,,1,35,,4964,20,4,,1,75,,4965,20,4,,1,75,,4966,20,4,,1,33,,4967,20,4,,1,75,,4968,20,4,,1
2801,'28-Saturday-10000010',726,,4984,1,,,1,75,,4985,1,,,1,35,,4986,1,,,1,76,,4987,1,,,1,35,,4988,1,,,1,75,,4989,1,,,1,35,,4990,1,,,1,75,,4991,1,,,1,75,,4992,1,,,1,35,,4993,1,,,1,75,,4994,1,,,1,35,,4995,1,,,1,75,,4996,1,,,1,75,,4997,1,,,1,35,,4998,1,,,1,75,,4999,1,,,1,35,,5000,1,,,1,75,,5001,1,,,1,35,,5002,1,,,1,73,,5003,1,,,1,75,,5004,1,,,1,35,,5005,1,,,1,75,,5006,1,,,1,35,,5007,1,,,1,75,,5008,1,,,1,76,,5009,1,,,1,32,,5010,1,,,1
2801,'28-Sunday-10000001',723,,5011,1,,,1,35,,5012,1,,,1,75,,5013,1,,,1,75,,5014,1,,,1,35,,5015,1,,,1,77,,5016,1,,,1,35,,5017,1,,,1,75,,5018,1,,,1,75,,5019,1,,,1,35,,5020,1,,,1,75,,5021,1,,,1,35,,5022,1,,,1,75,,5023,1,,,1,75,,5024,1,,,1,35,,5025,1,,,1,75,,5026,1,,,1,35,,5027,1,,,1,75,,5028,1,,,1,35,,5029,1,,,1,75,,5030,1,,,1,75,,5031,1,,,1,35,,5032,1,,,1,75,,5033,1,,,1,35,,5034,1,,,1,75,,5035,1,,,1,75,,5036,1,,,1,35,,5037,1,,,1
2801,'28-Weekday-11111100',649,,5038,1,,,1,77,,5039,1,,,1,75,,5040,1,,,1,35,,5041,1,,,1,75,,5042,1,,,1,36,,5043,1,,,1,75,,5044,1,,,1,35,,5045,1,,,1,75,,5046,1,,,1,75,,5047,1,,,1,35,,5048,1,,,1,75,,5049,1,,,1,35,,5050,1,,,1,75,,5051,1,,,1,76,,5065,1,,,1,35,,5052,1,,,1,75,,5053,1,,,1,35,,5054,1,,,1,75,,5055,1,,,1,35,,5056,1,,,1,73,,5057,1,,,1,75,,5058,1,,,1,35,,5066,1,,,1,75,,5059,1,,,1,35,,5060,1,,,1,75,,5061,1,,,1,75,,5062,1,,,1,33,,5063,1,,,1,75,,5064,1,,,1
