5700,'57-Saturday-10000010',709,,17890,5,,,1,100,,17878,5,,,1,101,,17879,5,,,1,100,,17880,5,,,1,100,,17881,5,,,1,100,,17882,5,,,1,100,,17883,5,,,1,100,,17884,5,,,1,100,,17885,5,,,1,100,,17886,5,,,1,100,,17887,5,,,1,99,,17888,5,,,1,100,,17889,5,,,1
5700,'57-Weekday-11111100',639,,17892,5,,,1,69,,17918,5,,,1,30,,17893,5,,,1,70,,17894,5,,,1,30,,17895,5,,,1,70,,17896,5,,,1,31,,17897,5,,,1,70,,17898,5,,,1,30,,17899,5,,,1,70,,17900,5,,,1,30,,17901,5,,,1,70,,17902,5,,,1,30,,17903,5,,,1,70,,17904,5,,,1,30,,17905,5,,,1,70,,17906,5,,,1,34,,17908,5,,,1,70,,17909,5,,,1,30,,17910,5,,,1,70,,17911,5,,,1,30,,17912,5,,,1,70,,17913,5,,,1,30,,17914,5,,,1,70,,17907,5,,,1,25,,17919,5,,,1,70,,17915,5,,,1,30,,17920,5,,,1,70,,17916,5,,,1,30,,17921,5,,,1,70,,17917,5,,,1,30,,17923,5,,,1,70,,17922,5,,,1,30,,17924,5,,,1
5701,'57-Saturday-10000010',749,,17933,17,,,1,100,,17932,17,,,1,100,,17926,17,,,1,100,,17925,17,,,1,100,,17930,17,,,1,100,,17929,17,,,1,100,,17928,17,,,1,100,,17927,17,,,1,100,,17931,17,,,1,100,,17936,17,,,1,100,,17935,17,,,1,100,,17934,17,,,1
5701,'57-Weekday-11111100',647,,17964,17,,,1,74,,17937,17,,,1,30,,17938,17,,,1,70,,17939,17,,,1,30,,17940,17,,,1,70,,17941,17,,,1,28,,17942,17,,,1,70,,17943,17,,,1,30,,17944,17,,,1,70,,17945,17,,,1,30,,17947,17,,,1,70,,17946,17,,,1,30,,17948,17,,,1,70,,17949,17,,,1,30,,17950,17,,,1,70,,17951,17,,,1,33,,17952,17,,,1,70,,17954,17,,,1,30,,17953,17,,,1,70,,17955,17,,,1,30,,17956,17,,,1,70,,17957,17,,,1,30,,17958,17,,,1,67,,17959,17,,,1,30,,17960,17,,,1,70,,17965,17,,,1,30,,17961,17,,,1,70,,17966,17,,,1,30,,17962,17,,,1,70,,17968,17,,,1,30,,17963,17,,,1,70,,17967,17,,,1
6100,'61-Holiday1-11111111',831,,18317,5,,,1,70,,18289,5,,,1,30,,18290,5,,,1,70,,18291,5,,,1,31,,18292,5,,,1,70,,18293,5,,,1,30,,18294,5,,,1,70,,18295,5,,,1,30,,18296,5,,,1,70,,18297,5,,,1,30,,18298,5,,,1,70,,18299,5,,,1,30,,18300,5,,,1,70,,18301,5,,,1,30,,18302,5,,,1,70,,18303,5,,,1,30,,18304,5,,,1,70,,18305,5,,,1,30,,18306,5,,,1,70,,18307,5,,,1,24,,18308,5,,,1,30,,18309,5,,,1,70,,18310,5,,,1,30,,18311,5,,,1,70,,18312,5,,,1,30,,18313,5,,,1,70,,18314,5,,,1,30,,18315,5,,,1,70,,18316,5,,,1
6100,'61-Saturday-10000010',732,,18342,5,,,1,70,,18343,5,,,1,30,,18344,5,,,1,70,,18345,5,,,1,30,,18346,5,,,1,70,,18347,5,,,1,30,,18349,5,,,1,70,,18348,5,,,1,30,,18328,5,,,1,70,,18329,5,,,1,30,,18330,5,,,1,70,,18331,5,,,1,30,,18332,5,,,1,70,,18333,5,,,1,30,,18334,5,,,1,70,,18335,5,,,1,30,,18336,5,,,1,70,,18337,5,,,1,30,,18338,5,,,1,70,,18339,5,,,1,30,,18340,5,,,1,70,,18341,5,,,1,30,,18319,5,,,1,70,,18320,5,,,1,30,,18321,5,,,1,70,,18322,5,,,1,30,,18323,5,,,1,70,,18324,5,,,1,30,,18325,5,,,1,70,,18350,5,,,1,30,,18326,5,,,1,70,,18327,5,,,1,30,,18351,5,,,1
6100,'61-Sunday-10000001',831,,18357,5,,,1,70,,18356,5,,,1,30,,18355,5,,,1,70,,18354,5,,,1,31,,18353,5,,,1,70,,18352,5,,,1,30,,18366,5,,,1,70,,18365,5,,,1,30,,18364,5,,,1,70,,18363,5,,,1,30,,18362,5,,,1,70,,18361,5,,,1,30,,18360,5,,,1,70,,18359,5,,,1,30,,18358,5,,,1,70,,18380,5,,,1,30,,18378,5,,,1,70,,18379,5,,,1,30,,18377,5,,,1,70,,18376,5,,,1,24,,18375,5,,,1,30,,18374,5,,,1,70,,18373,5,,,1,30,,18371,5,,,1,70,,18370,5,,,1,30,,18369,5,,,1,70,,18368,5,,,1,30,,18367,5,,,1,70,,18372,5,,,1
6100,'61-Weekday-11111100',628,,18393,5,,,1,30,,18394,5,,,1,70,,18401,5,,,1,15,,18415,5,,,1,15,,18402,5,,,1,55,,18416,5,,,1,15,,18398,5,,,1,15,,18417,5,,,1,15,,18395,5,,,1,55,,18418,5,,,1,15,,18397,5,,,1,15,,18419,5,,,1,15,,18396,5,,,1,55,,18420,5,,,1,15,,18403,5,,,1,15,,18421,5,,,1,15,,18381,5,,,1,55,,18422,5,,,1,15,,18404,5,,,1,15,,18423,5,,,1,15,,18405,5,,,1,55,,18424,5,,,1,15,,18382,5,,,1,15,,18425,5,,,1,15,,18383,5,,,1,55,,18426,5,,,1,15,,18384,5,,,1,15,,18427,5,,,1,15,,18443,5,,,1,55,,18428,5,,,1,15,,18385,5,,,1,15,,18429,5,,,1,15,,18386,5,,,1,55,,18430,5,,,1,15,,18387,5,,,1,15,,18431,5,,,1,15,,18388,5,,,1,55,,18432,5,,,1,15,,18389,5,,,1,15,,18433,5,,,1,15,,18390,5,,,1,55,,18434,5,,,1,15,,18391,5,,,1,15,,18435,5,,,1,15,,18392,5,,,1,55,,18436,5,,,1,15,,18400,5,,,1,15,,18437,5,,,1,15,,18399,5,,,1,55,,18438,5,,,1,15,,18413,5,,,1,15,,18442,5,,,1,15,,18412,5,,,1,55,,18439,5,,,1,15,,18411,5,,,1,15,,18440,5,,,1,15,,18410,5,,,1,55,,18441,5,,,1,15,,18409,5,,,1,15,,18444,5,,,1,15,,18445,5,,,1,55,,18446,5,,,1,15,,18408,5,,,1,30,,18407,5,,,1,70,,18406,5,,,1
6101,'61-Holiday1-11111111',835,,18447,23,,,1,70,,18448,23,,,1,30,,18449,23,,,1,71,,18450,23,,,1,34,,18451,23,,,1,70,,18452,23,,,1,30,,18453,23,,,1,70,,18454,23,,,1,30,,18455,23,,,1,70,,18456,23,,,1,30,,18457,23,,,1,70,,18458,23,,,1,30,,18459,23,,,1,70,,18460,23,,,1,30,,18461,23,,,1,70,,18462,23,,,1,30,,18463,23,,,1,70,,18464,23,,,1,30,,18465,23,,,1,68,,18466,23,,,1,27,,18467,23,,,1,70,,18468,23,,,1,30,,18469,23,,,1,70,,18470,23,,,1,30,,18471,23,,,1,70,,18472,23,,,1,30,,18473,23,,,1,70,,18474,23,,,1,30,,18475,23,,,1
6101,'61-Saturday-10000010',710,,18499,23,,,1,30,,18500,23,,,1,70,,18501,23,,,1,26,,18510,16,,,1,4,,18502,23,,,1,69,,18503,23,,,1,29,,18504,23,,,1,70,,18505,23,,,1,30,,18506,23,,,1,70,,18509,23,,,1,30,,18507,23,,,1,70,,18508,23,,,1,30,,18479,23,,,1,70,,18478,23,,,1,30,,18480,23,,,1,70,,18477,23,,,1,30,,18481,23,,,1,70,,18482,23,,,1,30,,18483,23,,,1,70,,18484,23,,,1,30,,18485,23,,,1,70,,18486,23,,,1,30,,18498,23,,,1,71,,18497,23,,,1,31,,18496,23,,,1,70,,18495,23,,,1,30,,18494,23,,,1,70,,18493,23,,,1,30,,18492,23,,,1,70,,18491,23,,,1,30,,18490,23,,,1,70,,18489,23,,,1,30,,18488,23,,,1,70,,18487,23,,,1
6101,'61-Sunday-10000001',835,,18540,23,,,1,70,,18539,23,,,1,30,,18538,23,,,1,71,,18537,23,,,1,34,,18536,23,,,1,70,,18535,23,,,1,30,,18520,23,,,1,70,,18521,23,,,1,30,,18522,23,,,1,70,,18523,23,,,1,30,,18524,23,,,1,70,,18525,23,,,1,30,,18526,23,,,1,70,,18527,23,,,1,30,,18528,23,,,1,70,,18529,23,,,1,30,,18531,23,,,1,70,,18532,23,,,1,30,,18533,23,,,1,68,,18530,23,,,1,27,,18534,23,,,1,70,,18514,23,,,1,30,,18513,23,,,1,70,,18519,23,,,1,30,,18512,23,,,1,70,,18518,23,,,1,30,,18517,23,,,1,70,,18515,23,,,1,30,,18516,23,,,1
6101,'61-Weekday-11111100',636,,18565,23,,,1,69,,18571,23,,,1,17,,18595,23,,,1,15,,18572,23,,,1,15,,18584,23,,,1,55,,18573,23,,,1,15,,18593,23,,,1,15,,18574,23,,,1,15,,18577,23,,,1,55,,18575,23,,,1,15,,18590,23,,,1,15,,18576,23,,,1,15,,18583,23,,,1,55,,18568,23,,,1,15,,18589,23,,,1,15,,18569,23,,,1,15,,18582,23,,,1,55,,18570,23,,,1,15,,18588,23,,,1,15,,18567,23,,,1,15,,18581,23,,,1,55,,18566,23,,,1,15,,18596,23,,,1,15,,18543,23,,,1,15,,18587,23,,,1,55,,18544,23,,,1,15,,18580,23,,,1,15,,18545,23,,,1,15,,18586,23,,,1,55,,18546,23,,,1,15,,18599,23,,,1,17,,18547,23,,,1,18,,18592,23,,,1,55,,18548,23,,,1,15,,18579,23,,,1,15,,18549,23,,,1,15,,18597,23,,,1,55,,18550,23,,,1,15,,18598,23,,,1,15,,18551,23,,,1,15,,18600,23,,,1,55,,18552,23,,,1,15,,18578,23,,,1,15,,18553,23,,,1,15,,18585,23,,,1,54,,18554,23,,,1,11,,18591,23,,,1,15,,18555,23,,,1,15,,18594,23,,,1,55,,18556,23,,,1,15,,18604,23,,,1,15,,18557,23,,,1,15,,18601,23,,,1,55,,18558,23,,,1,15,,18602,23,,,1,15,,18559,23,,,1,15,,18603,23,,,1,55,,18560,23,,,1,15,,18605,23,,,1,15,,18606,23,,,1,15,,18561,23,,,1,55,,18562,23,,,1,28,,18563,23,,,1,70,,18564,23,,,1
20301,'203-Weekday-11111100',630,,20121,3,,,1,70,,20122,3,,,1,38,,20123,3,,,1,70,,20124,3,,,1,30,,20125,3,,,1,70,,20126,3,,,1,31,,20127,3,,,1,70,,20136,3,,,1,30,,20137,3,,,1,70,,20138,3,,,1,30,,20139,3,,,1,70,,20140,3,,,1,30,,20141,3,,,1,70,,20142,3,,,1,30,,20143,3,,,1,70,,20144,3,,,1,28,,20145,3,,,1,69,,20146,3,,,1,30,,20147,3,,,1,70,,20148,3,,,1,30,,20149,3,,,1,70,,20150,3,,,1,30,,20151,3,,,1,71,,20152,3,,,1,31,,20153,3,,,1,70,,20135,3,,,1,30,,20128,3,,,1,70,,20129,3,,,1,30,,20130,3,,,1,70,,20131,3,,,1,30,,20132,3,,,1,71,,20133,3,,,1,25,,20134,3,,,1,70,,20154,3,,,1
