1001,'10-Weekday-11111100',706,,24125,18,0,34 35,1,31,,24091,18,0,34 35,1,70,,24093,18,0,34 35,1,30,,24095,18,0,34 35,1,70,,24097,18,0,34 35,1,29,,24099,18,0,34 35,1,69,,24102,18,0,34 35,1,30,,24103,18,0,34 35,1,70,,24104,18,0,34 35,1,30,,24105,18,0,34 35,1,70,,24106,18,0,34 35,1,30,,24107,18,0,34 35,1,70,,24108,18,0,34 35,1,30,,24109,18,0,34 35,1,70,,24110,18,0,34 35,1,30,,24111,18,0,34 35,1,73,,24101,18,0,34 35,1,30,,24080,18,0,34 35,1,70,,24066,18,0,34 35,1,30,,24076,18,0,34 35,1,70,,24074,18,0,34 35,1,30,,24072,18,0,34 35,1,70,,24112,18,0,34 35,1
1601,'16-Holiday1-10000001',903,,24911,54,,,1,100,,24912,54,,,1,105,,24913,54,,,1,100,,24914,54,,,1,100,,24915,54,,,1,100,,24916,54,,,1,100,,24917,54,,,1,100,,24918,54,,,1,100,,24919,54,,,1,100,,24920,54,,,1,98,,24921,54,,,1,101,,24922,54,,,1,100,,24923,54,,,1,100,,24924,54,,,1,100,,24925,54,,,1,100,,24926,54,,,1
1601,'16-Saturday-10000010',708,,24927,27,,,1,30,,24928,54,,,1,70,,24929,54,,,1,30,,24930,54,,,1,71,,24931,54,,,1,31,,24932,54,,,1,74,,24933,54,,,1,33,,24934,54,,,1,70,,24935,54,,,1,30,,24936,54,,,1,70,,24937,54,,,1,30,,24938,54,,,1,70,,24939,54,,,1,30,,24940,54,,,1,70,,24941,54,,,1,30,,24942,54,,,1,70,,24943,54,,,1,30,,24944,54,,,1,70,,24945,54,,,1,30,,24946,54,,,1,70,,24947,54,,,1,30,,24948,54,,,1,69,,24949,54,,,1,28,,24950,54,,,1,68,,24951,54,,,1,28,,24952,54,,,1,70,,24953,54,,,1,30,,24954,54,,,1,70,,24955,54,,,1,30,,24956,54,,,1,70,,24957,54,,,1,30,,24958,54,,,1,70,,24959,54,,,1,30,,24960,54,,,1,70,,24962,54,,,1
1601,'16-Sunday-10000001',833,,24963,54,,,1,70,,24964,54,,,1,30,,24965,54,,,1,70,,24966,54,,,1,31,,24967,54,,,1,74,,24968,54,,,1,30,,24969,54,,,1,70,,24970,54,,,1,30,,24971,54,,,1,70,,24972,54,,,1,30,,24973,54,,,1,70,,24974,54,,,1,30,,24975,54,,,1,70,,24976,54,,,1,30,,24977,54,,,1,70,,24978,54,,,1,30,,24979,54,,,1,70,,24980,54,,,1,30,,24981,54,,,1,70,,24982,54,,,1,31,,24983,54,,,1,67,,24984,54,,,1,31,,24985,54,,,1,70,,24986,54,,,1,30,,24987,54,,,1,70,,24988,54,,,1,30,,24989,54,,,1,70,,24990,54,,,1,30,,24991,54,,,1,70,,24992,54,,,1,30,,24993,54,,,1,70,,24994,54,,,1
1601,'16-Weekday-11111100',634,,24996,54,,,1,72,,24997,54,,,1,11,,25033,54,,,1,19,,24998,54,,,1,20,,25037,54,,,1,55,,24999,54,,,1,17,,25034,54,,,1,16,,25000,54,,,1,15,,25035,54,,,1,55,,25001,54,,,1,15,,25036,54,,,1,15,,25002,54,,,1,56,,25046,54,,,1,15,,25003,54,,,1,16,,25052,54,,,1,16,,25004,54,,,1,55,,25053,54,,,1,14,,25005,54,,,1,16,,25054,54,,,1,15,,25006,54,,,1,55,,25055,54,,,1,15,,25007,54,,,1,15,,25056,54,,,1,15,,25008,54,,,1,55,,25057,54,,,1,15,,25009,54,,,1,15,,25058,54,,,1,15,,25010,54,,,1,55,,25059,54,,,1,15,,25011,54,,,1,16,,25060,54,,,1,15,,25012,54,,,1,55,,25061,54,,,1,17,,25013,54,,,1,15,,25043,54,,,1,15,,25014,54,,,1,57,,25038,54,,,1,15,,25015,54,,,1,16,,25039,54,,,1,15,,25016,54,,,1,55,,25040,54,,,1,15,,25017,54,,,1,15,,25041,54,,,1,15,,25018,54,,,1,54,,25042,54,,,1,15,,25019,54,,,1,13,,25032,54,,,1,13,,25020,54,,,1,54,,25044,54,,,1,13,,25021,54,,,1,13,,25047,54,,,1,15,,25022,54,,,1,14,,25023,54,,,1,55,,25048,54,,,1,15,,25024,54,,,1,15,,25051,54,,,1,15,,25025,54,,,1,55,,25049,54,,,1,15,,25026,54,,,1,15,,25050,54,,,1,15,,25027,54,,,1,53,,25062,54,,,1,14,,25028,54,,,1,31,,25029,54,,,1,67,,25030,54,,,1,13,,25031,54,,,1
3600,'36-Saturday-10000010',741,,27275,14,,,1,70,,27287,14,,,1,30,,27276,14,,,1,71,,27288,14,,,1,30,,27277,14,,,1,70,,27289,14,,,1,30,,27278,14,,,1,70,,27290,14,,,1,30,,27279,14,,,1,70,,27291,14,,,1,30,,27280,14,,,1,70,,27292,14,,,1,30,,27281,14,,,1,70,,27293,14,,,1,30,,27282,14,,,1,70,,27294,14,,,1,30,,27283,14,,,1,70,,27295,14,,,1,30,,27284,14,,,1,70,,27296,14,,,1,30,,27285,14,,,1,69,,27297,14,,,1,30,,27286,14,,,1,70,,27298,14,,,1,30,,27299,14,,,1
3600,'36-Sunday-10000001',839,,27300,14,,,1,70,,27301,14,,,1,30,,27302,14,,,1,71,,27303,14,,,1,31,,27304,14,,,1,75,,27305,14,,,1,31,,27306,14,,,1,70,,27307,14,,,1,30,,27308,14,,,1,70,,27309,14,,,1,30,,27310,14,,,1,70,,27311,14,,,1,30,,27312,14,,,1,70,,27313,14,,,1,30,,27314,14,,,1,70,,27315,14,,,1,30,,27316,14,,,1,70,,27317,14,,,1,30,,27318,14,,,1,64,,27319,14,,,1,28,,27320,14,,,1,70,,27321,14,,,1
3600,'36-Weekday-11111100',626,,27346,14,,,1,101,,27324,14,,,1,30,,27323,14,,,1,70,,27338,14,,,1,30,,27337,14,,,1,70,,27336,14,,,1,30,,27335,14,,,1,70,,27334,14,,,1,30,,27333,14,,,1,70,,27332,14,,,1,30,,27331,14,,,1,70,,27330,14,,,1,30,,27329,14,,,1,70,,27328,14,,,1,30,,27327,14,,,1,70,,27326,14,,,1,32,,27325,14,,,1,70,,27345,14,,,1,30,,27350,14,,,1,70,,27344,14,,,1,30,,27343,14,,,1,70,,27342,14,,,1,30,,27341,14,,,1,67,,27340,14,,,1,30,,27339,14,,,1,70,,27353,14,,,1,30,,27348,14,,,1,70,,27352,14,,,1,30,,27347,14,,,1,70,,27322,14,,,1,30,,27349,14,,,1,68,,27351,14,,,1,30,,27354,14,,,1
5701,'57-Saturday-10000010',751,,28710,17,,,1,100,,28709,17,,,1,101,,28703,17,,,1,100,,28702,17,,,1,100,,28707,17,,,1,100,,28706,17,,,1,100,,28705,17,,,1,100,,28704,17,,,1,100,,28708,17,,,1,100,,28713,17,,,1,100,,28712,17,,,1,100,,28711,17,,,1
5701,'57-Weekday-11111100',650,,28741,17,,,1,74,,28714,17,,,1,30,,28715,17,,,1,70,,28716,17,,,1,30,,28717,17,,,1,70,,28718,17,,,1,28,,28719,17,,,1,70,,28720,17,,,1,30,,28721,17,,,1,70,,28722,17,,,1,30,,28724,17,,,1,70,,28723,17,,,1,30,,28725,17,,,1,70,,28726,17,,,1,30,,28727,17,,,1,70,,28728,17,,,1,33,,28729,17,,,1,70,,28731,17,,,1,30,,28730,17,,,1,70,,28732,17,,,1,30,,28733,17,,,1,70,,28734,17,,,1,30,,28735,17,,,1,67,,28736,17,,,1,30,,28737,17,,,1,70,,28742,17,,,1,30,,28738,17,,,1,70,,28743,17,,,1,30,,28739,17,,,1,70,,28745,17,,,1,30,,28740,17,,,1,70,,28744,17,,,1
6101,'61-Holiday1-11111111',838,,29207,25,,,1,70,,29208,25,,,1,30,,29209,25,,,1,71,,29210,25,,,1,34,,29211,25,,,1,70,,29212,25,,,1,30,,29213,25,,,1,70,,29214,25,,,1,30,,29215,25,,,1,70,,29216,25,,,1,30,,29217,25,,,1,70,,29218,25,,,1,30,,29219,25,,,1,70,,29220,25,,,1,30,,29221,25,,,1,70,,29222,25,,,1,30,,29223,25,,,1,70,,29224,25,,,1,30,,29225,25,,,1,68,,29226,25,,,1,27,,29227,25,,,1,70,,29228,25,,,1,30,,29229,25,,,1,70,,29230,25,,,1,30,,29231,25,,,1,70,,29232,25,,,1,30,,29233,25,,,1,70,,29234,25,,,1,30,,29235,25,,,1
6101,'61-Saturday-10000010',710,,29259,25,,,1,30,,29260,25,,,1,70,,29261,25,,,1,28,,29270,18,,,1,2,,29262,25,,,1,69,,29263,25,,,1,31,,29264,25,,,1,70,,29265,25,,,1,30,,29266,25,,,1,70,,29269,25,,,1,30,,29267,25,,,1,70,,29268,25,,,1,30,,29239,25,,,1,70,,29238,25,,,1,30,,29240,25,,,1,70,,29237,25,,,1,30,,29241,25,,,1,70,,29242,25,,,1,30,,29243,25,,,1,70,,29244,25,,,1,30,,29245,25,,,1,70,,29246,25,,,1,30,,29258,25,,,1,71,,29257,25,,,1,30,,29256,25,,,1,70,,29255,25,,,1,30,,29254,25,,,1,70,,29253,25,,,1,30,,29252,25,,,1,70,,29251,25,,,1,30,,29250,25,,,1,70,,29249,25,,,1,30,,29248,25,,,1,70,,29247,25,,,1
6101,'61-Sunday-10000001',838,,29300,25,,,1,70,,29299,25,,,1,30,,29298,25,,,1,71,,29297,25,,,1,34,,29296,25,,,1,70,,29295,25,,,1,30,,29280,25,,,1,70,,29281,25,,,1,30,,29282,25,,,1,70,,29283,25,,,1,30,,29284,25,,,1,70,,29285,25,,,1,30,,29286,25,,,1,70,,29287,25,,,1,30,,29288,25,,,1,70,,29289,25,,,1,30,,29291,25,,,1,70,,29292,25,,,1,30,,29293,25,,,1,68,,29290,25,,,1,27,,29294,25,,,1,70,,29274,25,,,1,30,,29273,25,,,1,70,,29279,25,,,1,30,,29272,25,,,1,70,,29278,25,,,1,30,,29277,25,,,1,70,,29275,25,,,1,30,,29276,25,,,1
6101,'61-Weekday-11111100',639,,29324,25,,,1,69,,29330,25,,,1,17,,29346,25,,,1,15,,29331,25,,,1,15,,29340,25,,,1,55,,29332,25,,,1,15,,29345,25,,,1,15,,29333,25,,,1,15,,29336,25,,,1,55,,29334,25,,,1,15,,29342,25,,,1,15,,29335,25,,,1,15,,29339,25,,,1,55,,29327,25,,,1,30,,29328,25,,,1,70,,29329,25,,,1,30,,29326,25,,,1,70,,29325,25,,,1,30,,29303,25,,,1,70,,29304,25,,,1,30,,29305,25,,,1,70,,29306,25,,,1,32,,29307,25,,,1,58,,29344,25,,,1,15,,29308,25,,,1,15,,29338,25,,,1,15,,29309,25,,,1,55,,29347,25,,,1,15,,29310,25,,,1,15,,29348,25,,,1,15,,29311,25,,,1,55,,29349,25,,,1,15,,29312,25,,,1,15,,29337,25,,,1,15,,29313,25,,,1,55,,29341,25,,,1,14,,29314,25,,,1,11,,29343,25,,,1,15,,29315,25,,,1,70,,29316,25,,,1,15,,29350,25,,,1,15,,29317,25,,,1,70,,29318,25,,,1,30,,29319,25,,,1,70,,29320,25,,,1,30,,29351,25,,,1,70,,29321,25,,,1,28,,29322,25,,,1,70,,29323,25,,,1
7601,'76-Weekday-11111100',641,,29876,11,,,1,70,,29877,11,,,1,30,,29878,11,,,1,70,,29879,11,,,1,30,,29880,11,,,1,70,,29881,11,,,1,29,,29882,11,,,1,70,,29883,11,,,1,430,,29884,11,,,1,71,,29885,11,,,1,30,,29886,11,,,1,70,,29887,11,,,1,30,,29888,11,,,1,70,,29889,11,,,1,30,,29890,11,,,1,70,,29891,11,,,1,30,,29892,11,,,1
20101,'201-Holiday1-10000001',759,,30169,34,,,1,70,,30170,34,,,1,30,,30171,34,,,1,70,,30172,34,,,1,30,,30173,34,,,1,71,,30174,34,,,1,71,,30175,34,,,1,30,,30176,34,,,1,70,,30177,34,,,1,30,,30178,34,,,1,70,,30168,34,,,1,30,,30179,34,,,1,70,,30180,34,,,1,30,,30181,34,,,1,70,,30182,34,,,1,30,,30183,34,,,1,70,,30184,34,,,1,30,,30185,34,,,1,70,,30186,34,,,1,30,,30187,34,,,1,70,,30188,34,,,1,29,,30189,34,,,1,29,,30190,34,,,1,70,,30191,34,,,1,30,,30192,34,,,1,70,,30193,34,,,1,30,,30194,34,,,1,70,,30195,34,,,1,30,,30196,34,,,1,70,,30197,34,,,1,30,,30198,34,,,1,70,,30199,34,,,1,30,,30200,34,,,1,70,,30201,34,,,1,30,,30202,34,,,1
20101,'201-Saturday-10000010',729,,30238,34,,,1,30,,30203,34,,,1,70,,30204,34,,,1,30,,30205,34,,,1,71,,30206,34,,,1,72,,30207,34,,,1,30,,30208,34,,,1,70,,30209,34,,,1,30,,30210,34,,,1,70,,30211,34,,,1,30,,30212,34,,,1,70,,30213,34,,,1,30,,30214,34,,,1,70,,30215,34,,,1,30,,30216,34,,,1,70,,30217,34,,,1,30,,30218,34,,,1,70,,30219,34,,,1,30,,30220,34,,,1,70,,30221,34,,,1,30,,30222,34,,,1,70,,30223,34,,,1,29,,30224,34,,,1,28,,30225,34,,,1,70,,30226,34,,,1,30,,30227,34,,,1,70,,30228,34,,,1,30,,30229,34,,,1,70,,30230,34,,,1,30,,30231,34,,,1,70,,30232,34,,,1,30,,30233,34,,,1,70,,30234,34,,,1,30,,30235,34,,,1,70,,30236,34,,,1
20101,'201-Sunday-10000001',759,,30240,34,,,1,70,,30241,34,,,1,30,,30242,34,,,1,70,,30243,34,,,1,30,,30244,34,,,1,71,,30245,34,,,1,71,,30246,34,,,1,30,,30247,34,,,1,70,,30248,34,,,1,30,,30249,34,,,1,70,,30239,34,,,1,30,,30250,34,,,1,70,,30251,34,,,1,30,,30252,34,,,1,70,,30253,34,,,1,30,,30254,34,,,1,70,,30255,34,,,1,30,,30256,34,,,1,70,,30257,34,,,1,30,,30258,34,,,1,70,,30259,34,,,1,29,,30260,34,,,1,29,,30261,34,,,1,70,,30262,34,,,1,30,,30263,34,,,1,70,,30264,34,,,1,30,,30265,34,,,1,70,,30266,34,,,1,30,,30267,34,,,1,70,,30268,34,,,1,30,,30269,34,,,1,70,,30270,34,,,1,30,,30271,34,,,1,70,,30272,34,,,1,30,,30273,34,,,1
20101,'201-Weekday-11111100',613,,30348,34,,,1,30,,30349,34,,,1,15,,30307,34,,,1,55,,30310,34,,,1,18,,30308,34,,,1,7,,30347,18,,,1,11,,30311,34,,,1,7,,30346,18,,,1,50,,30305,34,,,1,10,,30312,34,,,1,10,,30334,34,,,1,10,,30304,34,,,1,10,,30313,34,,,1,10,,30335,34,,,1,50,,30274,34,,,1,10,,30314,34,,,1,10,,30336,34,,,1,10,,30309,34,,,1,9,,30315,34,,,1,10,,30337,34,,,1,49,,30306,34,,,1,10,,30316,34,,,1,10,,30338,34,,,1,12,,30275,34,,,1,10,,30317,34,,,1,10,,30351,34,,,1,50,,30276,34,,,1,10,,30318,34,,,1,10,,30352,34,,,1,10,,30277,34,,,1,10,,30319,34,,,1,10,,30353,34,,,1,50,,30278,34,,,1,10,,30320,34,,,1,10,,30354,34,,,1,10,,30279,34,,,1,10,,30321,34,,,1,10,,30355,34,,,1,50,,30280,34,,,1,10,,30322,34,,,1,10,,30356,34,,,1,10,,30281,34,,,1,10,,30323,34,,,1,10,,30357,34,,,1,50,,30282,34,,,1,10,,30324,34,,,1,10,,30358,34,,,1,10,,30283,34,,,1,12,,30325,34,,,1,10,,30359,34,,,1,54,,30284,34,,,1,11,,30360,34,,,1,10,,30326,34,,,1,10,,30285,34,,,1,10,,30327,34,,,1,50,,30339,34,,,1,10,,30286,34,,,1,10,,30328,34,,,1,10,,30340,34,,,1,10,,30287,34,,,1,10,,30329,34,,,1,50,,30341,34,,,1,10,,30292,34,,,1,10,,30330,34,,,1,10,,30343,34,,,1,10,,30288,34,,,1,10,,30331,34,,,1,50,,30342,34,,,1,9,,30289,34,,,1,9,,30332,34,,,1,8,,30344,34,,,1,8,,30290,34,,,1,10,,30333,34,,,1,9,,30345,34,,,1,49,,30291,34,,,1,15,,30293,34,,,1,15,,30361,34,,,1,15,,30294,34,,,1,55,,30362,34,,,1,15,,30295,34,,,1,15,,30363,34,,,1,15,,30296,34,,,1,55,,30364,34,,,1,15,,30297,34,,,1,15,,30365,34,,,1,15,,30298,34,,,1,55,,30366,34,,,1,14,,30299,34,,,1,13,,30367,34,,,1,13,,30300,34,,,1,83,,30301,34,,,1,30,,30302,34,,,1,75,,30303,34,,,1,70,,30350,34,,,1
20300,'203-Weekday-11111100',643,,30742,29,,,1,69,,30743,29,,,1,33,,30744,29,,,1,70,,30745,29,,,1,30,,30773,29,,,1,70,,30746,29,,,1,31,,30770,29,,,1,573,,30771,29,,,1,30,,30747,29,,,1,70,,30748,29,,,1,30,,30749,29,,,1,70,,30750,29,,,1,30,,30751,29,,,1,68,,30752,29,,,1
