800,'8-Holiday1-10000001',803,,1563,,,1,30,,1530,,,1,70,,1531,,,1,30,,1532,,,1,70,,1533,,,1,31,,1534,,,1,70,,1535,,,1,30,,1536,,,1,70,,1537,,,1,30,,1538,,,1,70,,1539,,,1,30,,1540,,,1,70,,1541,,,1,30,,1542,,,1,70,,1543,,,1,30,,1544,,,1,70,,1545,,,1,30,,1546,,,1,70,,1547,,,1,30,,1548,,,1,70,,1549,,,1,29,,1550,,,1,70,,1551,,,1,30,,1552,,,1,70,,1553,,,1,30,,1554,,,1,70,,1555,,,1,30,,1556,,,1,70,,1557,,,1,30,,1558,,,1,70,,1559,,,1,30,,1560,,,1,70,,1561,,,1,30,,1562,,,1
800,'8-Saturday-10000010',703,,1564,,,1,30,,1565,,,1,70,,1566,,,1,30,,1567,,,1,70,,1568,,,1,33,,1569,,,1,70,,1570,,,1,30,,1571,,,1,70,,1572,,,1,30,,1573,,,1,70,,1574,,,1,30,,1575,,,1,70,,1576,,,1,30,,1577,,,1,70,,1578,,,1,30,,1579,,,1,70,,1580,,,1,30,,1581,,,1,70,,1582,,,1,30,,1583,,,1,70,,1584,,,1,30,,1585,,,1,70,,1586,,,1,27,,1587,,,1,70,,1588,,,1,30,,1589,,,1,70,,1590,,,1,30,,1591,,,1,70,,1592,,,1,30,,1593,,,1,70,,1594,,,1,30,,1595,,,1,70,,1596,,,1,30,,1597,,,1,70,,1598,,,1,30,,1599,,,1
800,'8-Sunday-10000001',803,,1633,,,1,30,,1600,,,1,70,,1601,,,1,30,,1602,,,1,70,,1603,,,1,31,,1604,,,1,70,,1605,,,1,30,,1606,,,1,70,,1607,,,1,30,,1608,,,1,70,,1609,,,1,30,,1610,,,1,70,,1611,,,1,30,,1612,,,1,70,,1613,,,1,30,,1614,,,1,70,,1615,,,1,30,,1616,,,1,70,,1617,,,1,30,,1618,,,1,70,,1619,,,1,29,,1620,,,1,70,,1621,,,1,30,,1622,,,1,70,,1623,,,1,30,,1624,,,1,70,,1625,,,1,30,,1626,,,1,70,,1627,,,1,30,,1628,,,1,70,,1629,,,1,30,,1630,,,1,70,,1631,,,1,30,,1632,,,1
800,'8-Weekday-11111100',603,,1684,,,1,30,,1634,,,1,70,,1635,,,1,24,,1683,,,1,10,,1686,,,1,5,,1636,,,1,15,,1637,,,1,55,,1638,,,1,15,,1639,,,1,15,,1640,,,1,15,,1641,,,1,55,,1642,,,1,15,,1643,,,1,15,,1644,,,1,15,,1645,,,1,55,,1646,,,1,15,,1695,,,1,15,,1647,,,1,15,,1687,,,1,55,,1648,,,1,15,,1688,,,1,15,,1649,,,1,15,,1689,,,1,55,,1650,,,1,15,,1690,,,1,15,,1651,,,1,15,,1691,,,1,55,,1652,,,1,15,,1692,,,1,15,,1653,,,1,15,,1693,,,1,55,,1654,,,1,15,,1694,,,1,17,,1655,,,1,56,,1685,,,1,16,,1656,,,1,15,,1657,,,1,15,,1658,,,1,55,,1659,,,1,15,,1660,,,1,15,,1661,,,1,15,,1662,,,1,55,,1663,,,1,15,,1664,,,1,15,,1665,,,1,15,,1666,,,1,55,,1667,,,1,13,,1668,,,1,13,,1669,,,1,19,,1670,,,1,60,,1671,,,1,15,,1699,,,1,15,,1672,,,1,15,,1700,,,1,55,,1673,,,1,15,,1701,,,1,15,,1674,,,1,15,,1702,,,1,55,,1675,,,1,15,,1698,,,1,15,,1676,,,1,15,,1703,,,1,54,,1677,,,1,13,,1704,,,1,14,,1678,,,1,70,,1679,,,1,30,,1680,,,1,70,,1681,,,1,30,,1682,,,1,70,,1696,,,1
2901,'29-Saturday-10000010',734,,5034,,,1,70,,5035,,,1,30,,5036,,,1,70,,5037,,,1,30,,5038,,,1,70,,5039,,,1,30,,5040,,,1,70,,5041,,,1,30,,5042,,,1,70,,5043,,,1,30,,5044,,,1,70,,5045,,,1,30,,5046,,,1,70,,5047,,,1,30,,5048,,,1,70,,5049,,,1,30,,5050,,,1,70,,5051,,,1,30,,5052,,,1,70,,5053,,,1,30,,5054,,,1,70,,5055,,,1,30,,5056,,,1,70,,5057,,,1,30,,5058,,,1,70,,5059,,,1,30,,5060,,,1,70,,5061,,,1,30,,5062,,,1,70,,5063,,,1,30,,5064,,,1,70,,5065,,,1,30,,5066,,,1,100,,5067,,,1
2901,'29-Sunday-10000001',829,,5068,,,1,30,,5069,,,1,70,,5070,,,1,30,,5071,,,1,70,,5072,,,1,30,,5073,,,1,70,,5074,,,1,30,,5075,,,1,70,,5076,,,1,30,,5077,,,1,70,,5078,,,1,30,,5079,,,1,70,,5080,,,1,30,,5081,,,1,70,,5082,,,1,30,,5083,,,1,70,,5084,,,1,30,,5085,,,1,70,,5086,,,1,30,,5087,,,1,70,,5088,,,1,30,,5089,,,1,70,,5090,,,1,30,,5091,,,1,70,,5092,,,1,30,,5093,,,1,70,,5094,,,1,30,,5095,,,1,70,,5096,,,1,30,,5097,,,1,70,,5098,,,1,100,,5099,,,1
2901,'29-Weekday-11111100',558,,5136,,,1,59,,5102,,,1,30,,5103,,,1,74,,5104,,,1,30,,5105,,,1,70,,5106,,,1,30,,5107,,,1,70,,5108,,,1,29,,5109,,,1,70,,5110,,,1,30,,5111,,,1,70,,5112,,,1,30,,5113,,,1,70,,5114,,,1,30,,5115,,,1,70,,5116,,,1,30,,5117,,,1,70,,5101,,,1,33,,5100,,,1,70,,5118,,,1,30,,5119,,,1,70,,5120,,,1,30,,5121,,,1,70,,5122,,,1,30,,5123,,,1,68,,5124,,,1,30,,5125,,,1,70,,5126,,,1,30,,5127,,,1,70,,5128,,,1,30,,5129,,,1,70,,5130,,,1,30,,5131,,,1,66,,5132,,,1,30,,5133,,,1,70,,5134,,,1,30,,5135,,,1
20201,'202-Holiday1-10000001',751,,8985,,,1,70,,8986,,,1,30,,8987,,,1,70,,8984,,,1,30,,8988,,,1,70,,8989,,,1,30,,8990,,,1,70,,8991,,,1,30,,8992,,,1,70,,8993,,,1,30,,8994,,,1,70,,8995,,,1,30,,8996,,,1,70,,8997,,,1,30,,8998,,,1,70,,8999,,,1,30,,9000,,,1,70,,9001,,,1,30,,9002,,,1,70,,9003,,,1,30,,9004,,,1,70,,9005,,,1,30,,9006,,,1,70,,9007,,,1,30,,9008,,,1,70,,9009,,,1,30,,9010,,,1,70,,9011,,,1,30,,9012,,,1,70,,9013,,,1,30,,9014,,,1,70,,9015,,,1,30,,9016,,,1,70,,9017,,,1
20201,'202-Saturday-10000010',721,,9018,,,1,30,,9019,,,1,70,,9020,,,1,30,,9021,,,1,70,,9022,,,1,30,,9023,,,1,70,,9024,,,1,30,,9025,,,1,70,,9026,,,1,30,,9027,,,1,70,,9028,,,1,30,,9029,,,1,70,,9030,,,1,30,,9031,,,1,70,,9032,,,1,30,,9033,,,1,70,,9034,,,1,30,,9035,,,1,70,,9036,,,1,30,,9037,,,1,70,,9038,,,1,30,,9039,,,1,70,,9040,,,1,30,,9041,,,1,70,,9042,,,1,30,,9043,,,1,70,,9044,,,1,30,,9045,,,1,70,,9046,,,1,30,,9047,,,1,70,,9048,,,1,30,,9049,,,1,70,,9050,,,1,30,,9051,,,1,70,,9052,,,1
20201,'202-Sunday-10000001',751,,9054,,,1,70,,9055,,,1,30,,9056,,,1,70,,9053,,,1,30,,9057,,,1,70,,9058,,,1,30,,9059,,,1,70,,9060,,,1,30,,9061,,,1,70,,9062,,,1,30,,9063,,,1,70,,9064,,,1,30,,9065,,,1,70,,9066,,,1,30,,9067,,,1,70,,9068,,,1,30,,9069,,,1,70,,9070,,,1,30,,9071,,,1,70,,9072,,,1,30,,9073,,,1,70,,9074,,,1,30,,9075,,,1,70,,9076,,,1,30,,9077,,,1,70,,9078,,,1,30,,9079,,,1,70,,9080,,,1,30,,9081,,,1,70,,9082,,,1,30,,9083,,,1,70,,9084,,,1,30,,9085,,,1,70,,9086,,,1
20201,'202-Weekday-11111100',620,,9088,,,1,30,,9089,,,1,73,,9090,,,1,10,,9145,,,1,10,,9123,,,1,10,,9091,,,1,50,,9146,,,1,10,,9124,,,1,10,,9092,,,1,10,,9147,,,1,10,,9125,,,1,10,,9087,,,1,50,,9148,,,1,10,,9126,,,1,10,,9093,,,1,10,,9149,,,1,9,,9127,,,1,10,,9094,,,1,50,,9128,,,1,15,,9095,,,1,15,,9129,,,1,15,,9096,,,1,55,,9130,,,1,15,,9097,,,1,15,,9131,,,1,15,,9098,,,1,55,,9132,,,1,15,,9099,,,1,15,,9133,,,1,15,,9100,,,1,55,,9134,,,1,15,,9101,,,1,15,,9135,,,1,15,,9102,,,1,55,,9136,,,1,15,,9103,,,1,15,,9137,,,1,22,,9104,,,1,50,,9150,,,1,10,,9138,,,1,10,,9105,,,1,10,,9151,,,1,10,,9139,,,1,10,,9106,,,1,50,,9152,,,1,10,,9140,,,1,10,,9107,,,1,10,,9153,,,1,10,,9141,,,1,10,,9108,,,1,50,,9154,,,1,10,,9142,,,1,10,,9109,,,1,10,,9155,,,1,10,,9143,,,1,10,,9110,,,1,50,,9156,,,1,9,,9144,,,1,9,,9111,,,1,30,,9122,,,1,70,,9112,,,1,30,,9113,,,1,70,,9114,,,1,30,,9115,,,1,70,,9116,,,1,30,,9117,,,1,69,,9118,,,1,30,,9119,,,1,70,,9120,,,1,30,,9121,,,1
