5600,'56-Holiday1-11111111',813,,6955,19,,,1,45,,6956,19,,,1,85,,6957,19,,,1,86,,6958,19,,,1,85,,6959,19,,,1,45,,6960,19,,,1,85,,6961,19,,,1,85,,6962,19,,,1,85,,6963,19,,,1,45,,6964,19,,,1,85,,6965,19,,,1,85,,6966,19,,,1,85,,6967,19,,,1,45,,6968,19,,,1,84,,6969,19,,,1,85,,6970,19,,,1,85,,6971,19,,,1,45,,6972,19,,,1,85,,6973,19,,,1,85,,6974,19,,,1,85,,6975,19,,,1
5600,'56-Saturday-10000010',659,,6976,19,,,1,85,,6977,19,,,1,70,,6978,19,,,1,30,,6979,19,,,1,70,,6980,19,,,1,30,,6981,19,,,1,70,,6982,19,,,1,30,,6983,19,,,1,70,,6984,19,,,1,30,,6985,19,,,1,70,,6986,19,,,1,30,,6987,19,,,1,70,,6988,19,,,1,30,,6989,19,,,1,70,,6990,19,,,1,30,,6991,19,,,1,70,,6992,19,,,1,30,,6993,19,,,1,70,,6994,19,,,1,30,,6995,19,,,1,70,,6996,19,,,1,30,,6997,19,,,1,70,,6998,19,,,1,45,,6999,19,,,1,85,,7000,19,,,1,85,,7001,19,,,1,85,,7002,19,,,1,45,,7003,19,,,1,85,,7004,19,,,1,85,,7005,19,,,1
5600,'56-Sunday-10000001',843,,7006,19,,,1,70,,7007,19,,,1,30,,7008,19,,,1,71,,7009,19,,,1,30,,7010,19,,,1,70,,7011,19,,,1,30,,7012,19,,,1,70,,7013,19,,,1,30,,7014,19,,,1,70,,7015,19,,,1,30,,7016,19,,,1,70,,7017,19,,,1,30,,7018,19,,,1,70,,7019,19,,,1,30,,7020,19,,,1,70,,7021,19,,,1,30,,7022,19,,,1,70,,7023,19,,,1,30,,7024,19,,,1,69,,7025,19,,,1,45,,7026,19,,,1,85,,7027,19,,,1,85,,7028,19,,,1,85,,7029,19,,,1,45,,7030,19,,,1,85,,7031,19,,,1,85,,7032,19,,,1
5600,'56-Weekday-11111100',542,,7066,19,,,1,70,,7067,19,,,1,30,,7068,19,,,1,72,,7069,19,,,1,30,,7033,19,,,1,70,,7034,19,,,1,30,,7035,19,,,1,70,,7036,19,,,1,30,,7065,19,,,1,70,,7064,19,,,1,30,,7063,19,,,1,70,,7062,19,,,1,30,,7061,19,,,1,70,,7060,19,,,1,30,,7059,19,,,1,70,,7058,19,,,1,30,,7057,19,,,1,70,,7056,19,,,1,33,,7055,19,,,1,70,,7054,19,,,1,30,,7053,19,,,1,70,,7052,19,,,1,30,,7051,19,,,1,70,,7050,19,,,1,30,,7049,19,,,1,67,,7048,19,,,1,30,,7047,19,,,1,70,,7046,19,,,1,30,,7045,19,,,1,70,,7044,19,,,1,30,,7043,19,,,1,70,,7042,19,,,1,30,,7041,19,,,1,68,,7040,19,,,1,30,,7039,19,,,1,70,,7038,19,,,1,30,,7037,19,,,1
6100,'61-Holiday1-11111111',843,,7624,19,,,1,70,,7596,19,,,1,30,,7597,19,,,1,72,,7598,19,,,1,31,,7599,19,,,1,70,,7600,19,,,1,30,,7601,19,,,1,70,,7602,19,,,1,30,,7603,19,,,1,70,,7604,19,,,1,30,,7605,19,,,1,70,,7606,19,,,1,30,,7607,19,,,1,70,,7608,19,,,1,30,,7609,19,,,1,70,,7610,19,,,1,30,,7611,19,,,1,70,,7612,19,,,1,30,,7613,19,,,1,68,,7614,19,,,1,24,,7615,19,,,1,70,,7616,19,,,1,30,,7617,19,,,1,70,,7618,19,,,1,30,,7619,19,,,1,70,,7620,19,,,1,30,,7621,19,,,1,70,,7622,19,,,1,30,,7623,19,,,1
6100,'61-Saturday-10000010',632,,7625,12,,,1,114,,7649,19,,,1,70,,7650,19,,,1,30,,7651,19,,,1,69,,7652,19,,,1,30,,7653,19,,,1,70,,7654,19,,,1,30,,7656,19,,,1,70,,7655,19,,,1,30,,7635,19,,,1,70,,7636,19,,,1,30,,7637,19,,,1,70,,7638,19,,,1,30,,7639,19,,,1,70,,7640,19,,,1,30,,7641,19,,,1,70,,7642,19,,,1,30,,7643,19,,,1,70,,7644,19,,,1,30,,7645,19,,,1,70,,7646,19,,,1,30,,7647,19,,,1,71,,7648,19,,,1,30,,7626,19,,,1,70,,7627,19,,,1,30,,7628,19,,,1,70,,7629,19,,,1,30,,7630,19,,,1,70,,7631,19,,,1,30,,7632,19,,,1,70,,7657,19,,,1,30,,7633,19,,,1,70,,7634,19,,,1,30,,7658,19,,,1
6100,'61-Sunday-10000001',843,,7664,19,,,1,70,,7663,19,,,1,30,,7662,19,,,1,72,,7661,19,,,1,31,,7660,19,,,1,70,,7659,19,,,1,30,,7673,19,,,1,70,,7672,19,,,1,30,,7671,19,,,1,70,,7670,19,,,1,30,,7669,19,,,1,70,,7668,19,,,1,30,,7667,19,,,1,70,,7666,19,,,1,30,,7665,19,,,1,70,,7687,19,,,1,30,,7685,19,,,1,70,,7686,19,,,1,30,,7684,19,,,1,68,,7683,19,,,1,24,,7682,19,,,1,70,,7681,19,,,1,30,,7680,19,,,1,70,,7678,19,,,1,30,,7677,19,,,1,70,,7676,19,,,1,30,,7675,19,,,1,70,,7674,19,,,1,30,,7679,19,,,1
6100,'61-Weekday-11111100',603,,7721,12,,,1,38,,7700,19,,,1,71,,7701,19,,,1,31,,7708,19,,,1,15,,7722,19,,,1,55,,7709,19,,,1,15,,7723,19,,,1,15,,7705,19,,,1,15,,7724,19,,,1,55,,7702,19,,,1,15,,7725,19,,,1,15,,7704,19,,,1,57,,7726,19,,,1,15,,7703,19,,,1,15,,7727,19,,,1,15,,7710,19,,,1,55,,7728,19,,,1,15,,7688,19,,,1,15,,7729,19,,,1,15,,7711,19,,,1,55,,7730,19,,,1,15,,7712,19,,,1,15,,7731,19,,,1,15,,7689,19,,,1,55,,7732,19,,,1,15,,7690,19,,,1,15,,7733,19,,,1,15,,7691,19,,,1,55,,7734,19,,,1,15,,7750,19,,,1,15,,7735,19,,,1,17,,7692,19,,,1,55,,7736,19,,,1,15,,7693,19,,,1,15,,7737,19,,,1,15,,7694,19,,,1,55,,7738,19,,,1,15,,7695,19,,,1,15,,7739,19,,,1,15,,7696,19,,,1,55,,7740,19,,,1,15,,7697,19,,,1,15,,7741,19,,,1,15,,7698,19,,,1,55,,7742,19,,,1,13,,7699,19,,,1,15,,7743,19,,,1,15,,7707,19,,,1,55,,7744,19,,,1,15,,7706,19,,,1,15,,7745,19,,,1,15,,7720,19,,,1,55,,7749,19,,,1,15,,7719,19,,,1,15,,7746,19,,,1,15,,7718,19,,,1,55,,7747,19,,,1,15,,7717,19,,,1,15,,7748,19,,,1,15,,7716,19,,,1,55,,7751,19,,,1,14,,7752,19,,,1,14,,7753,19,,,1,15,,7715,19,,,1,70,,7714,19,,,1,30,,7713,19,,,1
20601,'206-Holiday1-10000001',803,,10302,10,,,1,30,,10272,10,,,1,70,,10291,10,,,1,30,,10290,10,,,1,71,,10289,10,,,1,32,,10288,10,,,1,70,,10287,10,,,1,30,,10286,10,,,1,70,,10285,10,,,1,30,,10284,10,,,1,70,,10283,10,,,1,30,,10282,10,,,1,70,,10281,10,,,1,30,,10280,10,,,1,70,,10279,10,,,1,30,,10278,10,,,1,70,,10277,10,,,1,30,,10276,10,,,1,70,,10275,10,,,1,30,,10274,10,,,1,70,,10273,10,,,1,28,,10292,10,,,1,70,,10301,10,,,1,30,,10300,10,,,1,70,,10299,10,,,1,30,,10298,10,,,1,70,,10297,10,,,1,30,,10296,10,,,1,70,,10295,10,,,1,30,,10294,10,,,1,70,,10293,10,,,1,30,,10303,10,0,14 15,1
20601,'206-Saturday-10000010',647,,10315,10,,,1,70,,10316,10,,,1,20,,10317,10,,,1,70,,10318,10,,,1,30,,10319,10,,,1,71,,10320,10,,,1,29,,10321,10,,,1,70,,10322,10,,,1,30,,10323,10,,,1,70,,10324,10,,,1,30,,10325,10,,,1,70,,10326,10,,,1,30,,10327,10,,,1,70,,10328,10,,,1,30,,10329,10,,,1,70,,10330,10,,,1,30,,10331,10,,,1,70,,10332,10,,,1,30,,10333,10,,,1,70,,10334,10,,,1,30,,10335,10,,,1,70,,10336,10,,,1,30,,10337,10,,,1,69,,10338,10,,,1,28,,10339,10,,,1,70,,10314,10,,,1,30,,10312,10,,,1,70,,10311,10,,,1,30,,10308,10,,,1,70,,10310,10,,,1,30,,10309,10,,,1,70,,10313,10,,,1,30,,10307,10,,,1,70,,10306,10,,,1,30,,10341,10,0,14 15,1,70,,10340,10,0,14 15,1
20601,'206-Sunday-10000001',803,,10342,10,,,1,30,,10343,10,,,1,70,,10344,10,,,1,30,,10345,10,,,1,71,,10346,10,,,1,32,,10347,10,,,1,70,,10348,10,,,1,30,,10349,10,,,1,70,,10350,10,,,1,30,,10351,10,,,1,70,,10352,10,,,1,30,,10353,10,,,1,70,,10354,10,,,1,30,,10355,10,,,1,70,,10356,10,,,1,30,,10357,10,,,1,70,,10358,10,,,1,30,,10359,10,,,1,70,,10360,10,,,1,30,,10361,10,,,1,70,,10362,10,,,1,28,,10363,10,,,1,70,,10364,10,,,1,30,,10365,10,,,1,70,,10366,10,,,1,30,,10367,10,,,1,70,,10368,10,,,1,30,,10369,10,,,1,70,,10370,10,,,1,30,,10371,10,,,1,70,,10372,10,,,1,30,,10375,10,0,14 15,1,70,,10374,10,0,14 15,1
20601,'206-Weekday-11111100',554,,10427,8,,,1,55,,10424,10,,,1,20,,10376,10,,,1,20,,10425,10,,,1,61,,10418,10,,,1,23,,10419,10,,,1,20,,10426,10,,,1,60,,10420,10,,,1,20,,10421,10,,,1,20,,10422,10,,,1,60,,10423,10,,,1,20,,10414,10,,,1,19,,10407,10,,,1,60,,10412,10,,,1,20,,10408,10,,,1,20,,10392,10,,,1,60,,10391,10,,,1,20,,10415,10,,,1,20,,10409,10,,,1,60,,10395,10,,,1,20,,10416,10,,,1,20,,10410,10,,,1,60,,10411,10,,,1,20,,10396,10,,,1,20,,10394,10,,,1,60,,10390,10,,,1,20,,10393,10,,,1,22,,10397,10,,,1,60,,10413,10,,,1,20,,10399,10,,,1,20,,10398,10,,,1,60,,10400,10,,,1,20,,10401,10,,,1,20,,10402,10,,,1,60,,10403,10,,,1,20,,10404,10,,,1,20,,10405,10,,,1,58,,10406,10,,,1,20,,10417,10,,,1,20,,10377,10,,,1,70,,10378,10,,,1,30,,10379,10,,,1,70,,10380,10,,,1,30,,10381,10,,,1,70,,10382,10,,,1,30,,10385,10,,,1,67,,10387,10,,,1,30,,10428,10,,,1,70,,10388,10,,,1,30,,10386,10,0,14 15,1,70,,10389,10,0,14 15,1
