1200,'12-Saturday-10000010',642,,2507,25,,,1,69,,2508,46,,,1,30,,2472,46,,,1,70,,2473,46,,,1,30,,2474,46,,,1,72,,2475,46,,,1,30,,2476,46,,,1,70,,2477,46,,,1,30,,2478,46,,,1,70,,2479,46,,,1,30,,2480,46,,,1,70,,2481,46,,,1,30,,2482,46,,,1,70,,2483,46,,,1,30,,2484,46,,,1,70,,2485,46,,,1,30,,2486,46,,,1,70,,2487,46,,,1,30,,2488,46,,,1,70,,2489,46,,,1,30,,2490,46,,,1,70,,2491,46,,,1,30,,2492,46,,,1,70,,2493,46,,,1,30,,2494,46,,,1,70,,2495,46,,,1,30,,2496,46,,,1,70,,2497,46,,,1,30,,2498,46,,,1,70,,2499,46,,,1,30,,2500,46,,,1,68,,2501,46,,,1,30,,2502,46,,,1,70,,2503,46,,,1,30,,2504,46,,,1,70,,2505,46,,,1,30,,2506,46,,,1
1200,'12-Sunday-10000001',740,,2541,25,,,1,71,,2542,46,,,1,30,,2509,46,,,1,70,,2510,46,,,1,30,,2511,46,,,1,72,,2512,46,,,1,30,,2513,46,,,1,70,,2514,46,,,1,30,,2515,46,,,1,70,,2516,46,,,1,30,,2517,46,,,1,70,,2518,46,,,1,30,,2519,46,,,1,70,,2520,46,,,1,30,,2521,46,,,1,70,,2522,46,,,1,30,,2523,46,,,1,70,,2524,46,,,1,30,,2525,46,,,1,70,,2526,46,,,1,30,,2527,46,,,1,68,,2528,46,,,1,30,,2529,46,,,1,70,,2530,46,,,1,30,,2531,46,,,1,70,,2532,46,,,1,30,,2533,46,,,1,70,,2534,46,,,1,30,,2535,46,,,1,70,,2536,46,,,1,30,,2537,46,,,1,70,,2538,46,,,1,30,,2539,46,,,1,70,,2540,46,,,1
1200,'12-Weekday-11111100',552,,2595,25,,,1,60,,2591,25,,,1,28,,2543,46,,,1,17,,2592,25,,,1,57,,2544,46,,,1,18,,2590,25,,,1,15,,2545,46,,,1,55,,2546,46,,,1,15,,2547,46,,,1,15,,2548,46,,,1,15,,2549,46,,,1,55,,2550,46,,,1,15,,2551,46,,,1,15,,2552,46,,,1,14,,2553,46,,,1,54,,2594,46,,,1,14,,2554,46,,,1,15,,2599,46,,,1,15,,2555,46,,,1,15,,2598,46,,,1,55,,2556,46,,,1,15,,2605,46,,,1,15,,2557,46,,,1,15,,2604,46,,,1,55,,2558,46,,,1,15,,2603,46,,,1,15,,2559,46,,,1,15,,2602,46,,,1,55,,2560,46,,,1,15,,2601,46,,,1,15,,2561,46,,,1,15,,2600,46,,,1,55,,2562,46,,,1,15,,2597,46,,,1,15,,2563,46,,,1,56,,2596,46,,,1,17,,2593,46,,,1,15,,2564,46,,,1,15,,2565,46,,,1,55,,2566,46,,,1,15,,2567,46,,,1,15,,2568,46,,,1,15,,2569,46,,,1,55,,2570,46,,,1,15,,2571,46,,,1,15,,2572,46,,,1,15,,2573,46,,,1,55,,2574,46,,,1,14,,2575,46,,,1,14,,2589,46,,,1,14,,2576,46,,,1,15,,2606,46,,,1,55,,2577,46,,,1,15,,2607,46,,,1,15,,2578,46,,,1,15,,2608,46,,,1,55,,2579,46,,,1,15,,2609,46,,,1,15,,2580,46,,,1,15,,2610,46,,,1,55,,2581,46,,,1,15,,2611,46,,,1,15,,2582,46,,,1,15,,2612,46,,,1,53,,2583,46,,,1,12,,2613,46,,,1,14,,2584,46,,,1,70,,2585,46,,,1,30,,2586,46,,,1,70,,2587,46,,,1,30,,2588,46,,,1
2900,'29-Saturday-10000010',714,,5067,25,,,1,30,,5068,25,,,1,70,,5069,25,,,1,30,,5070,25,,,1,71,,5071,25,,,1,30,,5072,25,,,1,70,,5073,25,,,1,30,,5074,25,,,1,70,,5075,25,,,1,30,,5076,25,,,1,70,,5077,25,,,1,30,,5078,25,,,1,70,,5079,25,,,1,30,,5080,25,,,1,70,,5081,25,,,1,30,,5082,25,,,1,70,,5083,25,,,1,30,,5084,25,,,1,70,,5085,25,,,1,30,,5086,25,,,1,70,,5087,25,,,1,30,,5088,25,,,1,69,,5089,25,,,1,30,,5090,25,,,1,70,,5091,25,,,1,30,,5092,25,,,1,70,,5093,25,,,1,30,,5094,25,,,1,70,,5095,25,,,1,30,,5096,25,,,1,70,,5097,25,,,1,30,,5098,25,,,1,70,,5099,25,,,1,30,,5100,25,,,1,100,,5101,25,,,1
2900,'29-Sunday-10000001',914,,5102,25,,,1,30,,5103,25,,,1,71,,5104,25,,,1,30,,5105,25,,,1,70,,5106,25,,,1,30,,5107,25,,,1,70,,5108,25,,,1,30,,5109,25,,,1,70,,5110,25,,,1,30,,5111,25,,,1,70,,5112,25,,,1,30,,5113,25,,,1,70,,5114,25,,,1,30,,5115,25,,,1,70,,5116,25,,,1,30,,5117,25,,,1,70,,5118,25,,,1,30,,5119,25,,,1,70,,5120,25,,,1,30,,5121,25,,,1,70,,5122,25,,,1,30,,5123,25,,,1,70,,5124,25,,,1,30,,5125,25,,,1,70,,5126,25,,,1,30,,5127,25,,,1,69,,5128,25,,,1,30,,5129,25,,,1,70,,5130,25,,,1,30,,5131,25,,,1,100,,5132,25,,,1
2900,'29-Weekday-11111100',604,,5169,25,,,1,40,,5166,25,,,1,61,,5168,25,,,1,44,,5167,25,,,1,70,,5142,25,,,1,30,,5143,25,,,1,70,,5144,25,,,1,29,,5145,25,,,1,70,,5146,25,,,1,30,,5147,25,,,1,70,,5148,25,,,1,30,,5149,25,,,1,70,,5150,25,,,1,30,,5151,25,,,1,70,,5152,25,,,1,30,,5153,25,,,1,70,,5154,25,,,1,31,,5155,25,,,1,70,,5156,25,,,1,30,,5157,25,,,1,70,,5158,25,,,1,30,,5159,25,,,1,70,,5160,25,,,1,30,,5161,25,,,1,68,,5162,25,,,1,30,,5163,25,,,1,70,,5164,25,,,1,30,,5165,25,,,1,70,,5141,25,,,1,30,,5140,25,,,1,70,,5139,25,,,1,30,,5133,25,,,1,66,,5138,25,,,1,20,,5136,25,,,1,70,,5137,25,,,1,30,,5135,25,,,1,70,,5134,25,,,1
9101,'91-Saturday-10000010',2443,,8538,5,0,25 26 27,1,70,,8539,5,0,25 26 27,1,30,,8540,5,0,25 26 27,1
9101,'91-Weekday-10001100',2443,,8541,5,0,25 26 27,1,70,,8542,5,0,25 26 27,1,30,,8543,5,0,25 26 27,1
20200,'202-Saturday-10000010',633,,9014,11,,,1,70,,8979,11,,,1,30,,8980,11,,,1,70,,8981,11,,,1,30,,8982,11,,,1,70,,8983,11,,,1,31,,8984,11,,,1,70,,8985,11,,,1,30,,8986,11,,,1,70,,8987,11,,,1,30,,8988,11,,,1,70,,8989,11,,,1,30,,8990,11,,,1,70,,8991,11,,,1,30,,8992,11,,,1,70,,8993,11,,,1,30,,8994,11,,,1,70,,8995,11,,,1,30,,8996,11,,,1,70,,8997,11,,,1,30,,8998,11,,,1,70,,8999,11,,,1,30,,9000,11,,,1,70,,9001,11,,,1,29,,9002,11,,,1,70,,9003,11,,,1,30,,9004,11,,,1,70,,9005,11,,,1,30,,9006,11,,,1,70,,9007,11,,,1,30,,9008,11,,,1,70,,9009,11,,,1,30,,9010,11,,,1,70,,9011,11,,,1,30,,9012,11,,,1,70,,9013,11,,,1
20200,'202-Sunday-10000001',733,,9016,11,,,1,70,,9017,11,,,1,30,,9018,11,,,1,70,,9019,11,,,1,30,,9020,11,,,1,70,,9021,11,,,1,31,,9022,11,,,1,70,,9023,11,,,1,30,,9024,11,,,1,70,,9025,11,,,1,30,,9015,11,,,1,70,,9026,11,,,1,30,,9027,11,,,1,70,,9028,11,,,1,30,,9029,11,,,1,70,,9030,11,,,1,30,,9031,11,,,1,70,,9032,11,,,1,30,,9033,11,,,1,70,,9034,11,,,1,30,,9035,11,,,1,70,,9036,11,,,1,29,,9037,11,,,1,70,,9038,11,,,1,30,,9039,11,,,1,70,,9040,11,,,1,30,,9041,11,,,1,70,,9042,11,,,1,30,,9043,11,,,1,70,,9044,11,,,1,30,,9045,11,,,1,70,,9046,11,,,1,30,,9047,11,,,1,70,,9048,11,,,1
20200,'202-Weekday-11111100',606,,9083,11,,,1,30,,9084,11,,,1,71,,9085,11,,,1,22,,9050,11,,,1,10,,9086,11,,,1,10,,9108,11,,,1,10,,9051,11,,,1,50,,9087,11,,,1,10,,9109,11,,,1,10,,9049,11,,,1,10,,9088,11,,,1,10,,9110,11,,,1,10,,9052,11,,,1,50,,9089,11,,,1,10,,9111,11,,,1,10,,9053,11,,,1,9,,9090,11,,,1,10,,9112,11,,,1,10,,9054,11,,,1,65,,9091,11,,,1,15,,9055,11,,,1,15,,9092,11,,,1,55,,9056,11,,,1,15,,9093,11,,,1,15,,9057,11,,,1,15,,9094,11,,,1,55,,9058,11,,,1,15,,9095,11,,,1,15,,9059,11,,,1,15,,9096,11,,,1,55,,9060,11,,,1,15,,9097,11,,,1,15,,9061,11,,,1,15,,9098,11,,,1,55,,9062,11,,,1,15,,9099,11,,,1,17,,9063,11,,,1,15,,9100,11,,,1,50,,9064,11,,,1,10,,9101,11,,,1,10,,9113,11,,,1,10,,9065,11,,,1,10,,9102,11,,,1,10,,9114,11,,,1,50,,9066,11,,,1,10,,9103,11,,,1,10,,9115,11,,,1,10,,9067,11,,,1,10,,9104,11,,,1,10,,9116,11,,,1,50,,9068,11,,,1,10,,9105,11,,,1,10,,9117,11,,,1,10,,9069,11,,,1,10,,9106,11,,,1,10,,9118,11,,,1,49,,9070,11,,,1,9,,9107,11,,,1,10,,9119,11,,,1,10,,9071,11,,,1,70,,9072,11,,,1,30,,9073,11,,,1,70,,9074,11,,,1,30,,9075,11,,,1,70,,9076,11,,,1,30,,9077,11,,,1,70,,9078,11,,,1,28,,9079,11,,,1,70,,9080,11,,,1,30,,9081,11,,,1,70,,9082,11,,,1
