1000,'10-Weekday-11111100',717,,2297,3,0,39 6,1,30,,2273,3,0,39 6,1,70,,2274,3,0,39 6,1,30,,2275,3,0,39 6,1,70,,2276,3,0,39 6,1,30,,2277,3,0,39 6,1,70,,2278,3,0,39 6,1,30,,2279,3,0,39 6,1,70,,2280,3,0,39 6,1,30,,2281,3,0,39 6,1,70,,2282,3,0,39 6,1,30,,2283,3,0,39 6,1,70,,2284,3,0,39 6,1,30,,2285,3,0,39 6,1,70,,2265,3,0,39 6,1,30,,2266,3,0,39 6,1,70,,2267,3,0,39 6,1,30,,2268,3,0,39 6,1,70,,2269,3,0,39 6,1,30,,2270,3,0,39 6,1,70,,2271,3,0,39 6,1,30,,2272,3,0,39 6,1,70,,2296,3,0,39 6,1
1600,'16-Holiday1-10000001',832,,3130,3,,,1,100,,3131,3,,,1,100,,3132,3,,,1,100,,3133,3,,,1,100,,3134,3,,,1,100,,3135,3,,,1,100,,3136,3,,,1,100,,3137,3,,,1,100,,3138,3,,,1,100,,3139,3,,,1,100,,3140,3,,,1,100,,3141,3,,,1,100,,3142,3,,,1,100,,3143,3,,,1,100,,3144,3,,,1,100,,3145,3,,,1
1600,'16-Saturday-10000010',702,,3180,3,,,1,30,,3147,3,,,1,70,,3148,3,,,1,30,,3149,3,,,1,70,,3150,3,,,1,30,,3151,3,,,1,70,,3152,3,,,1,30,,3153,3,,,1,70,,3154,3,,,1,30,,3155,3,,,1,70,,3156,3,,,1,30,,3157,3,,,1,70,,3158,3,,,1,30,,3159,3,,,1,70,,3160,3,,,1,30,,3161,3,,,1,70,,3162,3,,,1,30,,3163,3,,,1,70,,3164,3,,,1,30,,3165,3,,,1,70,,3166,3,,,1,30,,3167,3,,,1,70,,3168,3,,,1,30,,3169,3,,,1,70,,3170,3,,,1,30,,3171,3,,,1,70,,3172,3,,,1,30,,3173,3,,,1,70,,3174,3,,,1,30,,3175,3,,,1,70,,3176,3,,,1,30,,3177,3,,,1,70,,3178,3,,,1,30,,3179,3,,,1
1600,'16-Sunday-10000001',802,,3183,3,,,1,30,,3184,3,,,1,70,,3185,3,,,1,30,,3186,3,,,1,70,,3187,3,,,1,30,,3188,3,,,1,70,,3189,3,,,1,30,,3190,3,,,1,70,,3191,3,,,1,30,,3192,3,,,1,70,,3193,3,,,1,30,,3194,3,,,1,70,,3195,3,,,1,30,,3196,3,,,1,70,,3197,3,,,1,30,,3198,3,,,1,70,,3199,3,,,1,30,,3200,3,,,1,70,,3201,3,,,1,30,,3202,3,,,1,70,,3203,3,,,1,30,,3204,3,,,1,70,,3205,3,,,1,30,,3206,3,,,1,70,,3207,3,,,1,30,,3208,3,,,1,70,,3209,3,,,1,30,,3210,3,,,1,70,,3211,3,,,1,30,,3212,3,,,1,70,,3213,3,,,1,30,,3214,3,,,1
1600,'16-Weekday-11111100',557,,3253,3,,,1,70,,3252,3,,,1,15,,3255,3,,,1,15,,3216,3,,,1,55,,3256,3,,,1,15,,3217,3,,,1,15,,3257,3,,,1,15,,3218,3,,,1,55,,3258,3,,,1,15,,3219,3,,,1,15,,3283,3,,,1,15,,3220,3,,,1,55,,3278,3,,,1,15,,3221,3,,,1,16,,3279,3,,,1,15,,3222,3,,,1,55,,3280,3,,,1,15,,3223,3,,,1,15,,3281,3,,,1,15,,3224,3,,,1,55,,3282,3,,,1,15,,3225,3,,,1,15,,3274,3,,,1,15,,3226,3,,,1,55,,3277,3,,,1,15,,3227,3,,,1,15,,3276,3,,,1,15,,3228,3,,,1,55,,3275,3,,,1,15,,3229,3,,,1,15,,3273,3,,,1,15,,3230,3,,,1,55,,3272,3,,,1,15,,3231,3,,,1,15,,3259,3,,,1,15,,3232,3,,,1,55,,3260,3,,,1,15,,3233,3,,,1,15,,3261,3,,,1,15,,3234,3,,,1,55,,3262,3,,,1,15,,3235,3,,,1,15,,3263,3,,,1,15,,3236,3,,,1,55,,3264,3,,,1,15,,3237,3,,,1,15,,3265,3,,,1,15,,3238,3,,,1,55,,3239,3,,,1,15,,3266,3,,,1,15,,3240,3,,,1,15,,3267,3,,,1,55,,3241,3,,,1,15,,3268,3,,,1,15,,3242,3,,,1,15,,3269,3,,,1,55,,3243,3,,,1,15,,3270,3,,,1,15,,3244,3,,,1,15,,3271,3,,,1,55,,3245,3,,,1,15,,3284,3,,,1,15,,3246,3,,,1,59,,3247,3,,,1,30,,3248,3,,,1,70,,3249,3,,,1
3601,'36-Saturday-10000010',717,,5885,3,,,1,30,,5897,3,,,1,70,,5886,3,,,1,30,,5898,3,,,1,70,,5887,3,,,1,30,,5899,3,,,1,70,,5888,3,,,1,30,,5900,3,,,1,70,,5889,3,,,1,30,,5901,3,,,1,70,,5890,3,,,1,30,,5902,3,,,1,70,,5891,3,,,1,30,,5903,3,,,1,70,,5892,3,,,1,30,,5904,3,,,1,70,,5893,3,,,1,30,,5905,3,,,1,70,,5894,3,,,1,30,,5906,3,,,1,70,,5895,3,,,1,30,,5907,3,,,1,70,,5896,3,,,1,30,,5908,3,,,1,70,,5909,3,,,1
3601,'36-Sunday-10000001',817,,5910,3,,,1,30,,5911,3,,,1,70,,5912,3,,,1,30,,5913,3,,,1,70,,5914,3,,,1,35,,5915,3,,,1,70,,5916,3,,,1,30,,5917,3,,,1,70,,5918,3,,,1,30,,5919,3,,,1,70,,5920,3,,,1,30,,5921,3,,,1,70,,5922,3,,,1,30,,5923,3,,,1,70,,5924,3,,,1,30,,5925,3,,,1,70,,5926,3,,,1,30,,5927,3,,,1,70,,5928,3,,,1,25,,5929,3,,,1,70,,5930,3,,,1,30,,5931,3,,,1
3601,'36-Weekday-11111100',702,,5956,3,,,1,30,,5932,3,,,1,70,,5933,3,,,1,30,,5934,3,,,1,70,,5935,3,,,1,30,,5936,3,,,1,70,,5937,3,,,1,30,,5938,3,,,1,70,,5939,3,,,1,30,,5940,3,,,1,70,,5941,3,,,1,30,,5942,3,,,1,70,,5943,3,,,1,30,,5944,3,,,1,70,,5945,3,,,1,30,,5946,3,,,1,70,,5947,3,,,1,30,,5948,3,,,1,70,,5949,3,,,1,30,,5950,3,,,1,70,,5951,3,,,1,30,,5952,3,,,1,70,,5953,3,,,1,30,,5954,3,,,1,70,,5955,3,,,1,30,,5957,3,,,1,70,,5958,3,,,1,30,,5959,3,,,1,70,,5960,3,,,1,30,,5961,3,,,1,70,,5962,3,,,1,30,,5963,3,,,1
5700,'57-Saturday-10000010',703,,7197,3,,,1,100,,7185,3,,,1,100,,7186,3,,,1,100,,7187,3,,,1,100,,7188,3,,,1,100,,7189,3,,,1,100,,7190,3,,,1,100,,7191,3,,,1,100,,7192,3,,,1,100,,7193,3,,,1,100,,7194,3,,,1,100,,7195,3,,,1,100,,7196,3,,,1
5700,'57-Weekday-11111100',633,,7199,3,,,1,70,,7225,3,,,1,30,,7200,3,,,1,70,,7201,3,,,1,30,,7202,3,,,1,70,,7203,3,,,1,30,,7204,3,,,1,70,,7205,3,,,1,30,,7206,3,,,1,70,,7207,3,,,1,30,,7208,3,,,1,70,,7209,3,,,1,30,,7210,3,,,1,70,,7211,3,,,1,30,,7212,3,,,1,70,,7213,3,,,1,35,,7215,3,,,1,70,,7216,3,,,1,30,,7217,3,,,1,70,,7218,3,,,1,30,,7219,3,,,1,70,,7220,3,,,1,30,,7221,3,,,1,70,,7214,3,,,1,25,,7226,3,,,1,70,,7222,3,,,1,30,,7227,3,,,1,70,,7223,3,,,1,30,,7228,3,,,1,70,,7224,3,,,1,30,,7230,3,,,1,70,,7229,3,,,1,30,,7231,3,,,1
6100,'61-Holiday1-11111111',824,,7624,3,,,1,30,,7596,3,,,1,70,,7597,3,,,1,30,,7598,3,,,1,70,,7599,3,,,1,30,,7600,3,,,1,70,,7601,3,,,1,30,,7602,3,,,1,70,,7603,3,,,1,30,,7604,3,,,1,70,,7605,3,,,1,30,,7606,3,,,1,70,,7607,3,,,1,30,,7608,3,,,1,70,,7609,3,,,1,30,,7610,3,,,1,70,,7611,3,,,1,30,,7612,3,,,1,70,,7613,3,,,1,30,,7614,3,,,1,65,,7615,3,,,1,30,,7616,3,,,1,70,,7617,3,,,1,30,,7618,3,,,1,70,,7619,3,,,1,30,,7620,3,,,1,70,,7621,3,,,1,30,,7622,3,,,1,70,,7623,3,,,1
6100,'61-Saturday-10000010',724,,7649,3,,,1,30,,7650,3,,,1,70,,7651,3,,,1,30,,7652,3,,,1,70,,7653,3,,,1,30,,7654,3,,,1,70,,7656,3,,,1,30,,7655,3,,,1,70,,7635,3,,,1,30,,7636,3,,,1,70,,7637,3,,,1,30,,7638,3,,,1,70,,7639,3,,,1,30,,7640,3,,,1,70,,7641,3,,,1,30,,7642,3,,,1,70,,7643,3,,,1,30,,7644,3,,,1,70,,7645,3,,,1,30,,7646,3,,,1,70,,7647,3,,,1,30,,7648,3,,,1,70,,7626,3,,,1,30,,7627,3,,,1,70,,7628,3,,,1,30,,7629,3,,,1,70,,7630,3,,,1,30,,7631,3,,,1,70,,7632,3,,,1,30,,7657,3,,,1,70,,7633,3,,,1,30,,7634,3,,,1,70,,7658,3,,,1
6100,'61-Sunday-10000001',824,,7664,3,,,1,30,,7663,3,,,1,70,,7662,3,,,1,30,,7661,3,,,1,70,,7660,3,,,1,30,,7659,3,,,1,70,,7673,3,,,1,30,,7672,3,,,1,70,,7671,3,,,1,30,,7670,3,,,1,70,,7669,3,,,1,30,,7668,3,,,1,70,,7667,3,,,1,30,,7666,3,,,1,70,,7665,3,,,1,30,,7687,3,,,1,70,,7685,3,,,1,30,,7686,3,,,1,70,,7684,3,,,1,30,,7683,3,,,1,65,,7682,3,,,1,30,,7681,3,,,1,70,,7680,3,,,1,30,,7678,3,,,1,70,,7677,3,,,1,30,,7676,3,,,1,70,,7675,3,,,1,30,,7674,3,,,1,70,,7679,3,,,1
6100,'61-Weekday-11111100',623,,7700,3,,,1,30,,7701,3,,,1,70,,7708,3,,,1,15,,7722,3,,,1,15,,7709,3,,,1,55,,7723,3,,,1,15,,7705,3,,,1,15,,7724,3,,,1,15,,7702,3,,,1,55,,7725,3,,,1,15,,7704,3,,,1,16,,7726,3,,,1,15,,7703,3,,,1,55,,7727,3,,,1,15,,7710,3,,,1,15,,7728,3,,,1,15,,7688,3,,,1,55,,7729,3,,,1,15,,7711,3,,,1,15,,7730,3,,,1,15,,7712,3,,,1,55,,7731,3,,,1,15,,7689,3,,,1,15,,7732,3,,,1,15,,7690,3,,,1,55,,7733,3,,,1,15,,7691,3,,,1,15,,7734,3,,,1,15,,7750,3,,,1,55,,7735,3,,,1,15,,7692,3,,,1,15,,7736,3,,,1,15,,7693,3,,,1,55,,7737,3,,,1,15,,7694,3,,,1,15,,7738,3,,,1,15,,7695,3,,,1,55,,7739,3,,,1,15,,7696,3,,,1,15,,7740,3,,,1,15,,7697,3,,,1,55,,7741,3,,,1,15,,7698,3,,,1,15,,7742,3,,,1,15,,7699,3,,,1,55,,7743,3,,,1,15,,7707,3,,,1,15,,7744,3,,,1,15,,7706,3,,,1,55,,7745,3,,,1,15,,7720,3,,,1,15,,7749,3,,,1,15,,7719,3,,,1,55,,7746,3,,,1,15,,7718,3,,,1,15,,7747,3,,,1,15,,7717,3,,,1,55,,7748,3,,,1,15,,7716,3,,,1,15,,7751,3,,,1,15,,7752,3,,,1,55,,7753,3,,,1,15,,7715,3,,,1,30,,7714,3,,,1,70,,7713,3,,,1
7600,'76-Weekday-11111100',647,,8420,3,,,1,70,,8421,3,,,1,30,,8422,3,,,1,70,,8423,3,,,1,30,,8424,3,,,1,70,,8425,3,,,1,30,,8426,3,,,1,470,,8427,3,,,1,30,,8428,3,,,1,70,,8429,3,,,1,30,,8430,3,,,1,70,,8431,3,,,1,30,,8432,3,,,1,70,,8433,3,,,1,30,,8434,3,,,1,70,,8435,3,,,1,30,,8436,3,,,1
20100,'201-Holiday1-10000001',647,,8545,2,,,1,70,,8546,2,,,1,30,,8547,2,,,1,70,,8548,2,,,1,30,,8549,2,,,1,70,,8550,2,,,1,30,,8551,2,,,1,70,,8552,2,,,1,30,,8544,2,,,1,70,,8553,2,,,1,30,,8554,2,,,1,70,,8555,2,,,1,30,,8556,2,,,1,70,,8557,2,,,1,30,,8558,2,,,1,70,,8559,2,,,1,30,,8560,2,,,1,70,,8561,2,,,1,30,,8562,2,,,1,70,,8563,2,,,1,30,,8564,2,,,1,70,,8565,2,,,1,30,,8566,2,,,1,70,,8567,2,,,1,30,,8568,2,,,1,70,,8569,2,,,1,30,,8570,2,,,1,70,,8571,2,,,1,30,,8572,2,,,1,70,,8573,2,,,1,30,,8574,2,,,1,70,,8575,2,,,1,30,,8576,2,,,1,70,,8577,2,,,1,30,,8578,2,,,1
20100,'201-Saturday-10000010',647,,8579,2,,,1,70,,8580,2,,,1,30,,8581,2,,,1,70,,8582,2,,,1,30,,8583,2,,,1,70,,8584,2,,,1,30,,8585,2,,,1,70,,8586,2,,,1,30,,8587,2,,,1,70,,8588,2,,,1,30,,8589,2,,,1,70,,8590,2,,,1,30,,8591,2,,,1,70,,8592,2,,,1,30,,8593,2,,,1,70,,8594,2,,,1,30,,8595,2,,,1,70,,8596,2,,,1,30,,8597,2,,,1,70,,8598,2,,,1,30,,8599,2,,,1,70,,8600,2,,,1,30,,8601,2,,,1,70,,8602,2,,,1,30,,8603,2,,,1,70,,8604,2,,,1,30,,8605,2,,,1,70,,8606,2,,,1,30,,8607,2,,,1,70,,8608,2,,,1,30,,8609,2,,,1,70,,8610,2,,,1,30,,8611,2,,,1,70,,8612,2,,,1,30,,8613,2,,,1
20100,'201-Sunday-10000001',647,,8616,2,,,1,70,,8617,2,,,1,30,,8618,2,,,1,70,,8619,2,,,1,30,,8620,2,,,1,70,,8621,2,,,1,30,,8622,2,,,1,70,,8623,2,,,1,30,,8615,2,,,1,70,,8624,2,,,1,30,,8625,2,,,1,70,,8626,2,,,1,30,,8627,2,,,1,70,,8628,2,,,1,30,,8629,2,,,1,70,,8630,2,,,1,30,,8631,2,,,1,70,,8632,2,,,1,30,,8633,2,,,1,70,,8634,2,,,1,30,,8635,2,,,1,70,,8636,2,,,1,30,,8637,2,,,1,70,,8638,2,,,1,30,,8639,2,,,1,70,,8640,2,,,1,30,,8641,2,,,1,70,,8642,2,,,1,30,,8643,2,,,1,70,,8644,2,,,1,30,,8645,2,,,1,70,,8646,2,,,1,30,,8647,2,,,1,70,,8648,2,,,1,30,,8649,2,,,1
20100,'201-Weekday-11111100',537,,8685,2,,,1,15,,8686,2,,,1,55,,8683,2,,,1,15,,8687,2,,,1,15,,8682,2,,,1,15,,8688,2,,,1,55,,8681,2,,,1,10,,8713,2,,,1,10,,8689,2,,,1,10,,8677,2,,,1,10,,8714,2,,,1,10,,8690,2,,,1,50,,8678,2,,,1,10,,8715,2,,,1,10,,8691,2,,,1,10,,8675,2,,,1,10,,8716,2,,,1,10,,8692,2,,,1,50,,8674,2,,,1,10,,8717,2,,,1,10,,8693,2,,,1,10,,8650,2,,,1,10,,8729,2,,,1,10,,8694,2,,,1,50,,8651,2,,,1,10,,8730,2,,,1,10,,8695,2,,,1,10,,8652,2,,,1,10,,8731,2,,,1,10,,8696,2,,,1,50,,8653,2,,,1,10,,8732,2,,,1,10,,8697,2,,,1,10,,8654,2,,,1,10,,8733,2,,,1,10,,8698,2,,,1,50,,8655,2,,,1,10,,8734,2,,,1,10,,8699,2,,,1,10,,8656,2,,,1,10,,8735,2,,,1,10,,8700,2,,,1,50,,8657,2,,,1,10,,8736,2,,,1,10,,8701,2,,,1,10,,8658,2,,,1,10,,8737,2,,,1,10,,8702,2,,,1,50,,8659,2,,,1,10,,8738,2,,,1,10,,8703,2,,,1,20,,8676,2,,,1,10,,8718,2,,,1,50,,8712,2,,,1,10,,8704,2,,,1,10,,8719,2,,,1,10,,8680,2,,,1,10,,8660,2,,,1,10,,8720,2,,,1,50,,8705,2,,,1,10,,8706,2,,,1,10,,8721,2,,,1,10,,8661,2,,,1,10,,8707,2,,,1,10,,8722,2,,,1,50,,8679,2,,,1,10,,8708,2,,,1,10,,8723,2,,,1,10,,8662,2,,,1,10,,8709,2,,,1,10,,8724,2,,,1,50,,8663,2,,,1,10,,8710,2,,,1,15,,8743,2,,,1,15,,8711,2,,,1,55,,8726,2,,,1,15,,8664,2,,,1,15,,8727,2,,,1,15,,8665,2,,,1,55,,8728,2,,,1,15,,8666,2,,,1,15,,8739,2,,,1,15,,8667,2,,,1,55,,8740,2,,,1,15,,8668,2,,,1,15,,8741,2,0,5 6,1,15,,8669,2,,,1,55,,8742,2,,,1,30,,8670,2,,,1,70,,8671,2,,,1,35,,8672,2,,,1,70,,8673,2,,,1
20301,'203-Weekday-11111100',624,,9427,2,,,1,30,,9428,2,,,1,76,,9429,2,,,1,70,,9430,2,,,1,30,,9431,2,,,1,70,,9432,2,,,1,30,,9433,2,,,1,70,,9442,2,,,1,30,,9443,2,,,1,70,,9444,2,,,1,30,,9445,2,,,1,70,,9446,2,,,1,30,,9447,2,,,1,70,,9448,2,,,1,30,,9449,2,,,1,70,,9450,2,,,1,29,,9451,2,,,1,30,,9452,2,,,1,70,,9453,2,,,1,30,,9454,2,,,1,70,,9455,2,,,1,30,,9456,2,,,1,70,,9457,2,,,1,30,,9458,2,,,1,71,,9459,2,,,1,70,,9441,2,,,1,30,,9434,2,,,1,70,,9435,2,,,1,30,,9436,2,,,1,70,,9437,2,,,1,30,,9438,2,,,1,70,,9439,2,,,1,25,,9440,2,,,1,30,,9460,2,,,1
