600,'6-Holiday1-10000001',805,,11721,24,,,1,100,,11722,24,,,1,100,,11723,24,,,1,100,,11724,24,,,1,100,,11725,24,,,1,100,,11726,24,,,1,100,,11727,24,,,1,100,,11728,24,,,1,100,,11729,24,,,1,100,,11730,24,,,1,100,,11731,24,,,1,100,,11732,24,,,1,100,,11733,24,,,1,100,,11734,24,,,1,100,,11735,24,,,1,100,,11736,24,,,1,100,,11737,24,,,1
600,'6-Saturday-10000010',546,,11738,9,,,1,89,,11739,24,,,1,70,,11740,24,,,1,30,,11741,24,,,1,70,,11742,24,,,1,30,,11743,24,,,1,71,,11744,24,,,1,32,,11745,24,,,1,70,,11746,24,,,1,30,,11747,24,,,1,70,,11748,24,,,1,30,,11749,24,,,1,70,,11750,24,,,1,30,,11751,24,,,1,70,,11752,24,,,1,30,,11753,24,,,1,70,,11754,24,,,1,30,,11755,24,,,1,70,,11756,24,,,1,30,,11757,24,,,1,70,,11758,24,,,1,30,,11759,24,,,1,70,,11760,24,,,1,30,,11761,24,,,1,69,,11762,24,,,1,28,,11763,24,,,1,70,,11764,24,,,1,30,,11765,24,,,1,70,,11766,24,,,1,30,,11767,24,,,1,70,,11768,24,,,1,30,,11769,24,,,1,70,,11770,24,,,1,30,,11771,24,,,1,70,,11772,24,,,1,30,,11773,24,,,1,70,,11774,24,,,1,30,,11775,24,,,1
600,'6-Sunday-10000001',805,,11776,24,,,1,30,,11777,24,,,1,70,,11778,24,,,1,30,,11779,24,,,1,70,,11780,24,,,1,30,,11781,24,,,1,70,,11782,24,,,1,30,,11783,24,,,1,70,,11784,24,,,1,30,,11785,24,,,1,70,,11786,24,,,1,30,,11787,24,,,1,70,,11788,24,,,1,30,,11789,24,,,1,70,,11790,24,,,1,30,,11791,24,,,1,70,,11792,24,,,1,30,,11793,24,,,1,70,,11794,24,,,1,30,,11795,24,,,1,70,,11796,24,,,1,30,,11797,24,,,1,70,,11798,24,,,1,30,,11799,24,,,1,70,,11800,24,,,1,30,,11801,24,,,1,70,,11802,24,,,1,30,,11803,24,,,1,70,,11804,24,,,1,30,,11805,24,,,1,70,,11806,24,,,1,30,,11807,24,,,1,70,,11808,24,,,1
600,'6-Weekday-11111100',536,,11846,4,,,1,70,,11844,24,,,1,30,,11809,24,,,1,71,,11810,24,,,1,32,,11811,24,,,1,70,,11812,24,,,1,30,,11813,24,,,1,70,,11814,24,,,1,30,,11815,24,,,1,69,,11816,24,,,1,30,,11817,24,,,1,70,,11818,24,,,1,30,,11819,24,,,1,70,,11820,24,,,1,30,,11821,24,,,1,70,,11822,24,,,1,30,,11823,24,,,1,70,,11824,24,,,1,32,,11825,24,,,1,71,,11826,24,,,1,30,,11827,24,,,1,70,,11828,24,,,1,30,,11829,24,,,1,70,,11830,24,,,1,30,,11831,24,,,1,68,,11832,24,,,1,28,,11833,24,,,1,70,,11834,24,,,1,30,,11835,24,,,1,70,,11836,24,,,1,30,,11837,24,,,1,70,,11838,24,,,1,30,,11839,24,,,1,69,,11840,24,,,1,31,,11841,24,,,1,70,,11842,24,,,1,30,,11843,24,,,1,70,,11845,24,,,1
2000,'20-Holiday1-10000001',817,,14527,20,,,1,30,,14528,20,,,1,70,,14529,20,,,1,30,,14530,20,,,1,72,,14531,20,,,1,30,,14532,20,,,1,70,,14533,20,,,1,30,,14534,20,,,1,70,,14535,20,,,1,30,,14536,20,,,1,70,,14537,20,,,1,30,,14538,20,,,1,70,,14539,20,,,1,30,,14540,20,,,1,70,,14541,20,,,1,30,,14542,20,,,1,70,,14543,20,,,1,30,,14544,20,,,1,70,,14545,20,,,1,30,,14546,20,,,1,68,,14547,20,,,1,30,,14548,20,,,1,70,,14549,20,,,1,30,,14550,20,,,1,70,,14551,20,,,1,30,,14552,20,,,1,70,,14553,20,,,1,30,,14554,20,,,1,70,,14555,20,,,1,30,,14556,20,,,1,100,,14557,20,,,1
2000,'20-Saturday-10000010',622,,14558,20,,,1,30,,14559,20,,,1,70,,14560,20,,,1,30,,14561,20,,,1,70,,14562,20,,,1,30,,14563,20,,,1,73,,14564,20,,,1,30,,14565,20,,,1,70,,14566,20,,,1,30,,14567,20,,,1,70,,14568,20,,,1,30,,14569,20,,,1,70,,14570,20,,,1,30,,14571,20,,,1,70,,14572,20,,,1,30,,14573,20,,,1,70,,14574,20,,,1,30,,14575,20,,,1,70,,14576,20,,,1,30,,14577,20,,,1,70,,14578,20,,,1,30,,14579,20,,,1,70,,14580,20,,,1,30,,14581,20,,,1,67,,14582,20,,,1,30,,14583,20,,,1,70,,14584,20,,,1,30,,14585,20,,,1,70,,14586,20,,,1,30,,14587,20,,,1,70,,14588,20,,,1,30,,14589,20,,,1,70,,14590,20,,,1,30,,14591,20,,,1,70,,14592,20,,,1,30,,14593,20,,,1
2000,'20-Sunday-10000001',812,,14595,20,,,1,30,,14596,20,,,1,70,,14597,20,,,1,30,,14598,20,,,1,71,,14599,20,,,1,31,,14600,20,,,1,70,,14601,20,,,1,30,,14602,20,,,1,70,,14603,20,,,1,30,,14604,20,,,1,70,,14605,20,,,1,30,,14606,20,,,1,70,,14607,20,,,1,30,,14608,20,,,1,70,,14609,20,,,1,30,,14610,20,,,1,70,,14611,20,,,1,30,,14612,20,,,1,70,,14613,20,,,1,30,,14614,20,,,1,69,,14615,20,,,1,29,,14616,20,,,1,70,,14617,20,,,1,30,,14618,20,,,1,70,,14619,20,,,1,30,,14620,20,,,1,70,,14621,20,,,1,30,,14622,20,,,1,70,,14623,20,,,1,30,,14624,20,,,1,100,,14625,20,,,1
2000,'20-Weekday-11111100',548,,14638,20,,,1,70,,14639,20,,,1,15,,14665,20,,,1,15,,14640,20,,,1,75,,14662,20,,,1,30,,14661,20,,,1,70,,14628,20,,,1,30,,14629,20,,,1,70,,14630,20,,,1,29,,14663,20,,,1,70,,14641,20,,,1,30,,14642,20,,,1,70,,14643,20,,,1,30,,14644,20,,,1,70,,14645,20,,,1,30,,14646,20,,,1,70,,14647,20,,,1,30,,14648,20,,,1,70,,14649,20,,,1,81,,14631,20,,,1,30,,14632,20,,,1,70,,14633,20,,,1,30,,14634,20,,,1,70,,14635,20,,,1,30,,14636,20,,,1,70,,14637,20,,,1,17,,14650,20,,,1,30,,14664,20,,,1,70,,14651,20,,,1,30,,14652,20,,,1,70,,14653,20,,,1,30,,14654,20,,,1,70,,14655,20,,,1,30,,14656,20,,,1,68,,14657,20,,,1,30,,14658,20,,,1,70,,14659,20,,,1,30,,14660,20,,,1
3400,'34-Weekday-11111100',637,,16449,1,,,1,70,,16460,1,,,1,30,,16452,1,,,1,70,,16451,1,,,1,30,,16450,1,,,1,599,,16453,1,,,1,70,,16458,1,,,1,30,,16457,1,,,1,70,,16456,1,,,1,30,,16455,1,,,1,70,,16454,1,,,1,525,,16459,1,,,1
3500,'35-Weekday-11111100',637,,16473,23,4,,1,70,,16474,23,4,,1,30,,16476,23,4,,1,70,,16477,23,4,,1,30,,16478,23,4,,1,599,,16479,23,4,,1,70,,16480,23,4,,1,30,,16481,23,4,,1,70,,16482,23,4,,1,30,,16483,23,4,,1,70,,16475,23,4,,1,525,,16484,23,4,,1
