2201,'22-Saturday-10000010',632,,25825,2,,,1,70,,25826,2,,,1,30,,25827,2,,,1,70,,25828,2,,,1,30,,25829,2,,,1,70,,25830,2,,,1,30,,25831,2,,,1,70,,25832,2,,,1,30,,25833,2,,,1,70,,25834,2,,,1,30,,25835,2,,,1,70,,25836,2,,,1,30,,25837,2,,,1,70,,25838,2,,,1,30,,25839,2,,,1,70,,25840,2,,,1,30,,25841,2,,,1,70,,25842,2,,,1,30,,25843,2,,,1,70,,25844,2,,,1,30,,25845,2,,,1,70,,25846,2,,,1,30,,25847,2,,,1,70,,25848,2,,,1,30,,25849,2,,,1,70,,25850,2,,,1,30,,25851,2,,,1,70,,25852,2,,,1,30,,25853,2,,,1,70,,25854,2,,,1,30,,25855,2,,,1,70,,25856,2,,,1,100,,25857,2,,,1
2201,'22-Sunday-10000001',902,,25867,2,,,1,100,,25858,2,,,1,100,,25859,2,,,1,100,,25860,2,,,1,100,,25861,2,,,1,100,,25862,2,,,1,100,,25863,2,,,1,100,,25864,2,,,1,100,,25865,2,,,1,100,,25866,2,,,1,100,,25868,2,,,1
2201,'22-Weekday-11111100',559,,25899,2,,,1,70,,25869,2,,,1,30,,25870,2,,,1,73,,25871,2,,,1,74,,25872,2,,,1,30,,25873,2,,,1,70,,25874,2,,,1,29,,25875,2,,,1,68,,25876,2,,,1,30,,25877,2,,,1,70,,25878,2,,,1,30,,25879,2,,,1,70,,25880,2,,,1,30,,25881,2,,,1,70,,25882,2,,,1,30,,25883,2,,,1,70,,25884,2,,,1,30,,25885,2,,,1,71,,25886,2,,,1,31,,25887,2,,,1,70,,25888,2,,,1,30,,25889,2,,,1,70,,25890,2,,,1,30,,25891,2,,,1,70,,25892,2,,,1,27,,25893,2,,,1,70,,25894,2,,,1,30,,25895,2,,,1,70,,25896,2,,,1,30,,25900,2,,,1,70,,25897,2,,,1,30,,25901,2,,,1,70,,25898,2,,,1,28,,25903,2,,,1,70,,25902,2,,,1
2601,'26-Weekday-11111100',600,,26113,2,,,1,30,,26112,2,,,1,70,,26111,2,,,1,34,,26110,2,,,1,70,,26109,2,,,1,30,,26108,2,,,1,599,,26107,2,,,1,71,,26106,2,,,1,30,,26105,2,,,1,70,,26104,2,,,1,30,,26103,2,,,1,70,,26102,2,,,1,30,,26101,2,,,1,525,,26114,2,,,1
3301,'33-Saturday-10000010',655,,27130,5,,,1,70,,27131,5,,,1,30,,27132,5,,,1,70,,27133,5,,,1,30,,27134,5,,,1,71,,27135,5,,,1,30,,27136,5,,,1,70,,27137,5,,,1,30,,27138,5,,,1,70,,27139,5,,,1,30,,27140,5,,,1,70,,27141,5,,,1,30,,27142,5,,,1,70,,27143,5,,,1,30,,27144,5,,,1,70,,27145,5,,,1,30,,27146,5,,,1,70,,27147,5,,,1,30,,27148,5,,,1,70,,27149,5,,,1,30,,27150,5,,,1,70,,27151,5,,,1,30,,27152,5,,,1,69,,27153,5,,,1,30,,27154,5,,,1
3301,'33-Sunday-10000001',755,,27155,5,,,1,70,,27156,5,,,1,30,,27157,5,,,1,70,,27158,5,,,1,30,,27159,5,,,1,70,,27160,5,,,1,30,,27161,5,,,1,70,,27162,5,,,1,30,,27163,5,,,1,70,,27164,5,,,1,30,,27165,5,,,1,70,,27166,5,,,1,30,,27167,5,,,1,70,,27168,5,,,1,30,,27169,5,,,1,70,,27170,5,,,1,30,,27171,5,,,1,70,,27172,5,,,1,30,,27173,5,,,1,70,,27174,5,,,1,30,,27175,5,,,1,70,,27176,5,,,1,30,,27177,5,,,1
3301,'33-Weekday-11111100',544,,27178,5,,,1,70,,27179,5,,,1,30,,27180,5,,,1,73,,27181,5,,,1,34,,27182,5,,,1,70,,27183,5,,,1,30,,27184,5,,,1,70,,27185,5,,,1,28,,27186,5,,,1,68,,27187,5,,,1,30,,27188,5,,,1,70,,27189,5,,,1,31,,27190,5,,,1,70,,27191,5,,,1,30,,27192,5,,,1,70,,27193,5,,,1,30,,27194,5,,,1,70,,27195,5,,,1,32,,27196,5,,,1,71,,27197,5,,,1,30,,27198,5,,,1,70,,27199,5,,,1,30,,27200,5,,,1,70,,27201,5,,,1,30,,27202,5,,,1,66,,27203,5,,,1,28,,27204,5,,,1,70,,27210,5,,,1,30,,27205,5,,,1,70,,27206,5,,,1,30,,27211,5,,,1,70,,27207,5,,,1,30,,27212,5,,,1,70,,27208,5,,,1,28,,27209,5,,,1,70,,27213,5,,,1
20100,'201-Holiday1-10000001',700,,29968,9,,,1,30,,29969,9,,,1,70,,29970,9,,,1,30,,29971,9,,,1,70,,29972,9,,,1,30,,29973,9,,,1,70,,29974,9,,,1,31,,29975,9,,,1,70,,29967,9,,,1,30,,29976,9,,,1,70,,29977,9,,,1,30,,29978,9,,,1,70,,29979,9,,,1,30,,29980,9,,,1,70,,29981,9,,,1,30,,29982,9,,,1,70,,29983,9,,,1,30,,29984,9,,,1,70,,29985,9,,,1,30,,29986,9,,,1,70,,29987,9,,,1,30,,29988,9,,,1,70,,29989,9,,,1,29,,29990,9,,,1,70,,29991,9,,,1,30,,29992,9,,,1,70,,29993,9,,,1,30,,29994,9,,,1,70,,29995,9,,,1,30,,29996,9,,,1,70,,29997,9,,,1,30,,29998,9,,,1,70,,29999,9,,,1,30,,30000,9,,,1,70,,30001,9,,,1
20100,'201-Saturday-10000010',636,,30037,2,,,1,65,,30002,9,,,1,30,,30003,9,,,1,70,,30004,9,,,1,30,,30005,9,,,1,70,,30006,9,,,1,31,,30007,9,,,1,70,,30008,9,,,1,30,,30009,9,,,1,70,,30010,9,,,1,30,,30011,9,,,1,70,,30012,9,,,1,30,,30013,9,,,1,70,,30014,9,,,1,30,,30015,9,,,1,70,,30016,9,,,1,30,,30017,9,,,1,70,,30018,9,,,1,30,,30019,9,,,1,70,,30020,9,,,1,30,,30021,9,,,1,70,,30022,9,,,1,30,,30023,9,,,1,70,,30024,9,,,1,29,,30025,9,,,1,70,,30026,9,,,1,30,,30027,9,,,1,70,,30028,9,,,1,30,,30029,9,,,1,70,,30030,9,,,1,30,,30031,9,,,1,70,,30032,9,,,1,30,,30033,9,,,1,70,,30034,9,,,1,30,,30035,9,,,1,70,,30036,9,,,1
20100,'201-Sunday-10000001',700,,30039,9,,,1,30,,30040,9,,,1,70,,30041,9,,,1,30,,30042,9,,,1,70,,30043,9,,,1,30,,30044,9,,,1,70,,30045,9,,,1,31,,30046,9,,,1,70,,30038,9,,,1,30,,30047,9,,,1,70,,30048,9,,,1,30,,30049,9,,,1,70,,30050,9,,,1,30,,30051,9,,,1,70,,30052,9,,,1,30,,30053,9,,,1,70,,30054,9,,,1,30,,30055,9,,,1,70,,30056,9,,,1,30,,30057,9,,,1,70,,30058,9,,,1,30,,30059,9,,,1,70,,30060,9,,,1,29,,30061,9,,,1,70,,30062,9,,,1,30,,30063,9,,,1,70,,30064,9,,,1,30,,30065,9,,,1,70,,30066,9,,,1,30,,30067,9,,,1,70,,30068,9,,,1,30,,30069,9,,,1,70,,30070,9,,,1,30,,30071,9,,,1,70,,30072,9,,,1
20100,'201-Weekday-11111100',516,,30107,2,,,1,20,,30148,2,,,1,16,,30108,9,,,1,55,,30109,9,,,1,15,,30106,9,,,1,15,,30110,9,,,1,15,,30105,9,,,1,55,,30111,9,,,1,15,,30104,9,,,1,10,,30136,9,,,1,10,,30112,9,,,1,10,,30100,9,,,1,50,,30137,9,,,1,10,,30113,9,,,1,10,,30101,9,,,1,10,,30138,9,,,1,10,,30114,9,,,1,10,,30098,9,,,1,50,,30139,9,,,1,10,,30115,9,,,1,10,,30097,9,,,1,10,,30140,9,,,1,11,,30116,9,,,1,10,,30073,9,,,1,50,,30152,9,,,1,10,,30117,9,,,1,10,,30074,9,,,1,10,,30153,9,,,1,10,,30118,9,,,1,10,,30075,9,,,1,50,,30154,9,,,1,10,,30119,9,,,1,10,,30076,9,,,1,10,,30155,9,,,1,10,,30120,9,,,1,10,,30077,9,,,1,50,,30156,9,,,1,10,,30121,9,,,1,10,,30078,9,,,1,10,,30157,9,,,1,10,,30122,9,,,1,10,,30079,9,,,1,50,,30158,9,,,1,10,,30123,9,,,1,10,,30080,9,,,1,10,,30159,9,,,1,10,,30124,9,,,1,10,,30081,9,,,1,50,,30160,9,,,1,10,,30125,9,,,1,10,,30082,9,,,1,10,,30161,9,,,1,11,,30126,9,,,1,11,,30167,9,,,1,50,,30099,9,,,1,10,,30141,9,,,1,10,,30135,9,,,1,10,,30127,9,,,1,10,,30142,9,,,1,10,,30103,9,,,1,50,,30083,9,,,1,10,,30143,9,,,1,10,,30128,9,,,1,10,,30129,9,,,1,10,,30144,9,,,1,10,,30084,9,,,1,50,,30130,9,,,1,10,,30145,9,,,1,10,,30102,9,,,1,10,,30131,9,,,1,10,,30146,9,,,1,10,,30085,9,,,1,50,,30132,9,,,1,10,,30147,9,,,1,9,,30086,9,,,1,10,,30133,9,,,1,15,,30166,9,,,1,55,,30134,9,,,1,15,,30149,9,,,1,15,,30087,9,,,1,15,,30150,9,,,1,55,,30088,9,,,1,15,,30151,9,,,1,15,,30089,9,,,1,15,,30162,9,,,1,55,,30090,9,,,1,15,,30163,9,,,1,15,,30091,9,,,1,15,,30164,9,0,15 16,1,55,,30092,9,,,1,13,,30165,9,,,1,30,,30093,9,,,1,70,,30094,9,,,1,35,,30095,9,,,1,70,,30096,9,,,1
