1300,'13-Holiday1-10000001',803,,24477,5,,,1,100,,24478,5,,,1,101,,24479,5,,,1,100,,24480,5,,,1,100,,24481,5,,,1,100,,24482,5,,,1,100,,24483,5,,,1,100,,24484,5,,,1,100,,24485,5,,,1,100,,24486,5,,,1,99,,24487,5,,,1,100,,24488,5,,,1,100,,24489,5,,,1,100,,24490,5,,,1,100,,24491,5,,,1,100,,24492,5,,,1
1300,'13-Saturday-10000010',704,,24494,5,,,1,30,,24495,5,,,1,70,,24496,5,,,1,30,,24497,5,,,1,70,,24498,5,,,1,30,,24499,5,,,1,70,,24500,5,,,1,30,,24501,5,,,1,70,,24502,5,,,1,30,,24503,5,,,1,70,,24504,5,,,1,30,,24505,5,,,1,70,,24506,5,,,1,30,,24507,5,,,1,70,,24493,5,,,1,30,,24508,5,,,1,70,,24509,5,,,1,30,,24510,5,,,1,70,,24511,5,,,1,30,,24512,5,,,1,70,,24513,5,,,1,30,,24514,5,,,1,70,,24515,5,,,1,30,,24516,5,,,1,70,,24517,5,,,1,30,,24518,5,,,1,70,,24519,5,,,1,30,,24520,5,,,1,70,,24521,5,,,1,30,,24522,5,,,1,70,,24523,5,,,1,30,,24524,5,,,1,70,,24525,5,,,1,30,,24526,5,,,1,70,,24527,5,,,1
1300,'13-Sunday-10000001',803,,24529,5,,,1,30,,24528,5,,,1,70,,24530,5,,,1,30,,24531,5,,,1,71,,24532,5,,,1,30,,24533,5,,,1,70,,24534,5,,,1,30,,24535,5,,,1,70,,24536,5,,,1,30,,24537,5,,,1,70,,24538,5,,,1,30,,24539,5,,,1,70,,24540,5,,,1,30,,24541,5,,,1,70,,24542,5,,,1,30,,24543,5,,,1,70,,24544,5,,,1,30,,24545,5,,,1,70,,24546,5,,,1,30,,24547,5,,,1,69,,24548,5,,,1,30,,24549,5,,,1,70,,24550,5,,,1,30,,24551,5,,,1,70,,24552,5,,,1,30,,24553,5,,,1,70,,24554,5,,,1,30,,24555,5,,,1,70,,24556,5,,,1,30,,24557,5,,,1,70,,24558,5,,,1
1300,'13-Weekday-11111100',533,,24584,5,,,1,70,,24559,5,,,1,30,,24560,5,,,1,72,,24561,5,,,1,30,,24562,5,,,1,70,,24563,5,,,1,30,,24564,5,,,1,70,,24565,5,,,1,30,,24566,5,,,1,70,,24567,5,,,1,30,,24568,5,,,1,70,,24569,5,,,1,30,,24570,5,,,1,70,,24571,5,,,1,30,,24572,5,,,1,70,,24573,5,,,1,30,,24574,5,,,1,70,,24575,5,,,1,30,,24576,5,,,1,70,,24577,5,,,1,30,,24578,5,,,1,70,,24579,5,,,1,30,,24580,5,,,1,70,,24581,5,,,1,30,,24582,5,,,1,69,,24583,5,,,1,30,,24589,5,,,1,70,,24590,5,,,1,30,,24591,5,,,1,70,,24592,5,,,1,30,,24593,5,,,1,70,,24594,5,,,1,30,,24595,5,,,1,69,,24596,5,,,1,30,,24585,5,,,1,70,,24587,5,,,1,30,,24586,5,,,1,70,,24588,5,,,1
2900,'29-Saturday-10000010',659,,26554,5,,,1,70,,26555,5,,,1,30,,26556,5,,,1,70,,26557,5,,,1,30,,26558,5,,,1,70,,26559,5,,,1,30,,26560,5,,,1,70,,26561,5,,,1,30,,26562,5,,,1,70,,26563,5,,,1,30,,26564,5,,,1,70,,26565,5,,,1,30,,26566,5,,,1,70,,26567,5,,,1,30,,26568,5,,,1,70,,26569,5,,,1,30,,26570,5,,,1,70,,26571,5,,,1,30,,26572,5,,,1,70,,26573,5,,,1,30,,26574,5,,,1,70,,26575,5,,,1,30,,26576,5,,,1,70,,26577,5,,,1,30,,26578,5,,,1,70,,26579,5,,,1,30,,26580,5,,,1,70,,26581,5,,,1,30,,26582,5,,,1,70,,26583,5,,,1,30,,26584,5,,,1,70,,26585,5,,,1,30,,26586,5,,,1,70,,26587,5,,,1,100,,26588,5,,,1
2900,'29-Sunday-10000001',859,,26589,5,,,1,70,,26590,5,,,1,30,,26591,5,,,1,70,,26592,5,,,1,30,,26593,5,,,1,70,,26594,5,,,1,30,,26595,5,,,1,70,,26596,5,,,1,30,,26597,5,,,1,70,,26598,5,,,1,30,,26599,5,,,1,70,,26600,5,,,1,30,,26601,5,,,1,70,,26602,5,,,1,30,,26603,5,,,1,70,,26604,5,,,1,30,,26605,5,,,1,70,,26606,5,,,1,30,,26607,5,,,1,70,,26608,5,,,1,30,,26609,5,,,1,70,,26610,5,,,1,30,,26611,5,,,1,70,,26612,5,,,1,30,,26613,5,,,1,70,,26614,5,,,1,30,,26615,5,,,1,70,,26616,5,,,1,30,,26617,5,,,1,70,,26618,5,,,1,100,,26619,5,,,1
2900,'29-Weekday-11111100',548,,26656,5,,,1,80,,26653,5,,,1,25,,26655,5,,,1,81,,26654,5,,,1,70,,26629,5,,,1,30,,26630,5,,,1,70,,26631,5,,,1,31,,26632,5,,,1,70,,26633,5,,,1,30,,26634,5,,,1,70,,26635,5,,,1,30,,26636,5,,,1,70,,26637,5,,,1,30,,26638,5,,,1,70,,26639,5,,,1,30,,26640,5,,,1,70,,26641,5,,,1,30,,26642,5,,,1,70,,26643,5,,,1,30,,26644,5,,,1,70,,26645,5,,,1,30,,26646,5,,,1,70,,26647,5,,,1,30,,26648,5,,,1,69,,26649,5,,,1,30,,26650,5,,,1,70,,26651,5,,,1,30,,26652,5,,,1,70,,26628,5,,,1,30,,26627,5,,,1,70,,26626,5,,,1,30,,26620,5,,,1,70,,26625,5,,,1,25,,26623,5,,,1,25,,26624,5,,,1,70,,26622,5,,,1,30,,26621,5,,,1
20200,'202-Holiday1-10000001',718,,30369,3,,,1,30,,30370,3,,,1,70,,30371,3,,,1,30,,30372,3,,,1,70,,30373,3,,,1,30,,30374,3,,,1,71,,30375,3,,,1,30,,30376,3,,,1,70,,30377,3,,,1,30,,30378,3,,,1,70,,30368,3,,,1,30,,30379,3,,,1,70,,30380,3,,,1,30,,30381,3,,,1,70,,30382,3,,,1,30,,30383,3,,,1,70,,30384,3,,,1,30,,30385,3,,,1,70,,30386,3,,,1,30,,30387,3,,,1,70,,30388,3,,,1,30,,30389,3,,,1,69,,30390,3,,,1,30,,30391,3,,,1,70,,30392,3,,,1,30,,30393,3,,,1,70,,30394,3,,,1,30,,30395,3,,,1,70,,30396,3,,,1,30,,30397,3,,,1,70,,30398,3,,,1,30,,30399,3,,,1,70,,30400,3,,,1,30,,30401,3,,,1
20200,'202-Saturday-10000010',618,,30437,3,,,1,30,,30402,3,,,1,70,,30403,3,,,1,30,,30404,3,,,1,70,,30405,3,,,1,30,,30406,3,,,1,71,,30407,3,,,1,30,,30408,3,,,1,70,,30409,3,,,1,30,,30410,3,,,1,70,,30411,3,,,1,30,,30412,3,,,1,70,,30413,3,,,1,30,,30414,3,,,1,70,,30415,3,,,1,30,,30416,3,,,1,70,,30417,3,,,1,30,,30418,3,,,1,70,,30419,3,,,1,30,,30420,3,,,1,70,,30421,3,,,1,30,,30422,3,,,1,70,,30423,3,,,1,30,,30424,3,,,1,69,,30425,3,,,1,30,,30426,3,,,1,70,,30427,3,,,1,30,,30428,3,,,1,70,,30429,3,,,1,30,,30430,3,,,1,70,,30431,3,,,1,30,,30432,3,,,1,70,,30433,3,,,1,30,,30434,3,,,1,70,,30435,3,,,1,30,,30436,3,,,1
20200,'202-Sunday-10000001',718,,30439,3,,,1,30,,30440,3,,,1,70,,30441,3,,,1,30,,30442,3,,,1,70,,30443,3,,,1,30,,30444,3,,,1,71,,30445,3,,,1,30,,30446,3,,,1,70,,30447,3,,,1,30,,30448,3,,,1,70,,30438,3,,,1,30,,30449,3,,,1,70,,30450,3,,,1,30,,30451,3,,,1,70,,30452,3,,,1,30,,30453,3,,,1,70,,30454,3,,,1,30,,30455,3,,,1,70,,30456,3,,,1,30,,30457,3,,,1,70,,30458,3,,,1,30,,30459,3,,,1,69,,30460,3,,,1,30,,30461,3,,,1,70,,30462,3,,,1,30,,30463,3,,,1,70,,30464,3,,,1,30,,30465,3,,,1,70,,30466,3,,,1,30,,30467,3,,,1,70,,30468,3,,,1,30,,30469,3,,,1,70,,30470,3,,,1,30,,30471,3,,,1
20200,'202-Weekday-11111100',553,,30486,3,,,1,70,,30487,3,,,1,30,,30488,3,,,1,60,,30472,3,,,1,15,,30489,3,,,1,15,,30491,3,,,1,15,,30473,3,,,1,55,,30490,3,,,1,15,,30492,3,,,1,15,,30507,3,,,1,15,,30512,3,,,1,55,,30501,3,,,1,15,,30513,3,,,1,15,,30528,3,,,1,15,,30514,3,,,1,55,,30508,3,,,1,15,,30515,3,,,1,15,,30496,3,,,1,15,,30516,3,,,1,55,,30529,3,,,1,15,,30517,3,,,1,15,,30506,3,,,1,15,,30518,3,,,1,55,,30502,3,,,1,15,,30519,3,,,1,15,,30530,3,,,1,15,,30520,3,,,1,55,,30500,3,,,1,15,,30509,3,,,1,15,,30521,3,,,1,15,,30503,3,,,1,55,,30498,3,,,1,15,,30522,3,,,1,15,,30495,3,,,1,15,,30497,3,,,1,55,,30523,3,,,1,15,,30505,3,,,1,15,,30510,3,,,1,15,,30524,3,,,1,55,,30504,3,,,1,15,,30527,3,,,1,15,,30525,3,,,1,15,,30499,3,,,1,55,,30511,3,,,1,15,,30526,3,,,1,15,,30494,3,,,1,15,,30493,3,,,1,60,,30474,3,,,1,30,,30475,3,,,1,70,,30476,3,,,1,30,,30477,3,,,1,70,,30478,3,,,1,30,,30479,3,,,1,70,,30480,3,,,1,30,,30481,3,,,1,70,,30482,3,,,1,30,,30483,3,,,1,70,,30484,3,,,1,30,,30485,3,,,1
