1001,'10-Holiday1-10000001',920,,2304,24,,,1,101,,2299,24,,,1,100,,2300,24,,,1,100,,2301,24,,,1,100,,2302,24,,,1,100,,2305,24,,,1,100,,2306,24,,,1,100,,2308,24,,,1,100,,2310,24,,,1,100,,2307,24,,,1,100,,2298,24,,,1,100,,2309,24,,,1,100,,2312,24,,,1,99,,2311,24,,,1,100,,2303,24,,,1
1001,'10-Saturday-10000010',751,,2317,24,,,1,70,,2318,24,,,1,30,,2319,24,,,1,70,,2320,24,,,1,30,,2321,24,,,1,70,,2322,24,,,1,30,,2323,24,,,1,70,,2324,24,,,1,30,,2325,24,,,1,70,,2326,24,,,1,30,,2327,24,,,1,70,,2328,24,,,1,30,,2329,24,,,1,70,,2330,24,,,1,30,,2331,24,,,1,70,,2332,24,,,1,30,,2333,24,,,1,70,,2334,24,,,1,30,,2335,24,,,1,70,,2336,24,,,1,30,,2337,24,,,1,70,,2338,24,,,1,30,,2339,24,,,1,70,,2340,24,,,1,30,,2341,24,,,1,70,,2342,24,,,1,30,,2343,24,,,1,70,,2315,24,,,1,30,,2344,24,,,1,70,,2316,24,,,1,30,,2314,24,,,1,70,,2345,24,,,1,30,,2313,24,,,1,70,,2346,24,,,1
1001,'10-Sunday-10000001',845,,2373,24,,,1,70,,2359,24,,,1,30,,2361,24,,,1,71,,2349,24,,,1,30,,2363,24,,,1,70,,2350,24,,,1,30,,2360,24,,,1,70,,2351,24,,,1,30,,2362,24,,,1,70,,2352,24,,,1,30,,2364,24,,,1,70,,2365,24,,,1,30,,2366,24,,,1,70,,2367,24,,,1,30,,2358,24,,,1,70,,2369,24,,,1,30,,2357,24,,,1,70,,2371,24,,,1,30,,2356,24,,,1,70,,2368,24,,,1,30,,2355,24,,,1,70,,2348,24,,,1,30,,2354,24,,,1,70,,2370,24,,,1,30,,2347,24,,,1,70,,2377,24,,,1,30,,2376,24,,,1,69,,2375,24,,,1,30,,2374,24,,,1,70,,2353,24,,,1,30,,2372,24,,,1
1001,'10-Weekday-11111100',622,,2394,24,,,1,30,,2379,24,,,1,56,,2437,19,0,37 38,1,16,,2390,24,,,1,15,,2403,19,0,37 38,1,15,,2404,24,,,1,55,,2405,19,0,37 38,1,15,,2406,24,,,1,15,,2407,19,0,37 38,1,15,,2408,24,,,1,55,,2409,19,0,37 38,1,15,,2410,24,,,1,13,,2411,19,0,37 38,1,15,,2400,24,,,1,54,,2414,19,0,37 38,1,16,,2401,24,,,1,14,,2415,19,0,37 38,1,16,,2402,24,,,1,54,,2416,19,0,37 38,1,16,,2399,24,,,1,14,,2417,19,0,37 38,1,16,,2382,24,,,1,54,,2418,19,0,37 38,1,16,,2395,24,,,1,14,,2419,19,0,37 38,1,16,,2396,24,,,1,54,,2420,19,0,37 38,1,16,,2381,24,,,1,14,,2421,19,0,37 38,1,16,,2397,24,,,1,54,,2422,19,0,37 38,1,16,,2380,24,,,1,14,,2423,19,0,37 38,1,19,,2398,24,,,1,54,,2413,19,0,37 38,1,16,,2393,24,,,1,14,,2392,19,0,37 38,1,16,,2391,24,,,1,54,,2378,19,0,37 38,1,16,,2389,24,,,1,14,,2388,19,0,37 38,1,16,,2387,24,,,1,54,,2386,19,0,37 38,1,16,,2385,24,,,1,14,,2384,19,0,37 38,1,16,,2383,24,,,1,54,,2424,19,0,37 38,1,14,,2412,24,,,1,30,,2426,24,,,1,70,,2427,24,,,1,30,,2428,24,,,1,70,,2429,24,,,1,30,,2430,24,,,1,70,,2431,24,,,1,30,,2432,24,,,1,68,,2433,24,,,1,30,,2434,24,,,1,70,,2435,24,,,1,30,,2436,24,,,1,70,,2425,24,,,1
1601,'16-Holiday1-10000001',904,,3285,55,,,1,100,,3286,55,,,1,105,,3287,55,,,1,100,,3288,55,,,1,100,,3289,55,,,1,100,,3290,55,,,1,100,,3291,55,,,1,100,,3292,55,,,1,100,,3293,55,,,1,100,,3294,55,,,1,98,,3295,55,,,1,101,,3296,55,,,1,100,,3297,55,,,1,100,,3298,55,,,1,100,,3299,55,,,1,100,,3300,55,,,1
1601,'16-Saturday-10000010',709,,3301,28,,,1,30,,3302,55,,,1,70,,3303,55,,,1,30,,3304,55,,,1,71,,3305,55,,,1,31,,3306,55,,,1,74,,3307,55,,,1,33,,3308,55,,,1,70,,3309,55,,,1,30,,3310,55,,,1,70,,3311,55,,,1,30,,3312,55,,,1,70,,3313,55,,,1,30,,3314,55,,,1,70,,3315,55,,,1,30,,3316,55,,,1,70,,3317,55,,,1,30,,3318,55,,,1,70,,3319,55,,,1,30,,3320,55,,,1,70,,3321,55,,,1,30,,3322,55,,,1,69,,3323,55,,,1,28,,3324,55,,,1,68,,3325,55,,,1,28,,3326,55,,,1,70,,3327,55,,,1,30,,3328,55,,,1,70,,3329,55,,,1,30,,3330,55,,,1,70,,3331,55,,,1,30,,3332,55,,,1,70,,3333,55,,,1,30,,3334,55,,,1,70,,3336,55,,,1
1601,'16-Sunday-10000001',834,,3337,55,,,1,70,,3338,55,,,1,30,,3339,55,,,1,70,,3340,55,,,1,31,,3341,55,,,1,74,,3342,55,,,1,30,,3343,55,,,1,70,,3344,55,,,1,30,,3345,55,,,1,70,,3346,55,,,1,30,,3347,55,,,1,70,,3348,55,,,1,30,,3349,55,,,1,70,,3350,55,,,1,30,,3351,55,,,1,70,,3352,55,,,1,30,,3353,55,,,1,70,,3354,55,,,1,30,,3355,55,,,1,70,,3356,55,,,1,31,,3357,55,,,1,67,,3358,55,,,1,31,,3359,55,,,1,70,,3360,55,,,1,30,,3361,55,,,1,70,,3362,55,,,1,30,,3363,55,,,1,70,,3364,55,,,1,30,,3365,55,,,1,70,,3366,55,,,1,30,,3367,55,,,1,70,,3368,55,,,1
1601,'16-Weekday-11111100',635,,3370,55,,,1,72,,3371,55,,,1,11,,3407,55,,,1,19,,3372,55,,,1,20,,3411,55,,,1,55,,3373,55,,,1,17,,3408,55,,,1,16,,3374,55,,,1,55,,3409,55,,,1,15,,3375,55,,,1,15,,3410,55,,,1,15,,3376,55,,,1,56,,3420,55,,,1,15,,3377,55,,,1,16,,3426,55,,,1,16,,3378,55,,,1,55,,3427,55,,,1,14,,3379,55,,,1,16,,3428,55,,,1,15,,3380,55,,,1,55,,3429,55,,,1,15,,3381,55,,,1,15,,3430,55,,,1,15,,3382,55,,,1,55,,3431,55,,,1,15,,3383,55,,,1,15,,3432,55,,,1,15,,3384,55,,,1,55,,3433,55,,,1,15,,3385,55,,,1,16,,3434,55,,,1,15,,3386,55,,,1,55,,3435,55,,,1,17,,3387,55,,,1,15,,3417,55,,,1,15,,3388,55,,,1,57,,3412,55,,,1,15,,3389,55,,,1,16,,3413,55,,,1,15,,3390,55,,,1,55,,3414,55,,,1,15,,3391,55,,,1,15,,3415,55,,,1,15,,3392,55,,,1,54,,3416,55,,,1,15,,3393,55,,,1,13,,3406,55,,,1,13,,3394,55,,,1,54,,3418,55,,,1,13,,3395,55,,,1,13,,3421,55,,,1,15,,3396,55,,,1,14,,3397,55,,,1,55,,3422,55,,,1,15,,3398,55,,,1,15,,3425,55,,,1,15,,3399,55,,,1,55,,3423,55,,,1,15,,3400,55,,,1,15,,3424,55,,,1,15,,3401,55,,,1,53,,3436,55,,,1,14,,3402,55,,,1,31,,3403,55,,,1,67,,3404,55,,,1,13,,3405,55,,,1
3600,'36-Saturday-10000010',742,,5805,12,,,1,70,,5817,12,,,1,30,,5806,12,,,1,71,,5818,12,,,1,30,,5807,12,,,1,70,,5819,12,,,1,30,,5808,12,,,1,70,,5820,12,,,1,30,,5809,12,,,1,70,,5821,12,,,1,30,,5810,12,,,1,70,,5822,12,,,1,30,,5811,12,,,1,70,,5823,12,,,1,30,,5812,12,,,1,70,,5824,12,,,1,30,,5813,12,,,1,70,,5825,12,,,1,30,,5814,12,,,1,70,,5826,12,,,1,30,,5815,12,,,1,69,,5827,12,,,1,30,,5816,12,,,1,70,,5828,12,,,1,30,,5829,12,,,1
3600,'36-Sunday-10000001',840,,5830,12,,,1,70,,5831,12,,,1,30,,5832,12,,,1,71,,5833,12,,,1,31,,5834,12,,,1,75,,5835,12,,,1,31,,5836,12,,,1,70,,5837,12,,,1,30,,5838,12,,,1,70,,5839,12,,,1,30,,5840,12,,,1,70,,5841,12,,,1,30,,5842,12,,,1,70,,5843,12,,,1,30,,5844,12,,,1,70,,5845,12,,,1,30,,5846,12,,,1,70,,5847,12,,,1,30,,5848,12,,,1,64,,5849,12,,,1,28,,5850,12,,,1,70,,5851,12,,,1
3600,'36-Weekday-11111100',627,,5876,12,,,1,101,,5854,12,,,1,30,,5853,12,,,1,70,,5868,12,,,1,30,,5867,12,,,1,70,,5866,12,,,1,30,,5865,12,,,1,70,,5864,12,,,1,30,,5863,12,,,1,70,,5862,12,,,1,30,,5861,12,,,1,70,,5860,12,,,1,30,,5859,12,,,1,70,,5858,12,,,1,30,,5857,12,,,1,70,,5856,12,,,1,72,,5855,12,,,1,30,,5875,12,,,1,70,,5880,12,,,1,30,,5874,12,,,1,70,,5873,12,,,1,30,,5872,12,,,1,70,,5871,12,,,1,27,,5870,12,,,1,30,,5869,12,,,1,70,,5883,12,,,1,30,,5878,12,,,1,70,,5882,12,,,1,30,,5877,12,,,1,70,,5852,12,,,1,30,,5879,12,,,1,68,,5881,12,,,1,30,,5884,12,,,1
5701,'57-Saturday-10000010',752,,7240,20,,,1,100,,7239,20,,,1,101,,7233,20,,,1,100,,7232,20,,,1,100,,7237,20,,,1,100,,7236,20,,,1,100,,7235,20,,,1,100,,7234,20,,,1,100,,7238,20,,,1,100,,7243,20,,,1,100,,7242,20,,,1,99,,7241,20,,,1
5701,'57-Weekday-11111100',651,,7271,20,,,1,74,,7244,20,,,1,30,,7245,20,,,1,70,,7246,20,,,1,30,,7247,20,,,1,70,,7248,20,,,1,28,,7249,20,,,1,70,,7250,20,,,1,30,,7251,20,,,1,70,,7252,20,,,1,30,,7254,20,,,1,70,,7253,20,,,1,30,,7255,20,,,1,70,,7256,20,,,1,30,,7257,20,,,1,70,,7258,20,,,1,32,,7259,20,,,1,70,,7261,20,,,1,30,,7260,20,,,1,70,,7262,20,,,1,30,,7263,20,,,1,70,,7264,20,,,1,30,,7265,20,,,1,67,,7266,20,,,1,30,,7267,20,,,1,70,,7272,20,,,1,30,,7268,20,,,1,70,,7273,20,,,1,30,,7269,20,,,1,70,,7275,20,,,1,30,,7270,20,,,1,70,,7274,20,,,1
6101,'61-Holiday1-11111111',839,,7754,26,,,1,70,,7755,26,,,1,30,,7756,26,,,1,71,,7757,26,,,1,34,,7758,26,,,1,70,,7759,26,,,1,30,,7760,26,,,1,70,,7761,26,,,1,30,,7762,26,,,1,70,,7763,26,,,1,30,,7764,26,,,1,70,,7765,26,,,1,30,,7766,26,,,1,70,,7767,26,,,1,30,,7768,26,,,1,70,,7769,26,,,1,30,,7770,26,,,1,70,,7771,26,,,1,30,,7772,26,,,1,68,,7773,26,,,1,27,,7774,26,,,1,70,,7775,26,,,1,30,,7776,26,,,1,70,,7777,26,,,1,30,,7778,26,,,1,70,,7779,26,,,1,30,,7780,26,,,1,70,,7781,26,,,1,30,,7782,26,,,1
6101,'61-Saturday-10000010',714,,7806,26,,,1,30,,7807,26,,,1,70,,7808,26,,,1,26,,7817,19,,,1,4,,7809,26,,,1,69,,7810,26,,,1,29,,7811,26,,,1,70,,7812,26,,,1,30,,7813,26,,,1,70,,7816,26,,,1,30,,7814,26,,,1,70,,7815,26,,,1,30,,7786,26,,,1,70,,7785,26,,,1,30,,7787,26,,,1,70,,7784,26,,,1,30,,7788,26,,,1,70,,7789,26,,,1,30,,7790,26,,,1,70,,7791,26,,,1,30,,7792,26,,,1,70,,7793,26,,,1,30,,7805,26,,,1,71,,7804,26,,,1,31,,7803,26,,,1,70,,7802,26,,,1,30,,7801,26,,,1,70,,7800,26,,,1,30,,7799,26,,,1,70,,7798,26,,,1,30,,7797,26,,,1,70,,7796,26,,,1,30,,7795,26,,,1,70,,7794,26,,,1
6101,'61-Sunday-10000001',839,,7847,26,,,1,70,,7846,26,,,1,30,,7845,26,,,1,71,,7844,26,,,1,34,,7843,26,,,1,70,,7842,26,,,1,30,,7827,26,,,1,70,,7828,26,,,1,30,,7829,26,,,1,70,,7830,26,,,1,30,,7831,26,,,1,70,,7832,26,,,1,30,,7833,26,,,1,70,,7834,26,,,1,30,,7835,26,,,1,70,,7836,26,,,1,30,,7838,26,,,1,70,,7839,26,,,1,30,,7840,26,,,1,68,,7837,26,,,1,27,,7841,26,,,1,70,,7821,26,,,1,30,,7820,26,,,1,70,,7826,26,,,1,30,,7819,26,,,1,70,,7825,26,,,1,30,,7824,26,,,1,70,,7822,26,,,1,30,,7823,26,,,1
6101,'61-Weekday-11111100',639,,7872,26,,,1,70,,7878,26,,,1,16,,7902,26,,,1,15,,7879,26,,,1,15,,7891,26,,,1,55,,7880,26,,,1,15,,7900,26,,,1,15,,7881,26,,,1,15,,7884,26,,,1,55,,7882,26,,,1,15,,7897,26,,,1,15,,7883,26,,,1,16,,7890,26,,,1,55,,7875,26,,,1,15,,7896,26,,,1,15,,7876,26,,,1,15,,7889,26,,,1,55,,7877,26,,,1,15,,7895,26,,,1,15,,7874,26,,,1,15,,7888,26,,,1,55,,7873,26,,,1,15,,7903,26,,,1,15,,7850,26,,,1,15,,7894,26,,,1,55,,7851,26,,,1,15,,7887,26,,,1,15,,7852,26,,,1,15,,7893,26,,,1,55,,7853,26,,,1,15,,7906,26,,,1,17,,7854,26,,,1,58,,7899,26,,,1,15,,7855,26,,,1,15,,7886,26,,,1,15,,7856,26,,,1,55,,7904,26,,,1,15,,7857,26,,,1,15,,7905,26,,,1,15,,7858,26,,,1,55,,7907,26,,,1,15,,7859,26,,,1,15,,7885,26,,,1,15,,7860,26,,,1,55,,7892,26,,,1,14,,7861,26,,,1,12,,7898,26,,,1,15,,7862,26,,,1,15,,7901,26,,,1,55,,7863,26,,,1,15,,7911,26,,,1,15,,7864,26,,,1,15,,7908,26,,,1,55,,7865,26,,,1,15,,7909,26,,,1,15,,7866,26,,,1,15,,7910,26,,,1,55,,7867,26,,,1,15,,7912,26,,,1,15,,7913,26,,,1,15,,7868,26,,,1,55,,7869,26,,,1,28,,7870,26,,,1,70,,7871,26,,,1
7601,'76-Weekday-11111100',642,,8437,12,,,1,70,,8438,12,,,1,30,,8439,12,,,1,70,,8440,12,,,1,30,,8441,12,,,1,70,,8442,12,,,1,29,,8443,12,,,1,70,,8444,12,,,1,430,,8445,12,,,1,71,,8446,12,,,1,30,,8447,12,,,1,70,,8448,12,,,1,30,,8449,12,,,1,70,,8450,12,,,1,30,,8451,12,,,1,70,,8452,12,,,1,30,,8453,12,,,1
