101,'1-Holiday1-10000001',824,,21849,22,,,1,100,,21850,22,,,1,30,,21851,22,,,1,72,,21852,22,,,1,30,,21853,22,,,1,70,,21854,22,,,1,30,,21855,22,,,1,70,,21856,22,,,1,30,,21857,22,,,1,70,,21858,22,,,1,30,,21859,22,,,1,70,,21860,22,,,1,30,,21861,22,,,1,70,,21862,22,,,1,30,,21863,22,,,1,70,,21864,22,,,1,30,,21865,22,,,1,70,,21866,22,,,1,30,,21867,22,,,1,68,,21868,22,,,1,100,,21869,22,,,1,100,,21870,22,,,1,100,,21871,22,,,1,100,,21872,22,,,1,100,,21873,22,,,1,100,,21874,22,,,1
101,'1-Saturday-10000010',624,,21875,22,,,1,30,,21876,22,,,1,70,,21877,22,,,1,30,,21878,22,,,1,70,,21879,22,,,1,30,,21880,22,,,1,72,,21881,22,,,1,30,,21882,22,,,1,70,,21883,22,,,1,30,,21884,22,,,1,70,,21885,22,,,1,30,,21886,22,,,1,70,,21887,22,,,1,30,,21888,22,,,1,70,,21889,22,,,1,30,,21890,22,,,1,70,,21891,22,,,1,30,,21892,22,,,1,70,,21893,22,,,1,30,,21894,22,,,1,70,,21895,22,,,1,30,,21896,22,,,1,70,,21897,22,,,1,30,,21898,22,,,1,68,,21899,22,,,1,30,,21900,22,,,1,70,,21901,22,,,1,30,,21902,22,,,1,70,,21903,22,,,1,30,,21904,22,,,1,70,,21905,22,,,1,30,,21906,22,,,1,70,,21907,22,,,1,30,,21908,22,,,1,70,,21909,22,,,1,100,,21910,22,,,1
101,'1-Sunday-10000001',824,,21911,22,,,1,100,,21912,22,,,1,30,,21913,22,,,1,72,,21914,22,,,1,30,,21915,22,,,1,70,,21916,22,,,1,30,,21917,22,,,1,70,,21918,22,,,1,30,,21919,22,,,1,70,,21920,22,,,1,30,,21921,22,,,1,70,,21922,22,,,1,30,,21923,22,,,1,70,,21924,22,,,1,30,,21925,22,,,1,70,,21926,22,,,1,30,,21927,22,,,1,70,,21928,22,,,1,30,,21929,22,,,1,68,,21930,22,,,1,100,,21931,22,,,1,100,,21932,22,,,1,100,,21933,22,,,1,100,,21934,22,,,1,100,,21935,22,,,1,100,,21936,22,,,1
101,'1-Weekday-11111100',609,,21973,22,,,1,15,,21971,22,,,1,15,,21975,12,,,1,15,,21972,22,,,1,56,,21974,12,,,1,16,,21937,22,,,1,30,,21938,22,,,1,70,,21939,22,,,1,30,,21940,22,,,1,70,,21941,22,,,1,30,,21942,22,,,1,70,,21951,22,,,1,30,,21952,22,,,1,70,,21953,22,,,1,30,,21954,22,,,1,70,,21955,22,,,1,30,,21956,22,,,1,70,,21957,22,,,1,30,,21958,22,,,1,70,,21959,22,,,1,31,,21943,22,,,1,70,,21944,22,,,1,30,,21945,22,,,1,70,,21946,22,,,1,30,,21947,22,,,1,70,,21948,22,,,1,30,,21949,22,,,1,69,,21950,22,,,1,30,,21960,22,,,1,70,,21961,22,,,1,30,,21962,22,,,1,70,,21963,22,,,1,30,,21964,22,,,1,70,,21965,22,,,1,30,,21966,22,,,1,68,,21967,22,,,1,30,,21968,22,,,1,70,,21969,22,,,1,100,,21970,22,,,1
301,'3-Saturday-10000010',658,,22071,1,,,1,70,,22072,1,,,1,30,,22073,1,,,1,70,,22074,1,,,1,30,,22075,1,,,1,72,,22076,1,,,1,70,,22077,1,,,1,30,,22078,1,,,1,70,,22079,1,,,1,30,,22080,1,,,1,70,,22081,1,,,1,30,,22082,1,,,1,70,,22083,1,,,1,30,,22084,1,,,1,70,,22085,1,,,1,30,,22086,1,,,1,70,,22087,1,,,1,30,,22088,1,,,1,70,,22089,1,,,1,30,,22090,1,,,1,70,,22091,1,,,1,30,,22092,1,,,1,70,,22093,1,,,1,28,,22094,1,,,1,30,,22095,1,,,1,70,,22096,1,,,1,30,,22097,1,,,1,70,,22098,1,,,1,30,,22099,1,,,1,100,,22100,1,,,1,100,,22101,1,,,1
301,'3-Sunday-10000001',858,,22104,1,,,1,100,,22105,1,,,1,71,,22106,1,,,1,30,,22107,1,,,1,70,,22108,1,,,1,30,,22109,1,,,1,70,,22110,1,,,1,30,,22111,1,,,1,70,,22112,1,,,1,30,,22113,1,,,1,70,,22114,1,,,1,30,,22115,1,,,1,70,,22116,1,,,1,30,,22117,1,,,1,70,,22118,1,,,1,30,,22119,1,,,1,70,,22120,1,,,1,30,,22121,1,,,1,68,,22127,1,,,1,30,,22122,1,,,1,70,,22128,1,,,1,30,,22123,1,,,1,70,,22129,1,,,1,30,,22126,1,,,1,100,,22124,1,,,1,100,,22125,1,,,1
301,'3-Weekday-11111100',629,,22131,1,,,1,30,,22130,1,,,1,74,,22132,1,,,1,70,,22133,1,,,1,30,,22134,1,,,1,70,,22135,1,,,1,31,,22136,1,,,1,66,,22137,1,,,1,30,,22143,1,,,1,70,,22144,1,,,1,30,,22145,1,,,1,70,,22146,1,,,1,30,,22147,1,,,1,70,,22142,1,,,1,30,,22141,1,,,1,70,,22140,1,,,1,30,,22139,1,,,1,75,,22138,1,,,1,30,,22154,1,,,1,70,,22153,1,,,1,30,,22152,1,,,1,70,,22151,1,,,1,30,,22150,1,,,1,69,,22149,1,,,1,25,,22148,1,,,1,30,,22159,1,,,1,70,,22158,1,,,1,30,,22160,1,,,1,70,,22162,1,,,1,30,,22157,1,,,1,70,,22163,1,,,1,30,,22156,1,,,1,67,,22164,1,,,1,30,,22155,1,,,1,70,,22165,1,,,1,30,,22161,1,,,1
400,'4-Saturday-10000010',658,,22196,29,4,,1,70,,22166,29,4,,1,30,,22167,29,4,,1,70,,22168,29,4,,1,30,,22169,29,4,,1,72,,22170,29,4,,1,70,,22171,29,4,,1,30,,22172,29,4,,1,70,,22173,29,4,,1,30,,22174,29,4,,1,70,,22175,29,4,,1,30,,22176,29,4,,1,70,,22177,29,4,,1,30,,22178,29,4,,1,70,,22179,29,4,,1,30,,22180,29,4,,1,70,,22181,29,4,,1,30,,22182,29,4,,1,70,,22183,29,4,,1,30,,22184,29,4,,1,70,,22185,29,4,,1,30,,22186,29,4,,1,70,,22187,29,4,,1,28,,22188,29,4,,1,30,,22189,29,4,,1,70,,22190,29,4,,1,30,,22191,29,4,,1,70,,22192,29,4,,1,30,,22193,29,4,,1,100,,22194,29,4,,1,100,,22195,29,4,,1
400,'4-Sunday-10000001',858,,22197,29,4,,1,100,,22198,29,4,,1,71,,22199,29,4,,1,30,,22200,29,4,,1,70,,22201,29,4,,1,30,,22202,29,4,,1,70,,22203,29,4,,1,30,,22204,29,4,,1,70,,22205,29,4,,1,30,,22206,29,4,,1,70,,22207,29,4,,1,30,,22208,29,4,,1,70,,22209,29,4,,1,30,,22210,29,4,,1,70,,22211,29,4,,1,30,,22212,29,4,,1,70,,22213,29,4,,1,30,,22214,29,4,,1,68,,22220,29,4,,1,30,,22215,29,4,,1,70,,22221,29,4,,1,30,,22216,29,4,,1,70,,22222,29,4,,1,30,,22217,29,4,,1,100,,22218,29,4,,1,100,,22219,29,4,,1
400,'4-Weekday-11111100',629,,22223,29,4,,1,30,,22224,29,4,,1,74,,22225,29,4,,1,70,,22226,29,4,,1,30,,22227,29,4,,1,70,,22228,29,4,,1,31,,22229,29,4,,1,66,,22230,29,4,,1,30,,22231,29,4,,1,70,,22232,29,4,,1,30,,22233,29,4,,1,70,,22234,29,4,,1,30,,22235,29,4,,1,70,,22236,29,4,,1,30,,22237,29,4,,1,70,,22238,29,4,,1,30,,22239,29,4,,1,75,,22240,29,4,,1,30,,22241,29,4,,1,70,,22242,29,4,,1,30,,22243,29,4,,1,70,,22244,29,4,,1,30,,22245,29,4,,1,69,,22246,29,4,,1,25,,22247,29,4,,1,30,,22248,29,4,,1,70,,22249,29,4,,1,30,,22250,29,4,,1,70,,22255,29,4,,1,30,,22251,29,4,,1,70,,22256,29,4,,1,30,,22252,29,4,,1,67,,22257,29,4,,1,30,,22253,29,4,,1,70,,22258,29,4,,1,30,,22254,29,4,,1
701,'7-Holiday1-10000001',838,,23015,22,,,1,70,,23016,22,,,1,30,,23018,22,,,1,70,,23019,22,,,1,30,,23020,22,,,1,70,,23021,22,,,1,30,,23022,22,,,1,70,,23023,22,,,1,30,,23024,22,,,1,70,,23025,22,,,1,30,,23026,22,,,1,70,,23027,22,,,1,30,,23028,22,,,1,70,,23029,22,,,1,30,,23030,22,,,1,70,,23031,22,,,1,30,,23032,22,,,1,70,,23033,22,,,1,30,,23034,22,,,1,70,,23035,22,,,1,30,,23036,22,,,1,70,,23037,22,,,1,30,,23038,22,,,1,70,,23039,22,,,1,30,,23040,22,,,1,70,,23041,22,,,1,30,,23042,22,,,1,70,,23013,22,,,1,30,,23011,22,,,1,70,,23014,22,,,1,30,,23012,22,,,1,70,,23017,22,,,1
701,'7-Saturday-10000010',638,,23046,22,,,1,70,,23048,22,,,1,30,,23050,22,,,1,15,,23051,22,,,1,55,,23052,22,,,1,15,,23053,22,,,1,15,,23054,22,,,1,15,,23055,22,,,1,55,,23056,22,,,1,23,,23057,22,,,1,15,,23058,22,,,1,55,,23059,22,,,1,15,,23060,22,,,1,15,,23061,22,,,1,15,,23062,22,,,1,55,,23063,22,,,1,15,,23064,22,,,1,15,,23065,22,,,1,15,,23066,22,,,1,55,,23067,22,,,1,15,,23068,22,,,1,15,,23069,22,,,1,15,,23070,22,,,1,55,,23071,22,,,1,15,,23072,22,,,1,15,,23073,22,,,1,15,,23074,22,,,1,55,,23075,22,,,1,15,,23076,22,,,1,15,,23077,22,,,1,15,,23078,22,,,1,55,,23079,22,,,1,15,,23080,22,,,1,15,,23081,22,,,1,15,,23082,22,,,1,55,,23083,22,,,1,15,,23084,22,,,1,15,,23085,22,,,1,15,,23086,22,,,1,55,,23087,22,,,1,15,,23088,22,,,1,15,,23089,22,,,1,15,,23090,22,,,1,55,,23091,22,,,1,13,,23092,22,,,1,14,,23093,22,,,1,10,,23094,22,,,1,15,,23095,22,,,1,55,,23096,22,,,1,15,,23097,22,,,1,15,,23098,22,,,1,15,,23099,22,,,1,55,,23100,22,,,1,15,,23101,22,,,1,15,,23102,22,,,1,15,,23103,22,,,1,55,,23104,22,,,1,15,,23105,22,,,1,15,,23106,22,,,1,15,,23107,22,,,1,55,,23108,22,,,1,15,,23109,22,,,1,15,,23110,22,,,1,15,,23111,22,,,1,55,,23112,22,,,1,15,,23047,22,,,1,15,,23044,22,,,1,15,,23049,22,,,1,55,,23045,22,,,1,16,,23113,22,4,,1
701,'7-Sunday-10000001',839,,23118,22,,,1,70,,23120,22,,,1,15,,23176,22,,,1,20,,23121,22,,,1,15,,23122,22,,,1,57,,23123,22,,,1,17,,23124,22,,,1,15,,23125,22,,,1,55,,23126,22,,,1,15,,23127,22,,,1,15,,23128,22,,,1,15,,23129,22,,,1,55,,23130,22,,,1,15,,23131,22,,,1,15,,23132,22,,,1,15,,23133,22,,,1,55,,23134,22,,,1,15,,23135,22,,,1,15,,23136,22,,,1,15,,23137,22,,,1,55,,23138,22,,,1,15,,23139,22,,,1,15,,23140,22,,,1,15,,23141,22,,,1,55,,23142,22,,,1,15,,23143,22,,,1,15,,23144,22,,,1,15,,23145,22,,,1,55,,23146,22,,,1,15,,23147,22,,,1,15,,23148,22,,,1,15,,23149,22,,,1,55,,23150,22,,,1,15,,23151,22,,,1,15,,23152,22,,,1,15,,23153,22,,,1,54,,23154,22,,,1,14,,23155,22,,,1,13,,23156,22,,,1,10,,23157,22,,,1,15,,23158,22,,,1,55,,23159,22,,,1,15,,23160,22,,,1,15,,23161,22,,,1,15,,23162,22,,,1,55,,23163,22,,,1,15,,23164,22,,,1,15,,23165,22,,,1,15,,23166,22,,,1,55,,23167,22,,,1,15,,23168,22,,,1,15,,23169,22,,,1,15,,23170,22,,,1,55,,23116,22,,,1,15,,23119,22,,,1,15,,23114,22,,,1,15,,23171,22,,,1,55,,23117,22,,,1,15,,23172,22,,,1,15,,23115,22,,,1,15,,23173,22,,,1,70,,23174,22,4,,1
701,'7-Weekday-11111100',608,,23249,22,,,1,15,,23178,22,,,1,15,,23179,22,,,1,15,,23180,22,,,1,56,,23251,22,,,1,25,,23181,22,,,1,15,,23182,22,,,1,55,,23183,22,,,1,15,,23184,22,,,1,15,,23185,22,,,1,15,,23186,22,,,1,55,,23187,22,,,1,15,,23188,22,,,1,15,,23189,22,,,1,16,,23190,22,,,1,56,,23191,22,,,1,15,,23192,22,,,1,15,,23193,22,,,1,15,,23194,22,,,1,55,,23195,22,,,1,15,,23196,22,,,1,15,,23197,22,,,1,15,,23198,22,,,1,55,,23199,22,,,1,15,,23200,22,,,1,15,,23201,22,,,1,15,,23202,22,,,1,55,,23203,22,,,1,15,,23204,22,,,1,15,,23205,22,,,1,15,,23206,22,,,1,55,,23207,22,,,1,15,,23208,22,,,1,16,,23209,22,,,1,16,,23210,22,,,1,61,,23211,22,,,1,20,,23212,22,,,1,15,,23213,22,,,1,55,,23214,22,,,1,15,,23215,22,,,1,15,,23216,22,,,1,15,,23217,22,,,1,55,,23218,22,,,1,15,,23219,22,,,1,15,,23220,22,,,1,15,,23221,22,,,1,54,,23222,22,,,1,13,,23223,22,,,1,12,,23224,22,,,1,20,,23225,22,,,1,55,,23226,22,,,1,15,,23227,22,,,1,15,,23228,22,,,1,15,,23229,22,,,1,55,,23230,22,,,1,15,,23231,22,,,1,15,,23232,22,,,1,15,,23233,22,,,1,55,,23234,22,,,1,15,,23235,22,,,1,15,,23236,22,,,1,15,,23237,22,,,1,54,,23238,22,,,1,14,,23239,22,,,1,8,,23240,22,,,1,15,,23241,22,,,1,15,,23242,22,,,1,55,,23243,22,,,1,15,,23244,22,,,1,15,,23245,22,,,1,15,,23246,22,,,1,55,,23247,22,,,1,15,,23250,22,4,,1
20401,'204-Holiday1-10000001',745,,31025,14,,,1,70,,31026,14,,,1,30,,31027,14,,,1,70,,31028,14,,,1,30,,31029,14,,,1,70,,31024,14,,,1,30,,31030,14,,,1,70,,31031,14,,,1,30,,31032,14,,,1,70,,31033,14,,,1,30,,31034,14,,,1,70,,31035,14,,,1,30,,31036,14,,,1,70,,31037,14,,,1,30,,31038,14,,,1,70,,31039,14,,,1,30,,31040,14,,,1,70,,31041,14,,,1,30,,31042,14,,,1,70,,31043,14,,,1,30,,31044,14,,,1,70,,31045,14,,,1,30,,31046,14,,,1,70,,31047,14,,,1,30,,31048,14,,,1,70,,31049,14,,,1,30,,31050,14,,,1,70,,31051,14,,,1,30,,31052,14,,,1,70,,31053,14,,,1,30,,31054,14,,,1,70,,31055,14,,,1,30,,31056,14,,,1
20401,'204-Saturday-10000010',645,,31091,14,,,1,70,,31057,14,,,1,30,,31058,14,,,1,70,,31059,14,,,1,30,,31060,14,,,1,70,,31061,14,,,1,30,,31062,14,,,1,70,,31090,14,,,1,30,,31063,14,,,1,70,,31064,14,,,1,30,,31065,14,,,1,70,,31066,14,,,1,30,,31067,14,,,1,70,,31068,14,,,1,30,,31069,14,,,1,70,,31070,14,,,1,30,,31071,14,,,1,70,,31072,14,,,1,30,,31073,14,,,1,70,,31074,14,,,1,30,,31075,14,,,1,70,,31076,14,,,1,30,,31077,14,,,1,70,,31078,14,,,1,30,,31079,14,,,1,70,,31080,14,,,1,30,,31081,14,,,1,70,,31082,14,,,1,30,,31083,14,,,1,70,,31084,14,,,1,30,,31085,14,,,1,70,,31086,14,,,1,30,,31087,14,,,1,70,,31088,14,,,1,30,,31089,14,,,1
20401,'204-Sunday-10000001',743,,31093,14,,,1,70,,31094,14,,,1,30,,31095,14,,,1,70,,31096,14,,,1,30,,31097,14,,,1,70,,31092,14,,,1,34,,31098,14,,,1,70,,31099,14,,,1,30,,31100,14,,,1,70,,31101,14,,,1,30,,31102,14,,,1,70,,31103,14,,,1,30,,31104,14,,,1,70,,31105,14,,,1,30,,31106,14,,,1,70,,31107,14,,,1,30,,31108,14,,,1,70,,31109,14,,,1,30,,31110,14,,,1,70,,31111,14,,,1,30,,31112,14,,,1,70,,31113,14,,,1,27,,31114,14,,,1,70,,31115,14,,,1,30,,31116,14,,,1,70,,31117,14,,,1,30,,31118,14,,,1,70,,31119,14,,,1,30,,31120,14,,,1,70,,31121,14,,,1,30,,31122,14,,,1,70,,31123,14,,,1,30,,31124,14,,,1
20401,'204-Weekday-11111100',610,,31182,14,,,1,31,,31176,14,,,1,71,,31125,14,,,1,16,,31183,14,,,1,15,,31177,14,,,1,15,,31126,14,,,1,55,,31178,14,,,1,15,,31127,14,,,1,15,,31128,14,,,1,15,,31129,14,,,1,55,,31130,14,,,1,15,,31131,14,,,1,15,,31132,14,,,1,15,,31133,14,,,1,59,,31134,14,,,1,15,,31135,14,,,1,15,,31136,14,,,1,55,,31137,14,,,1,15,,31138,14,,,1,15,,31139,14,,,1,15,,31140,14,,,1,55,,31141,14,,,1,15,,31142,14,,,1,15,,31143,14,,,1,15,,31144,14,,,1,55,,31145,14,,,1,15,,31146,14,,,1,15,,31147,14,,,1,15,,31148,14,,,1,55,,31149,14,,,1,15,,31150,14,,,1,15,,31151,14,,,1,16,,31152,14,,,1,56,,31153,14,,,1,10,,31181,14,,,1,13,,31154,14,,,1,20,,31155,14,,,1,55,,31156,14,,,1,15,,31157,14,,,1,15,,31158,14,,,1,15,,31159,14,,,1,55,,31160,14,,,1,15,,31161,14,,,1,15,,31162,14,,,1,15,,31180,14,,,1,55,,31163,14,,,1,13,,31164,14,,,1,14,,31165,14,,,1,27,,31179,14,,,1,50,,31166,14,,,1,40,,31167,14,,,1,70,,31168,14,,,1,30,,31169,14,,,1,70,,31170,14,,,1,30,,31171,14,,,1,69,,31172,14,,,1,28,,31173,14,,,1,70,,31174,14,,,1,30,,31175,14,,,1
