'53-Holiday1-4-20245-0000001',5300,83000,,'',1,10000,,'',1,10000,,'',1,10000,,'',1,10000,,'',1,10000,,'',1,10000,,'',1,10000,,'',1,10000,,'',1,10000,,'',1,10000,,'',1,10000,,'',1,10000,,'',1,10000,,'',1,10000,,'',1,10000,,'',1
'53-Holiday1-4-20245-0000001',5301,90600,4,'',1,10000,4,'',1,10300,4,'',1,10000,4,'',1,10000,4,'',1,10000,4,'',1,10000,4,'',1,10000,4,'',1,10000,4,'',1,10000,4,'',1,9700,4,'',1,10000,4,'',1,10000,4,'',1,10000,4,'',1,10000,4,'',1
'53-Holiday2-1-20245-0000001',5300,81500,,'',1,10000,,'',1,10000,,'',1,10000,,'',1,10000,,'',1,10000,,'',1,10000,,'',1,10000,,'',1,10000,,'',1,10000,,'',1
'53-Holiday2-1-20245-0000001',5301,90600,4,'',1,10000,4,'',1,10300,4,'',1,10000,4,'',1,10000,4,'',1,10000,4,'',1,10000,4,'',1,10000,4,'',1,10000,4,'',1,10000,4,'',1
'53-Holiday3-1-20245-0000001',5300,83000,,'',1,10000,,'',1,10000,,'',1,10000,,'',1,10000,,'',1,10000,,'',1,10000,,'',1,10000,,'',1,10000,,'',1,10000,,'',1,10000,,'',1,10000,,'',1,10000,,'',1,10000,,'',1,10000,,'',1,10000,,'',1
'53-Holiday3-1-20245-0000001',5301,90600,4,'',1,10000,4,'',1,10300,4,'',1,10000,4,'',1,10000,4,'',1,10000,4,'',1,10000,4,'',1,10000,4,'',1,10000,4,'',1,10000,4,'',1,9700,4,'',1,10000,4,'',1,10000,4,'',1,10000,4,'',1,10000,4,'',1
'53-Saturday-1-20245-0000010',5300,70000,,'',1,3000,,'',1,7000,,'',1,3000,,'',1,7000,,'',1,3000,,'',1,7000,,'',1,3000,,'',1,7000,,'',1,3000,,'',1,7000,,'',1,3000,,'',1,7000,,'',1,3000,,'',1,7000,,'',1,3000,,'',1,7000,,'',1,3000,,'',1,7000,,'',1,3000,,'',1,7000,,'',1,3000,,'',1,7000,,'',1,3000,,'',1,10000,,'',1,10000,,'',1,10000,,'',1,10000,,'',1,10000,,'',1
'53-Saturday-1-20245-0000010',5301,70900,4,'',1,3000,4,'',1,7000,4,'',1,3000,4,'',1,7200,4,'',1,3000,4,'',1,7000,4,'',1,3000,4,'',1,7000,4,'',1,3000,4,'',1,7000,4,'',1,3000,4,'',1,7000,4,'',1,3000,4,'',1,7000,4,'',1,3000,4,'',1,7000,4,'',1,3000,4,'',1,7000,4,'',1,3000,4,'',1,7000,4,'',1,3000,4,'',1,6800,4,'',1,3000,4,'',1,7000,4,'',1,10000,4,'',1,10000,4,'',1,10000,4,'',1,10000,4,'',1,11500,4,'',1
'53-Sunday-2-20245-0000001',5300,80000,,'',1,10000,,'',1,10000,,'',1,3000,,'',1,7000,,'',1,3000,,'',1,7000,,'',1,3000,,'',1,7000,,'',1,3000,,'',1,7000,,'',1,3000,,'',1,7000,,'',1,3000,,'',1,7000,,'',1,3000,,'',1,7000,,'',1,3000,,'',1,10000,,'',1,10000,,'',1,10000,,'',1,10000,,'',1,10000,,'',1,10000,,'',1
'53-Sunday-2-20245-0000001',5301,83600,4,'',1,10000,4,'',1,10300,4,'',1,7000,4,'',1,3000,4,'',1,7000,4,'',1,3000,4,'',1,7000,4,'',1,3000,4,'',1,7000,4,'',1,3000,4,'',1,7000,4,'',1,3000,4,'',1,7000,4,'',1,3000,4,'',1,7000,4,'',1,3000,4,'',1,7000,4,'',1,9700,4,'',1,10000,4,'',1,10000,4,'',1,10000,4,'',1,10000,4,'',1
'53-Weekday-2-20245-1111100',5300,60000,,'',1,3000,,'',1,7000,,'',1,3000,,'',1,7000,,'',1,3000,,'',1,7000,,'',1,3000,,'',1,7000,,'',1,3000,,'',1,7000,,'',1,3000,,'',1,7000,,'',1,3000,,'',1,7000,,'',1,3000,,'',1,7500,,'',1,3500,,'',1,7000,,'',1,3000,,'',1,7000,,'',1,3000,,'',1,7000,,'',1,3000,,'',1,6000,,'',1,3000,,'',1,7000,,'',1,3000,,'',1,7000,,'',1,3000,,'',1,7000,,'',1,3000,,'',1,7000,,'',1,3000,,'',1,7000,,'',1,3000,,'',1
'53-Weekday-2-20245-1111100',5301,55700,4,'',1,7000,4,'',1,3000,4,'',1,7100,4,'',1,3000,4,'',1,7000,4,'',1,2700,4,'',1,7000,4,'',1,3100,4,'',1,7000,4,'',1,3000,4,'',1,7000,4,'',1,3000,4,'',1,7000,4,'',1,3000,4,'',1,7000,4,'',1,7600,4,'',1,3000,4,'',1,2600,4,'',1,6600,4,'',1,3000,4,'',1,7000,4,'',1,3000,4,'',1,7000,4,'',1,2600,4,'',1,6700,4,'',1,3700,4,'',1,7000,4,'',1,3000,4,'',1,7000,4,'',1,3000,4,'',1,7000,4,'',1,3200,4,'',1,6900,4,'',1,2600,4,'',1,7000,4,'',1,3000,4,'',1
'53-Weekday-3-20245-1111100',5300,60000,,'',1,3000,,'',1,7000,,'',1,3000,,'',1,7000,,'',1,3000,,'',1,7000,,'',1,3000,,'',1,7000,,'',1,3000,,'',1,7000,,'',1,3000,,'',1,7000,,'',1,3000,,'',1,7000,,'',1,3000,,'',1,7500,,'',1,3500,,'',1,7000,,'',1,3000,,'',1,7000,,'',1,3000,,'',1,7000,,'',1,3000,,'',1,6000,,'',1,3000,,'',1,7000,,'',1,3000,,'',1,7000,,'',1,3000,,'',1,7000,,'',1,3000,,'',1,7000,,'',1,3000,,'',1,7000,,'',1,3000,,'',1,10000,,'',1
'53-Weekday-3-20245-1111100',5301,55700,4,'',1,7000,4,'',1,3000,4,'',1,7100,4,'',1,3000,4,'',1,7000,4,'',1,2700,4,'',1,7000,4,'',1,3100,4,'',1,7000,4,'',1,3000,4,'',1,7000,4,'',1,3000,4,'',1,7000,4,'',1,3000,4,'',1,7000,4,'',1,7600,4,'',1,3000,4,'',1,2600,4,'',1,6600,4,'',1,3000,4,'',1,7000,4,'',1,3000,4,'',1,7000,4,'',1,2600,4,'',1,6700,4,'',1,3700,4,'',1,7000,4,'',1,3000,4,'',1,7000,4,'',1,3000,4,'',1,7000,4,'',1,3200,4,'',1,6900,4,'',1,2600,4,'',1,7000,4,'',1,3000,4,'',1,10000,4,'',1
