2200,'22-Saturday-10000010',651,,25746,28,,,1,70,,25747,28,,,1,30,,25748,28,,,1,70,,25749,28,,,1,30,,25750,28,,,1,71,,25751,28,,,1,30,,25752,28,,,1,70,,25753,28,,,1,30,,25754,28,,,1,70,,25755,28,,,1,30,,25756,28,,,1,70,,25757,28,,,1,30,,25758,28,,,1,70,,25759,28,,,1,30,,25760,28,,,1,70,,25761,28,,,1,30,,25762,28,,,1,70,,25763,28,,,1,30,,25764,28,,,1,70,,25765,28,,,1,30,,25766,28,,,1,70,,25767,28,,,1,30,,25768,28,,,1,69,,25769,28,,,1,30,,25770,28,,,1,70,,25771,28,,,1,30,,25772,28,,,1,70,,25773,28,,,1,30,,25774,28,,,1,70,,25775,28,,,1,30,,25776,28,,,1,100,,25777,28,,,1,100,,25778,28,,,1
2200,'22-Sunday-10000001',851,,25789,28,,,1,100,,25779,28,,,1,100,,25780,28,,,1,100,,25781,28,,,1,100,,25782,28,,,1,100,,25783,28,,,1,100,,25784,28,,,1,100,,25785,28,,,1,100,,25786,28,,,1,100,,25787,28,,,1,100,,25788,28,,,1
2200,'22-Weekday-11111100',623,,25790,28,,,1,30,,25791,28,,,1,73,,25792,28,,,1,30,,25793,28,,,1,70,,25794,28,,,1,30,,25795,28,,,1,70,,25796,28,,,1,28,,25797,28,,,1,70,,25798,28,,,1,30,,25799,28,,,1,70,,25800,28,,,1,30,,25801,28,,,1,70,,25802,28,,,1,30,,25803,28,,,1,70,,25804,28,,,1,30,,25805,28,,,1,70,,25806,28,,,1,31,,25807,28,,,1,70,,25808,28,,,1,30,,25809,28,,,1,70,,25810,28,,,1,30,,25811,28,,,1,70,,25812,28,,,1,30,,25813,28,,,1,68,,25814,28,,,1,30,,25815,28,,,1,70,,25816,28,,,1,30,,25817,28,,,1,70,,25818,28,,,1,30,,25819,28,,,1,70,,25823,28,,,1,30,,25820,28,,,1,69,,25824,28,,,1,30,,25821,28,,,1,100,,25822,28,,,1
2600,'26-Weekday-11111100',623,,26099,11,,,1,30,,26087,11,,,1,73,,26088,11,,,1,74,,26089,11,,,1,30,,26090,11,,,1,70,,26091,11,,,1,558,,26092,11,,,1,71,,26093,11,,,1,30,,26094,11,,,1,70,,26095,11,,,1,30,,26096,11,,,1,70,,26097,11,,,1,30,,26098,11,,,1,563,,26100,11,,,1
3300,'33-Saturday-10000010',714,,27046,37,,,1,30,,27047,37,,,1,70,,27048,37,,,1,30,,27049,37,,,1,70,,27050,37,,,1,30,,27051,37,,,1,70,,27052,37,,,1,30,,27053,37,,,1,70,,27054,37,,,1,30,,27055,37,,,1,70,,27056,37,,,1,30,,27057,37,,,1,70,,27058,37,,,1,30,,27059,37,,,1,70,,27060,37,,,1,30,,27061,37,,,1,70,,27062,37,,,1,30,,27063,37,,,1,70,,27064,37,,,1,30,,27065,37,,,1,70,,27066,37,,,1,30,,27067,37,,,1,70,,27068,37,,,1,30,,27069,37,,,1,70,,27070,37,,,1
3300,'33-Sunday-10000001',814,,27071,37,,,1,30,,27072,37,,,1,69,,27073,37,,,1,28,,27074,37,,,1,70,,27075,37,,,1,30,,27076,37,,,1,70,,27077,37,,,1,30,,27078,37,,,1,70,,27079,37,,,1,30,,27080,37,,,1,70,,27081,37,,,1,30,,27082,37,,,1,70,,27083,37,,,1,30,,27084,37,,,1,70,,27085,37,,,1,30,,27086,37,,,1,70,,27087,37,,,1,30,,27088,37,,,1,70,,27089,37,,,1,30,,27090,37,,,1,71,,27091,37,,,1,32,,27092,37,,,1,70,,27093,37,,,1
3300,'33-Weekday-11111100',606,,27097,37,,,1,30,,27100,37,,,1,71,,27101,37,,,1,34,,27102,37,,,1,70,,27103,37,,,1,30,,27104,37,,,1,70,,27105,37,,,1,29,,27106,37,,,1,69,,27107,37,,,1,30,,27108,37,,,1,70,,27109,37,,,1,30,,27110,37,,,1,70,,27111,37,,,1,30,,27112,37,,,1,70,,27113,37,,,1,30,,27114,37,,,1,70,,27115,37,,,1,32,,27116,37,,,1,71,,27126,37,,,1,30,,27117,37,,,1,70,,27118,37,,,1,30,,27119,37,,,1,70,,27120,37,,,1,30,,27121,37,,,1,67,,27122,37,,,1,28,,27123,37,,,1,70,,27094,37,,,1,30,,27127,37,,,1,70,,27099,37,,,1,30,,27128,37,,,1,70,,27098,37,,,1,30,,27129,37,,,1,70,,27096,37,,,1,28,,27095,37,,,1,70,,27124,37,,,1,30,,27125,37,,,1
20101,'201-Holiday1-10000001',745,,30169,27,,,1,70,,30170,27,,,1,30,,30171,27,,,1,70,,30172,27,,,1,30,,30173,27,,,1,71,,30174,27,,,1,31,,30175,27,,,1,70,,30176,27,,,1,30,,30177,27,,,1,70,,30178,27,,,1,30,,30168,27,,,1,70,,30179,27,,,1,30,,30180,27,,,1,70,,30181,27,,,1,30,,30182,27,,,1,70,,30183,27,,,1,30,,30184,27,,,1,70,,30185,27,,,1,30,,30186,27,,,1,70,,30187,27,,,1,30,,30188,27,,,1,69,,30189,27,,,1,29,,30190,27,,,1,70,,30191,27,,,1,30,,30192,27,,,1,70,,30193,27,,,1,30,,30194,27,,,1,70,,30195,27,,,1,30,,30196,27,,,1,70,,30197,27,,,1,30,,30198,27,,,1,70,,30199,27,,,1,30,,30200,27,,,1,70,,30201,27,,,1,30,,30202,27,,,1
20101,'201-Saturday-10000010',715,,30238,27,,,1,30,,30203,27,,,1,70,,30204,27,,,1,30,,30205,27,,,1,71,,30206,27,,,1,32,,30207,27,,,1,70,,30208,27,,,1,30,,30209,27,,,1,70,,30210,27,,,1,30,,30211,27,,,1,70,,30212,27,,,1,30,,30213,27,,,1,70,,30214,27,,,1,30,,30215,27,,,1,70,,30216,27,,,1,30,,30217,27,,,1,70,,30218,27,,,1,30,,30219,27,,,1,70,,30220,27,,,1,30,,30221,27,,,1,70,,30222,27,,,1,30,,30223,27,,,1,69,,30224,27,,,1,28,,30225,27,,,1,70,,30226,27,,,1,30,,30227,27,,,1,70,,30228,27,,,1,30,,30229,27,,,1,70,,30230,27,,,1,30,,30231,27,,,1,70,,30232,27,,,1,30,,30233,27,,,1,70,,30234,27,,,1,30,,30235,27,,,1,70,,30236,27,,,1,30,,30237,27,0,13 14 7,1
20101,'201-Sunday-10000001',745,,30240,27,,,1,70,,30241,27,,,1,30,,30242,27,,,1,70,,30243,27,,,1,30,,30244,27,,,1,71,,30245,27,,,1,31,,30246,27,,,1,70,,30247,27,,,1,30,,30248,27,,,1,70,,30249,27,,,1,30,,30239,27,,,1,70,,30250,27,,,1,30,,30251,27,,,1,70,,30252,27,,,1,30,,30253,27,,,1,70,,30254,27,,,1,30,,30255,27,,,1,70,,30256,27,,,1,30,,30257,27,,,1,70,,30258,27,,,1,30,,30259,27,,,1,69,,30260,27,,,1,29,,30261,27,,,1,70,,30262,27,,,1,30,,30263,27,,,1,70,,30264,27,,,1,30,,30265,27,,,1,70,,30266,27,,,1,30,,30267,27,,,1,70,,30268,27,,,1,30,,30269,27,,,1,70,,30270,27,,,1,30,,30271,27,,,1,70,,30272,27,,,1,30,,30273,27,,,1
20101,'201-Weekday-11111100',559,,30348,27,,,1,70,,30349,27,,,1,15,,30307,27,,,1,15,,30310,27,,,1,57,,30308,27,,,1,7,,30347,11,,,1,11,,30311,27,,,1,7,,30346,11,,,1,10,,30305,27,,,1,50,,30312,27,,,1,10,,30334,27,,,1,10,,30304,27,,,1,10,,30313,27,,,1,10,,30335,27,,,1,10,,30274,27,,,1,50,,30314,27,,,1,10,,30336,27,,,1,10,,30309,27,,,1,10,,30315,27,,,1,10,,30337,27,,,1,9,,30306,27,,,1,50,,30316,27,,,1,10,,30338,27,,,1,12,,30275,27,,,1,10,,30317,27,,,1,10,,30351,27,,,1,10,,30276,27,,,1,50,,30318,27,,,1,10,,30352,27,,,1,10,,30277,27,,,1,10,,30319,27,,,1,10,,30353,27,,,1,10,,30278,27,,,1,50,,30320,27,,,1,10,,30354,27,,,1,10,,30279,27,,,1,10,,30321,27,,,1,10,,30355,27,,,1,10,,30280,27,,,1,50,,30322,27,,,1,10,,30356,27,,,1,10,,30281,27,,,1,10,,30323,27,,,1,10,,30357,27,,,1,10,,30282,27,,,1,50,,30324,27,,,1,10,,30358,27,,,1,10,,30283,27,,,1,10,,30325,27,,,1,10,,30359,27,,,1,14,,30284,27,,,1,51,,30360,27,,,1,10,,30326,27,,,1,10,,30285,27,,,1,10,,30327,27,,,1,10,,30339,27,,,1,10,,30286,27,,,1,50,,30328,27,,,1,10,,30340,27,,,1,10,,30287,27,,,1,10,,30329,27,,,1,10,,30341,27,,,1,10,,30292,27,,,1,50,,30330,27,,,1,10,,30343,27,,,1,10,,30288,27,,,1,10,,30331,27,,,1,10,,30342,27,,,1,10,,30289,27,,,1,50,,30332,27,,,1,8,,30344,27,,,1,8,,30290,27,,,1,10,,30333,27,,,1,9,,30345,27,,,1,9,,30291,27,,,1,55,,30293,27,,,1,15,,30361,27,,,1,15,,30294,27,,,1,15,,30362,27,,,1,55,,30295,27,,,1,15,,30363,27,,,1,15,,30296,27,,,1,15,,30364,27,,,1,55,,30297,27,,,1,15,,30365,27,,,1,15,,30298,27,,,1,15,,30366,27,,,1,55,,30299,27,,,1,13,,30367,27,,,1,13,,30300,27,,,1,83,,30301,27,,,1,30,,30302,27,,,1,75,,30303,27,,,1,30,,30350,27,,,1
