6001,'60-Saturday-10000010',722,,29010,8,,,1,30,,29011,8,,,1,70,,29012,8,,,1,30,,29013,8,,,1,70,,29014,8,,,1,30,,29015,8,,,1,70,,29016,8,,,1,30,,29017,8,,,1,70,,29018,8,,,1,30,,29019,8,,,1,70,,29020,8,,,1,30,,29021,8,,,1,70,,29022,8,,,1,30,,29023,8,,,1,70,,29024,8,,,1,30,,29025,8,,,1,70,,29026,8,,,1,30,,29027,8,,,1,70,,29028,8,,,1,30,,29029,8,,,1,70,,29030,8,,,1,30,,29031,8,,,1,70,,29032,8,,,1,30,,29033,8,,,1
6001,'60-Weekday-11111100',622,,29035,8,,,1,30,,29036,8,,,1,73,,29037,8,,,1,30,,29038,8,,,1,70,,29039,8,,,1,30,,29040,8,,,1,70,,29041,8,,,1,28,,29042,8,,,1,70,,29043,8,,,1,30,,29044,8,,,1,70,,29045,8,,,1,30,,29046,8,,,1,70,,29047,8,,,1,30,,29048,8,,,1,70,,29049,8,,,1,30,,29050,8,,,1,70,,29051,8,,,1,33,,29052,8,,,1,60,,29053,8,,,1,30,,29054,8,,,1,70,,29055,8,,,1,30,,29056,8,,,1,70,,29057,8,,,1,30,,29058,8,,,1,68,,29059,8,,,1,38,,29060,8,,,1,70,,29061,8,,,1,30,,29062,8,,,1,70,,29063,8,,,1,30,,29064,8,,,1,70,,29065,8,,,1,30,,29034,8,,,1
6501,'65-Holiday1-10000001',836,,29704,15,,,1,81,,29705,15,,,1,85,,29706,15,,,1,46,,29707,15,,,1,85,,29708,15,,,1,85,,29709,15,,,1,85,,29710,15,,,1,45,,29711,15,,,1,85,,29712,15,,,1,85,,29713,15,,,1,85,,29714,15,,,1,45,,29715,15,,,1,85,,29716,15,,,1,84,,29717,15,,,1,85,,29718,15,,,1,45,,29719,15,,,1,85,,29720,15,,,1,85,,29721,15,,,1,85,,29722,15,,,1
6501,'65-Saturday-10000010',717,,29723,15,,,1,30,,29724,15,,,1,70,,29725,15,,,1,30,,29726,15,,,1,72,,29727,15,,,1,31,,29728,15,,,1,70,,29729,15,,,1,30,,29730,15,,,1,70,,29731,15,,,1,30,,29732,15,,,1,70,,29733,15,,,1,30,,29734,15,,,1,70,,29735,15,,,1,30,,29736,15,,,1,70,,29737,15,,,1,30,,29738,15,,,1,70,,29739,15,,,1,30,,29740,15,,,1,70,,29741,15,,,1,30,,29742,15,,,1,70,,29743,15,,,1,30,,29744,15,,,1,68,,29745,15,,,1,29,,29746,15,,,1,85,,29747,15,,,1,85,,29748,15,,,1,85,,29749,15,,,1,45,,29750,15,,,1,85,,29751,15,,,1,85,,29752,15,,,1
6501,'65-Sunday-10000001',847,,29753,15,,,1,70,,29754,15,,,1,30,,29786,15,,,1,71,,29755,15,,,1,22,,29778,15,,,1,8,,29756,15,,,1,70,,29757,15,,,1,22,,29779,15,,,1,8,,29758,15,,,1,70,,29759,15,,,1,22,,29780,15,,,1,8,,29760,15,,,1,70,,29761,15,,,1,22,,29781,15,,,1,8,,29762,15,,,1,70,,29763,15,,,1,22,,29782,15,,,1,8,,29764,15,,,1,70,,29765,15,,,1,22,,29783,15,,,1,8,,29766,15,,,1,70,,29767,15,,,1,22,,29784,15,,,1,8,,29768,15,,,1,70,,29769,15,,,1,22,,29785,15,,,1,8,,29770,15,,,1,69,,29771,15,,,1,30,,29772,15,,,1,85,,29773,15,,,1,85,,29774,15,,,1,85,,29775,15,,,1,45,,29776,15,,,1,85,,29777,15,,,1
6501,'65-Weekday-11111100',547,,29787,15,,,1,70,,29788,15,,,1,30,,29789,15,,,1,72,,29790,15,,,1,32,,29791,15,,,1,70,,29792,15,,,1,30,,29793,15,,,1,70,,29794,15,,,1,29,,29795,15,,,1,70,,29796,15,,,1,30,,29797,15,,,1,70,,29798,15,,,1,30,,29799,15,,,1,70,,29800,15,,,1,30,,29801,15,,,1,70,,29802,15,,,1,30,,29803,15,,,1,70,,29804,15,,,1,38,,29805,15,,,1,72,,29806,15,,,1,70,,29807,15,,,1,30,,29808,15,,,1,70,,29809,15,,,1,30,,29810,15,,,1,70,,29811,15,,,1,26,,29812,15,,,1,22,,29813,15,,,1,70,,29814,15,,,1,30,,29815,15,,,1,70,,29816,15,,,1,30,,29817,15,,,1,70,,29818,15,,,1,30,,29819,15,,,1,68,,29820,15,,,1,28,,29821,15,,,1,70,,29822,15,,,1,30,,29823,15,,,1
20301,'203-Holiday1-10000001',1006,,30777,22,,,1,101,,30785,22,,,1,100,,30784,22,,,1,100,,30783,22,,,1,100,,30782,22,,,1,100,,30781,22,,,1,100,,30780,22,,,1,100,,30779,22,,,1,99,,30778,22,,,1,99,,30776,22,,,1,100,,30788,22,,,1,100,,30787,22,,,1,100,,30786,22,,,1
20301,'203-Saturday-10000010',737,,30792,22,,,1,100,,30793,22,,,1,100,,30794,22,,,1,100,,30795,22,,,1,70,,30796,22,,,1,30,,30797,22,,,1,70,,30798,22,,,1,30,,30799,22,,,1,70,,30800,22,,,1,30,,30801,22,,,1,70,,30802,22,,,1,30,,30803,22,,,1,70,,30804,22,,,1,30,,30805,22,,,1,70,,30806,22,,,1,30,,30807,22,,,1,70,,30808,22,,,1,30,,30789,22,,,1,70,,30791,22,,,1,30,,30790,22,,,1,70,,30809,22,,,1,95,,30810,22,,,1,100,,30811,22,,,1,100,,30812,22,,,1
20301,'203-Sunday-10000001',1006,,30814,22,,,1,101,,30822,22,,,1,100,,30821,22,,,1,100,,30820,22,,,1,100,,30819,22,,,1,100,,30818,22,,,1,100,,30817,22,,,1,100,,30816,22,,,1,99,,30815,22,,,1,49,,30813,22,,,1,100,,30825,22,,,1,100,,30824,22,,,1,100,,30823,22,,,1
20301,'203-Weekday-11111100',707,,30826,27,,,1,30,,30827,27,,,1,78,,30828,27,,,1,30,,30829,27,,,1,70,,30830,27,,,1,29,,30831,27,,,1,76,,30832,27,,,1,17,,30841,22,,,1,70,,30842,22,,,1,30,,30843,22,,,1,70,,30844,22,,,1,30,,30845,22,,,1,70,,30846,22,,,1,30,,30847,22,,,1,70,,30848,22,,,1,32,,30849,22,,,1,72,,30850,22,,,1,39,,30851,27,,,1,70,,30852,27,,,1,30,,30853,27,,,1,70,,30854,27,,,1,30,,30855,27,,,1,67,,30856,27,,,1,30,,30857,27,,,1,60,,30858,22,,,1,30,,30840,22,,,1,70,,30833,22,,,1,30,,30834,22,,,1,70,,30835,22,,,1,30,,30836,22,,,1,69,,30837,22,,,1,29,,30838,22,,,1,70,,30839,22,,,1,32,,30859,22,,,1
