5000,'50-Holiday1-10000001',850,,27449,51,4,,1,101,,27448,51,4,,1,100,,27447,51,4,,1,100,,27446,51,4,,1,100,,27445,51,4,,1,100,,27444,51,4,,1,100,,27443,51,4,,1,100,,27442,51,4,,1,100,,27441,51,4,,1,100,,27440,51,4,,1,99,,27439,51,4,,1,100,,27438,51,4,,1,100,,27437,51,4,,1,100,,27436,51,4,,1,100,,27435,51,4,,1,100,,27434,51,4,,1
5000,'50-Saturday-10000010',720,,27450,51,4,,1,30,,27451,51,4,,1,70,,27452,51,4,,1,30,,27453,51,4,,1,73,,27454,51,4,,1,30,,27455,51,4,,1,70,,27456,51,4,,1,30,,27457,51,4,,1,70,,27458,51,4,,1,30,,27459,51,4,,1,70,,27460,51,4,,1,30,,27461,51,4,,1,70,,27462,51,4,,1,30,,27463,51,4,,1,70,,27464,51,4,,1,30,,27465,51,4,,1,70,,27466,51,4,,1,30,,27467,51,4,,1,70,,27468,51,4,,1,30,,27469,51,4,,1,70,,27470,51,4,,1,30,,27471,51,4,,1,67,,27478,51,4,,1,30,,27480,51,4,,1,70,,27479,51,4,,1,30,,27477,51,4,,1,70,,27481,51,4,,1,30,,27476,51,4,,1,70,,27475,51,4,,1,30,,27482,51,4,,1,70,,27474,51,4,,1,30,,27473,51,4,,1,70,,27472,51,4,,1
5000,'50-Sunday-10000001',850,,27503,51,4,,1,86,,27502,51,4,,1,85,,27501,51,4,,1,85,,27500,51,4,,1,45,,27499,51,4,,1,85,,27498,51,4,,1,85,,27497,51,4,,1,85,,27496,51,4,,1,45,,27495,51,4,,1,85,,27494,51,4,,1,85,,27493,51,4,,1,85,,27492,51,4,,1,45,,27491,51,4,,1,84,,27490,51,4,,1,85,,27489,51,4,,1,85,,27488,51,4,,1,45,,27487,51,4,,1,85,,27486,51,4,,1,85,,27485,51,4,,1,85,,27484,51,4,,1,45,,27483,51,4,,1
5000,'50-Weekday-11111100',622,,27504,51,4,,1,30,,27505,51,4,,1,71,,27506,51,4,,1,32,,27507,51,4,,1,70,,27508,51,4,,1,30,,27509,51,4,,1,70,,27510,51,4,,1,29,,27511,51,4,,1,69,,27512,51,4,,1,30,,27513,51,4,,1,70,,27514,51,4,,1,30,,27515,51,4,,1,70,,27516,51,4,,1,30,,27517,51,4,,1,70,,27518,51,4,,1,30,,27519,51,4,,1,70,,27520,51,4,,1,31,,27521,51,4,,1,63,,27522,51,4,,1,30,,27523,51,4,,1,70,,27524,51,4,,1,30,,27525,51,4,,1,70,,27526,51,4,,1,30,,27527,51,4,,1,69,,27528,51,4,,1,36,,27529,51,4,,1,70,,27530,51,4,,1,30,,27531,51,4,,1,70,,27532,51,4,,1,30,,27533,51,4,,1,70,,27534,51,4,,1,30,,27535,51,4,,1,68,,27536,51,4,,1,29,,27537,51,4,,1
5001,'50-Holiday1-10000001',830,,27552,1,,,1,100,,27539,1,,,1,100,,27538,1,,,1,100,,27551,1,,,1,100,,27550,1,,,1,100,,27549,1,,,1,100,,27548,1,,,1,100,,27547,1,,,1,100,,27546,1,,,1,100,,27545,1,,,1,100,,27544,1,,,1,100,,27543,1,,,1,100,,27542,1,,,1,100,,27541,1,,,1,100,,27540,1,,,1
5001,'50-Saturday-10000010',730,,27554,1,,,1,70,,27555,1,,,1,30,,27556,1,,,1,70,,27557,1,,,1,30,,27558,1,,,1,70,,27559,1,,,1,30,,27560,1,,,1,70,,27561,1,,,1,30,,27562,1,,,1,70,,27563,1,,,1,30,,27564,1,,,1,70,,27565,1,,,1,30,,27566,1,,,1,70,,27567,1,,,1,30,,27568,1,,,1,70,,27569,1,,,1,30,,27570,1,,,1,70,,27571,1,,,1,30,,27572,1,,,1,70,,27573,1,,,1,30,,27553,1,,,1,70,,27574,1,,,1,30,,27576,1,,,1,70,,27577,1,,,1,30,,27581,1,,,1,70,,27578,1,,,1,30,,27579,1,,,1,70,,27582,1,,,1,30,,27580,1,,,1,70,,27575,1,,,1
5001,'50-Sunday-10000001',815,,27602,1,,,1,85,,27585,1,,,1,45,,27584,1,,,1,85,,27583,1,,,1,85,,27601,1,,,1,85,,27600,1,,,1,45,,27599,1,,,1,85,,27598,1,,,1,85,,27597,1,,,1,85,,27596,1,,,1,45,,27595,1,,,1,85,,27594,1,,,1,85,,27593,1,,,1,85,,27592,1,,,1,45,,27591,1,,,1,85,,27590,1,,,1,85,,27589,1,,,1,85,,27588,1,,,1,45,,27587,1,,,1,85,,27586,1,,,1
5001,'50-Weekday-11111100',600,,27603,1,,,1,30,,27604,1,,,1,70,,27605,1,,,1,30,,27606,1,,,1,70,,27607,1,,,1,30,,27608,1,,,1,70,,27609,1,,,1,30,,27610,1,,,1,70,,27611,1,,,1,30,,27612,1,,,1,70,,27613,1,,,1,30,,27614,1,,,1,70,,27615,1,,,1,30,,27616,1,,,1,70,,27617,1,,,1,30,,27618,1,,,1,70,,27619,1,,,1,30,,27620,1,,,1,25,,27621,1,,,1,70,,27622,1,,,1,30,,27623,1,,,1,70,,27624,1,,,1,30,,27625,1,,,1,70,,27626,1,,,1,75,,27627,1,,,1,30,,27628,1,,,1,70,,27629,1,,,1,30,,27630,1,,,1,70,,27631,1,,,1,30,,27632,1,,,1,70,,27633,1,,,1,30,,27634,1,,,1,70,,27635,1,,,1,30,,27637,1,,,1,70,,27638,1,,,1
6000,'60-Saturday-10000010',700,,28954,1,,,1,30,,28955,1,,,1,70,,28956,1,,,1,30,,28957,1,,,1,70,,28958,1,,,1,30,,28959,1,,,1,70,,28960,1,,,1,30,,28961,1,,,1,70,,28962,1,,,1,30,,28963,1,,,1,70,,28964,1,,,1,30,,28965,1,,,1,70,,28966,1,,,1,30,,28967,1,,,1,70,,28968,1,,,1,30,,28969,1,,,1,70,,28970,1,,,1,30,,28971,1,,,1,70,,28972,1,,,1,30,,28973,1,,,1,70,,28974,1,,,1,30,,28975,1,,,1,70,,28976,1,,,1,30,,28977,1,,,1
6000,'60-Weekday-11111100',600,,29009,1,,,1,30,,29008,1,,,1,70,,29007,1,,,1,30,,29006,1,,,1,70,,29005,1,,,1,30,,29004,1,,,1,70,,29003,1,,,1,30,,29002,1,,,1,70,,29001,1,,,1,30,,29000,1,,,1,70,,28999,1,,,1,30,,28998,1,,,1,70,,28997,1,,,1,30,,28996,1,,,1,70,,28995,1,,,1,30,,28994,1,,,1,70,,28978,1,,,1,30,,28993,1,,,1,20,,28991,1,,,1,70,,28992,1,,,1,30,,28990,1,,,1,70,,28989,1,,,1,30,,28988,1,,,1,70,,28987,1,,,1,30,,28986,1,,,1,80,,28985,1,,,1,70,,28984,1,,,1,30,,28983,1,,,1,70,,28982,1,,,1,30,,28981,1,,,1,70,,28980,1,,,1,30,,28979,1,,,1
6001,'60-Saturday-10000010',724,,29010,11,4,,1,30,,29011,11,4,,1,70,,29012,11,4,,1,30,,29013,11,4,,1,70,,29014,11,4,,1,30,,29015,11,4,,1,70,,29016,11,4,,1,30,,29017,11,4,,1,70,,29018,11,4,,1,30,,29019,11,4,,1,70,,29020,11,4,,1,30,,29021,11,4,,1,70,,29022,11,4,,1,30,,29023,11,4,,1,70,,29024,11,4,,1,30,,29025,11,4,,1,70,,29026,11,4,,1,30,,29027,11,4,,1,70,,29028,11,4,,1,30,,29029,11,4,,1,70,,29030,11,4,,1,30,,29031,11,4,,1,70,,29032,11,4,,1,30,,29033,11,4,,1
6001,'60-Weekday-11111100',624,,29035,11,4,,1,30,,29036,11,4,,1,73,,29037,11,4,,1,30,,29038,11,4,,1,70,,29039,11,4,,1,30,,29040,11,4,,1,70,,29041,11,4,,1,28,,29042,11,4,,1,70,,29043,11,4,,1,30,,29044,11,4,,1,70,,29045,11,4,,1,30,,29046,11,4,,1,70,,29047,11,4,,1,30,,29048,11,4,,1,70,,29049,11,4,,1,30,,29050,11,4,,1,70,,29051,11,4,,1,33,,29052,11,4,,1,60,,29053,11,4,,1,30,,29054,11,4,,1,70,,29055,11,4,,1,30,,29056,11,4,,1,70,,29057,11,4,,1,30,,29058,11,4,,1,68,,29059,11,4,,1,38,,29060,11,4,,1,70,,29061,11,4,,1,30,,29062,11,4,,1,70,,29063,11,4,,1,30,,29064,11,4,,1,70,,29065,11,4,,1,30,,29034,11,4,,1
20300,'203-Holiday1-10000001',900,,30692,1,0,6 7,1,100,,30693,1,0,6 7,1,100,,30694,1,0,6 7,1,100,,30695,1,0,6 7,1,100,,30696,1,0,6 7,1,100,,30697,1,0,6 7,1,100,,30698,1,0,6 7,1,100,,30699,1,0,6 7,1,100,,30700,1,0,6 7,1,100,,30701,1,0,6 7,1,100,,30702,1,0,6 7,1,100,,30703,1,0,6 7,1,100,,30704,1,0,6 7,1
20300,'203-Saturday-10000010',630,,30705,1,0,6 7,1,100,,30706,1,0,6 7,1,100,,30707,1,0,6 7,1,100,,30708,1,0,6 7,1,70,,30709,1,0,6 7,1,30,,30710,1,0,6 7,1,70,,30711,1,0,6 7,1,30,,30712,1,0,6 7,1,70,,30713,1,0,6 7,1,30,,30714,1,0,6 7,1,70,,30715,1,0,6 7,1,30,,30716,1,0,6 7,1,70,,30717,1,0,6 7,1,30,,30718,1,0,6 7,1,70,,30719,1,0,6 7,1,30,,30720,1,0,6 7,1,70,,30721,1,0,6 7,1,30,,30722,1,0,6 7,1,70,,30723,1,0,6 7,1,30,,30724,1,0,6 7,1,70,,30725,1,0,6 7,1,100,,30726,1,0,6 7,1,100,,30727,1,0,6 7,1,100,,30728,1,0,6 7,1
20300,'203-Sunday-10000001',900,,30729,1,0,6 7,1,100,,30730,1,0,6 7,1,100,,30731,1,0,6 7,1,100,,30732,1,0,6 7,1,100,,30733,1,0,6 7,1,100,,30734,1,0,6 7,1,100,,30735,1,0,6 7,1,100,,30736,1,0,6 7,1,100,,30737,1,0,6 7,1,100,,30738,1,0,6 7,1,100,,30739,1,0,6 7,1,100,,30740,1,0,6 7,1,100,,30741,1,0,6 7,1
20300,'203-Weekday-11111100',600,,30742,1,,,1,30,,30743,1,,,1,70,,30744,1,,,1,30,,30745,1,,,1,70,,30773,1,,,1,30,,30746,1,,,1,70,,30770,1,,,1,30,,30769,1,0,6 7,1,70,,30774,1,0,6 7,1,30,,30768,1,0,6 7,1,70,,30767,1,0,6 7,1,30,,30766,1,0,6 7,1,70,,30775,1,0,6 7,1,30,,30765,1,0,6 7,1,70,,30764,1,0,6 7,1,30,,30763,1,0,6 7,1,70,,30762,1,0,6 7,1,30,,30771,1,,,1,70,,30747,1,,,1,30,,30748,1,,,1,70,,30749,1,,,1,30,,30750,1,,,1,70,,30751,1,,,1,30,,30752,1,,,1,70,,30753,1,0,6 7,1,30,,30754,1,0,6 7,1,70,,30755,1,0,6 7,1,30,,30756,1,0,6 7,1,70,,30757,1,0,6 7,1,30,,30758,1,0,6 7,1,70,,30759,1,0,6 7,1,30,,30760,1,0,6 7,1,70,,30761,1,0,6 7,1,30,,30772,1,0,6 7,1
20301,'203-Holiday1-10000001',1008,,30777,24,4,,1,101,,30785,24,4,,1,100,,30784,24,4,,1,100,,30783,24,4,,1,100,,30782,24,4,,1,100,,30781,24,4,,1,100,,30780,24,4,,1,100,,30779,24,4,,1,99,,30778,24,4,,1,99,,30776,24,4,,1,100,,30788,24,4,,1,100,,30787,24,4,,1,100,,30786,24,4,,1
20301,'203-Saturday-10000010',739,,30792,24,4,,1,100,,30793,24,4,,1,101,,30794,24,4,,1,100,,30795,24,4,,1,70,,30796,24,4,,1,30,,30797,24,4,,1,70,,30798,24,4,,1,30,,30799,24,4,,1,70,,30800,24,4,,1,30,,30801,24,4,,1,70,,30802,24,4,,1,30,,30803,24,4,,1,70,,30804,24,4,,1,30,,30805,24,4,,1,70,,30806,24,4,,1,30,,30807,24,4,,1,70,,30808,24,4,,1,30,,30789,24,4,,1,69,,30791,24,4,,1,30,,30790,24,4,,1,70,,30809,24,4,,1,95,,30810,24,4,,1,100,,30811,24,4,,1,100,,30812,24,4,,1
20301,'203-Sunday-10000001',1008,,30814,24,4,,1,101,,30822,24,4,,1,100,,30821,24,4,,1,100,,30820,24,4,,1,100,,30819,24,4,,1,100,,30818,24,4,,1,100,,30817,24,4,,1,100,,30816,24,4,,1,99,,30815,24,4,,1,49,,30813,24,4,,1,100,,30825,24,4,,1,100,,30824,24,4,,1,100,,30823,24,4,,1
20301,'203-Weekday-11111100',710,,30826,29,4,,1,30,,30827,29,4,,1,78,,30828,29,4,,1,30,,30829,29,4,,1,70,,30830,29,4,,1,29,,30831,29,4,,1,76,,30832,29,4,,1,17,,30841,24,4,,1,70,,30842,24,4,,1,30,,30843,24,4,,1,70,,30844,24,4,,1,30,,30845,24,4,,1,70,,30846,24,4,,1,30,,30847,24,4,,1,70,,30848,24,4,,1,32,,30849,24,4,,1,72,,30850,24,4,,1,39,,30851,29,4,,1,70,,30852,29,4,,1,30,,30853,29,4,,1,70,,30854,29,4,,1,30,,30855,29,4,,1,66,,30856,29,4,,1,30,,30857,29,4,,1,60,,30858,24,4,,1,30,,30840,24,4,,1,70,,30833,24,4,,1,30,,30834,24,4,,1,70,,30835,24,4,,1,30,,30836,24,4,,1,69,,30837,24,4,,1,29,,30838,24,4,,1,70,,30839,24,4,,1,32,,30859,24,4,,1
