5300,'53-Holiday1-10000001',852,,28007,32,4,,1,100,,28008,32,4,,1,104,,28009,32,4,,1,100,,28010,32,4,,1,100,,28011,32,4,,1,100,,28012,32,4,,1,100,,28013,32,4,,1,100,,28014,32,4,,1,100,,28015,32,4,,1,100,,28016,32,4,,1,96,,28017,32,4,,1,100,,28018,32,4,,1,100,,28019,32,4,,1,100,,28020,32,4,,1,100,,28021,32,4,,1,100,,28022,32,4,,1
5300,'53-Saturday-10000010',725,,28023,32,4,,1,30,,28024,32,4,,1,70,,28025,32,4,,1,30,,28026,32,4,,1,72,,28027,32,4,,1,30,,28028,32,4,,1,70,,28029,32,4,,1,30,,28030,32,4,,1,70,,28031,32,4,,1,30,,28032,32,4,,1,70,,28033,32,4,,1,30,,28034,32,4,,1,70,,28035,32,4,,1,30,,28036,32,4,,1,70,,28037,32,4,,1,30,,28038,32,4,,1,70,,28039,32,4,,1,30,,28040,32,4,,1,70,,28041,32,4,,1,30,,28042,32,4,,1,70,,28043,32,4,,1,30,,28044,32,4,,1,68,,28045,32,4,,1,30,,28046,32,4,,1,100,,28047,32,4,,1,100,,28048,32,4,,1,100,,28049,32,4,,1,100,,28050,32,4,,1,100,,28051,32,4,,1
5300,'53-Sunday-10000001',822,,28052,32,4,,1,100,,28053,32,4,,1,104,,28054,32,4,,1,30,,28055,32,4,,1,70,,28056,32,4,,1,30,,28057,32,4,,1,70,,28058,32,4,,1,30,,28059,32,4,,1,70,,28060,32,4,,1,30,,28061,32,4,,1,70,,28062,32,4,,1,30,,28063,32,4,,1,70,,28064,32,4,,1,30,,28065,32,4,,1,70,,28066,32,4,,1,30,,28067,32,4,,1,70,,28068,32,4,,1,30,,28069,32,4,,1,96,,28070,32,4,,1,100,,28071,32,4,,1,100,,28072,32,4,,1,100,,28073,32,4,,1,100,,28074,32,4,,1,100,,28075,32,4,,1
5300,'53-Weekday-11111100',630,,28103,37,4,,1,70,,28104,37,4,,1,30,,28105,37,4,,1,70,,28106,37,4,,1,30,,28107,37,4,,1,27,,28092,32,4,,1,70,,28093,32,4,,1,29,,28094,32,4,,1,70,,28085,32,4,,1,30,,28086,32,4,,1,70,,28087,32,4,,1,30,,28088,32,4,,1,70,,28089,32,4,,1,30,,28090,32,4,,1,70,,28091,32,4,,1,30,,28110,32,4,,1,82,,28095,37,4,,1,74,,28111,37,4,,1,30,,28098,37,4,,1,70,,28102,37,4,,1,30,,28101,37,4,,1,70,,28100,37,4,,1,30,,28099,37,4,,1,68,,28108,37,4,,1,19,,28109,37,4,,1,25,,28084,32,4,,1,70,,28078,32,4,,1,30,,28079,32,4,,1,70,,28080,32,4,,1,30,,28081,32,4,,1,70,,28077,32,4,,1,30,,28076,32,4,,1,72,,28097,37,4,,1,30,,28096,37,4,,1,64,,28082,32,4,,1,30,,28083,32,4,,1
5301,'53-Holiday1-10000001',845,,28112,1,,,1,100,,28113,1,,,1,100,,28114,1,,,1,100,,28115,1,,,1,100,,28116,1,,,1,100,,28117,1,,,1,100,,28118,1,,,1,100,,28119,1,,,1,100,,28120,1,,,1,100,,28121,1,,,1,100,,28122,1,,,1,100,,28123,1,,,1,100,,28124,1,,,1,100,,28125,1,,,1,100,,28126,1,,,1
5301,'53-Saturday-10000010',645,,28155,1,,,1,70,,28128,1,,,1,30,,28129,1,,,1,70,,28130,1,,,1,30,,28131,1,,,1,70,,28132,1,,,1,30,,28133,1,,,1,70,,28134,1,,,1,30,,28135,1,,,1,70,,28136,1,,,1,30,,28137,1,,,1,70,,28138,1,,,1,30,,28139,1,,,1,70,,28140,1,,,1,30,,28141,1,,,1,70,,28142,1,,,1,30,,28143,1,,,1,70,,28144,1,,,1,30,,28145,1,,,1,70,,28146,1,,,1,30,,28147,1,,,1,70,,28148,1,,,1,30,,28149,1,,,1,70,,28150,1,,,1,30,,28151,1,,,1,100,,28152,1,,,1,100,,28153,1,,,1,100,,28154,1,,,1,100,,28127,1,,,1,155,,28156,1,,,1
5301,'53-Sunday-10000001',815,,28157,1,,,1,100,,28158,1,,,1,100,,28159,1,,,1,30,,28160,1,,,1,70,,28161,1,,,1,30,,28162,1,,,1,70,,28163,1,,,1,30,,28164,1,,,1,70,,28165,1,,,1,30,,28166,1,,,1,70,,28167,1,,,1,30,,28168,1,,,1,70,,28169,1,,,1,30,,28170,1,,,1,70,,28171,1,,,1,30,,28172,1,,,1,70,,28173,1,,,1,30,,28174,1,,,1,100,,28175,1,,,1,100,,28176,1,,,1,100,,28177,1,,,1,100,,28178,1,,,1,100,,28179,1,,,1
5301,'53-Weekday-11111100',530,,28201,1,,,1,70,,28202,1,,,1,30,,28203,1,,,1,70,,28204,1,,,1,30,,28205,1,,,1,70,,28206,1,,,1,30,,28180,1,,,1,70,,28181,1,,,1,30,,28182,1,,,1,70,,28183,1,,,1,30,,28184,1,,,1,70,,28185,1,,,1,30,,28186,1,,,1,70,,28187,1,,,1,30,,28188,1,,,1,70,,28189,1,,,1,30,,28216,1,,,1,70,,28211,1,,,1,25,,28210,1,,,1,25,,28209,1,,,1,70,,28208,1,,,1,30,,28207,1,,,1,70,,28214,1,,,1,30,,28215,1,,,1,70,,28190,1,,,1,30,,28191,1,,,1,80,,28192,1,,,1,70,,28193,1,,,1,30,,28194,1,,,1,70,,28195,1,,,1,30,,28196,1,,,1,70,,28197,1,,,1,30,,28213,1,,,1,70,,28212,1,,,1,30,,28198,1,,,1,70,,28199,1,,,1,30,,28200,1,,,1
5600,'56-Holiday1-11111111',800,,28425,1,,,1,45,,28426,1,,,1,85,,28427,1,,,1,85,,28428,1,,,1,85,,28429,1,,,1,45,,28430,1,,,1,85,,28431,1,,,1,85,,28432,1,,,1,85,,28433,1,,,1,45,,28434,1,,,1,85,,28435,1,,,1,85,,28436,1,,,1,85,,28437,1,,,1,45,,28438,1,,,1,85,,28439,1,,,1,85,,28440,1,,,1,85,,28441,1,,,1,45,,28442,1,,,1,85,,28443,1,,,1,85,,28444,1,,,1,85,,28445,1,,,1
5600,'56-Saturday-10000010',645,,28446,1,,,1,85,,28447,1,,,1,70,,28448,1,,,1,30,,28449,1,,,1,70,,28450,1,,,1,30,,28451,1,,,1,70,,28452,1,,,1,30,,28453,1,,,1,70,,28454,1,,,1,30,,28455,1,,,1,70,,28456,1,,,1,30,,28457,1,,,1,70,,28458,1,,,1,30,,28459,1,,,1,70,,28460,1,,,1,30,,28461,1,,,1,70,,28462,1,,,1,30,,28463,1,,,1,70,,28464,1,,,1,30,,28465,1,,,1,70,,28466,1,,,1,30,,28467,1,,,1,70,,28468,1,,,1,45,,28469,1,,,1,85,,28470,1,,,1,85,,28471,1,,,1,85,,28472,1,,,1,45,,28473,1,,,1,85,,28474,1,,,1,85,,28475,1,,,1
5600,'56-Sunday-10000001',830,,28476,1,,,1,70,,28477,1,,,1,30,,28478,1,,,1,70,,28479,1,,,1,30,,28480,1,,,1,70,,28481,1,,,1,30,,28482,1,,,1,70,,28483,1,,,1,30,,28484,1,,,1,70,,28485,1,,,1,30,,28486,1,,,1,70,,28487,1,,,1,30,,28488,1,,,1,70,,28489,1,,,1,30,,28490,1,,,1,70,,28491,1,,,1,30,,28492,1,,,1,70,,28493,1,,,1,30,,28494,1,,,1,70,,28495,1,,,1,45,,28496,1,,,1,85,,28497,1,,,1,85,,28498,1,,,1,85,,28499,1,,,1,45,,28500,1,,,1,85,,28501,1,,,1,85,,28502,1,,,1
5600,'56-Weekday-11111100',530,,28536,1,,,1,70,,28537,1,,,1,30,,28538,1,,,1,70,,28539,1,,,1,30,,28503,1,,,1,70,,28504,1,,,1,30,,28505,1,,,1,70,,28506,1,,,1,30,,28535,1,,,1,70,,28534,1,,,1,30,,28533,1,,,1,70,,28532,1,,,1,30,,28531,1,,,1,70,,28530,1,,,1,30,,28529,1,,,1,70,,28528,1,,,1,30,,28527,1,,,1,70,,28526,1,,,1,30,,28525,1,,,1,70,,28524,1,,,1,30,,28523,1,,,1,70,,28522,1,,,1,30,,28521,1,,,1,70,,28520,1,,,1,30,,28519,1,,,1,70,,28518,1,,,1,30,,28517,1,,,1,70,,28516,1,,,1,30,,28515,1,,,1,70,,28514,1,,,1,30,,28513,1,,,1,70,,28512,1,,,1,30,,28511,1,,,1,70,,28510,1,,,1,30,,28509,1,,,1,70,,28508,1,,,1,30,,28507,1,,,1
5601,'56-Holiday1-11111111',835,,28540,21,4,,1,85,,28541,21,4,,1,86,,28542,21,4,,1,46,,28543,21,4,,1,85,,28544,21,4,,1,85,,28545,21,4,,1,85,,28546,21,4,,1,45,,28547,21,4,,1,85,,28548,21,4,,1,85,,28549,21,4,,1,85,,28550,21,4,,1,45,,28551,21,4,,1,85,,28552,21,4,,1,84,,28553,21,4,,1,84,,28554,21,4,,1,45,,28555,21,4,,1,85,,28556,21,4,,1,85,,28557,21,4,,1,85,,28558,21,4,,1,45,,28559,21,4,,1,85,,28560,21,4,,1
5601,'56-Saturday-10000010',719,,28561,21,4,,1,85,,28562,21,4,,1,30,,28563,21,4,,1,71,,28564,21,4,,1,34,,28565,21,4,,1,70,,28566,21,4,,1,30,,28567,21,4,,1,70,,28568,21,4,,1,30,,28569,21,4,,1,70,,28570,21,4,,1,30,,28571,21,4,,1,70,,28572,21,4,,1,30,,28573,21,4,,1,70,,28574,21,4,,1,30,,28575,21,4,,1,70,,28576,21,4,,1,30,,28577,21,4,,1,70,,28578,21,4,,1,30,,28579,21,4,,1,70,,28580,21,4,,1,30,,28581,21,4,,1,69,,28582,21,4,,1,27,,28583,21,4,,1,85,,28584,21,4,,1,85,,28585,21,4,,1,45,,28586,21,4,,1,85,,28587,21,4,,1,85,,28588,21,4,,1,85,,28589,21,4,,1,45,,28590,21,4,,1
5601,'56-Sunday-10000001',905,,28591,21,4,,1,30,,28592,21,4,,1,71,,28593,21,4,,1,31,,28594,21,4,,1,70,,28595,21,4,,1,30,,28596,21,4,,1,70,,28597,21,4,,1,30,,28598,21,4,,1,70,,28599,21,4,,1,30,,28600,21,4,,1,70,,28601,21,4,,1,30,,28602,21,4,,1,70,,28603,21,4,,1,30,,28604,21,4,,1,70,,28605,21,4,,1,30,,28606,21,4,,1,70,,28607,21,4,,1,30,,28608,21,4,,1,69,,28609,21,4,,1,29,,28610,21,4,,1,85,,28611,21,4,,1,85,,28612,21,4,,1,45,,28613,21,4,,1,85,,28614,21,4,,1,85,,28615,21,4,,1,85,,28616,21,4,,1,45,,28617,21,4,,1
5601,'56-Weekday-11111100',605,,28618,21,4,,1,30,,28619,21,4,,1,70,,28620,21,4,,1,32,,28621,21,4,,1,70,,28622,21,4,,1,30,,28623,21,4,,1,70,,28624,21,4,,1,30,,28625,21,4,,1,72,,28626,21,4,,1,30,,28627,21,4,,1,70,,28628,21,4,,1,30,,28629,21,4,,1,70,,28630,21,4,,1,30,,28631,21,4,,1,70,,28632,21,4,,1,30,,28633,21,4,,1,70,,28634,21,4,,1,37,,28635,21,4,,1,68,,28636,21,4,,1,30,,28637,21,4,,1,70,,28638,21,4,,1,30,,28639,21,4,,1,70,,28640,21,4,,1,30,,28641,21,4,,1,68,,28642,21,4,,1,25,,28643,21,4,,1,70,,28644,21,4,,1,30,,28645,21,4,,1,70,,28646,21,4,,1,30,,28647,21,4,,1,70,,28648,21,4,,1,30,,28649,21,4,,1,69,,28650,21,4,,1,28,,28651,21,4,,1,70,,28652,21,4,,1,30,,28653,21,4,,1,70,,28654,21,4,,1
5800,'58-Holiday1-11111111',836,,28761,23,4,,1,100,,28760,23,4,,1,100,,28759,23,4,,1,100,,28758,23,4,,1,100,,28757,23,4,,1,100,,28756,23,4,,1,100,,28755,23,4,,1,100,,28754,23,4,,1,100,,28753,23,4,,1,100,,28752,23,4,,1,99,,28751,23,4,,1,100,,28750,23,4,,1,100,,28749,23,4,,1,100,,28748,23,4,,1,100,,28747,23,4,,1,100,,28746,23,4,,1
5800,'58-Saturday-10000010',735,,28768,23,4,,1,70,,28767,23,4,,1,30,,28766,23,4,,1,70,,28765,23,4,,1,30,,28764,23,4,,1,70,,28763,23,4,,1,30,,28762,23,4,,1,70,,28783,23,4,,1,30,,28782,23,4,,1,70,,28781,23,4,,1,30,,28780,23,4,,1,70,,28779,23,4,,1,30,,28778,23,4,,1,70,,28777,23,4,,1,30,,28776,23,4,,1,70,,28775,23,4,,1,30,,28774,23,4,,1,70,,28773,23,4,,1,30,,28772,23,4,,1,70,,28771,23,4,,1,30,,28770,23,4,,1,70,,28769,23,4,,1,30,,28789,23,4,,1,100,,28788,23,4,,1,100,,28787,23,4,,1,100,,28786,23,4,,1,100,,28785,23,4,,1,100,,28784,23,4,,1
5800,'58-Sunday-10000001',906,,28790,23,4,,1,99,,28792,23,4,,1,101,,28791,23,4,,1,30,,28807,23,4,,1,70,,28806,23,4,,1,30,,28805,23,4,,1,70,,28804,23,4,,1,30,,28803,23,4,,1,70,,28802,23,4,,1,30,,28801,23,4,,1,70,,28800,23,4,,1,30,,28799,23,4,,1,70,,28798,23,4,,1,30,,28797,23,4,,1,70,,28796,23,4,,1,30,,28795,23,4,,1,70,,28794,23,4,,1,29,,28793,23,4,,1,100,,28812,23,4,,1,100,,28811,23,4,,1,100,,28810,23,4,,1,100,,28809,23,4,,1,100,,28808,23,4,,1
5800,'58-Weekday-11111100',554,,28813,23,4,,1,70,,28814,23,4,,1,25,,28815,23,4,,1,70,,28816,23,4,,1,31,,28817,23,4,,1,70,,28818,23,4,,1,30,,28819,23,4,,1,70,,28820,23,4,,1,30,,28821,23,4,,1,70,,28822,23,4,,1,30,,28823,23,4,,1,70,,28824,23,4,,1,30,,28825,23,4,,1,70,,28826,23,4,,1,30,,28827,23,4,,1,70,,28828,23,4,,1,30,,28829,23,4,,1,70,,28849,23,4,,1,87,,28830,23,4,,1,30,,28831,23,4,,1,70,,28832,23,4,,1,30,,28833,23,4,,1,70,,28834,23,4,,1,30,,28835,23,4,,1,69,,28836,23,4,,1,13,,28837,23,4,,1,30,,28838,23,4,,1,70,,28839,23,4,,1,30,,28840,23,4,,1,70,,28841,23,4,,1,30,,28842,23,4,,1,70,,28843,23,4,,1,30,,28844,23,4,,1,68,,28845,23,4,,1,15,,28846,23,4,,1,70,,28847,23,4,,1,30,,28848,23,4,,1
5801,'58-Holiday1-11111111',800,,28852,1,,,1,100,,28851,1,,,1,100,,28850,1,,,1,100,,28853,1,,,1,100,,28854,1,,,1,100,,28855,1,,,1,100,,28856,1,,,1,100,,28857,1,,,1,100,,28858,1,,,1,100,,28859,1,,,1,100,,28860,1,,,1,100,,28865,1,,,1,100,,28864,1,,,1,100,,28863,1,,,1,100,,28862,1,,,1,100,,28861,1,,,1
5801,'58-Saturday-10000010',630,,28873,1,,,1,70,,28872,1,,,1,30,,28871,1,,,1,70,,28870,1,,,1,30,,28869,1,,,1,70,,28868,1,,,1,30,,28867,1,,,1,70,,28866,1,,,1,30,,28889,1,,,1,70,,28888,1,,,1,30,,28887,1,,,1,70,,28886,1,,,1,30,,28885,1,,,1,70,,28884,1,,,1,30,,28883,1,,,1,70,,28882,1,,,1,30,,28881,1,,,1,70,,28880,1,,,1,30,,28879,1,,,1,70,,28878,1,,,1,30,,28877,1,,,1,70,,28876,1,,,1,30,,28875,1,,,1,70,,28874,1,,,1,100,,28891,1,,,1,100,,28893,1,,,1,100,,28894,1,,,1,100,,28892,1,,,1,100,,28890,1,,,1
5801,'58-Sunday-10000001',830,,28897,1,,,1,100,,28896,1,,,1,100,,28895,1,,,1,70,,28898,1,,,1,30,,28912,1,,,1,70,,28911,1,,,1,30,,28910,1,,,1,70,,28909,1,,,1,30,,28908,1,,,1,70,,28907,1,,,1,30,,28906,1,,,1,70,,28905,1,,,1,30,,28904,1,,,1,70,,28903,1,,,1,30,,28902,1,,,1,70,,28901,1,,,1,30,,28900,1,,,1,70,,28899,1,,,1,100,,28917,1,,,1,100,,28916,1,,,1,100,,28915,1,,,1,100,,28914,1,,,1,100,,28913,1,,,1
5801,'58-Weekday-11111100',535,,28921,1,,,1,70,,28920,1,,,1,30,,28919,1,,,1,70,,28918,1,,,1,30,,28934,1,,,1,70,,28933,1,,,1,30,,28932,1,,,1,70,,28931,1,,,1,30,,28930,1,,,1,70,,28929,1,,,1,30,,28928,1,,,1,70,,28927,1,,,1,30,,28926,1,,,1,70,,28925,1,,,1,30,,28924,1,,,1,70,,28923,1,,,1,30,,28922,1,,,1,70,,28940,1,,,1,35,,28939,1,,,1,70,,28952,1,,,1,30,,28938,1,,,1,70,,28937,1,,,1,30,,28936,1,,,1,70,,28951,1,,,1,30,,28953,1,,,1,70,,28935,1,,,1,20,,28950,1,,,1,70,,28949,1,,,1,30,,28948,1,,,1,70,,28947,1,,,1,30,,28946,1,,,1,70,,28945,1,,,1,30,,28944,1,,,1,25,,28943,1,,,1,70,,28942,1,,,1,30,,28941,1,,,1
6700,'67-Weekday-11111100',605,,29828,1,,,1,30,,29829,1,,,1,70,,29830,1,,,1,30,,29831,1,,,1,70,,29836,1,,,1,30,,29834,1,,,1,565,,29839,1,,,1,30,,29835,1,,,1,70,,29840,1,,,1,30,,29824,1,,,1,70,,29838,1,,,1,30,,29825,1,,,1,70,,29826,1,,,1,30,,29827,1,,,1,475,,29833,1,,,1,30,,29837,1,,,1,70,,29832,1,,,1
6701,'67-Weekday-11111100',650,,29854,42,4,,1,70,,29845,42,4,,1,30,,29844,42,4,,1,70,,29842,42,4,,1,30,,29857,42,4,,1,70,,29843,42,4,,1,533,,29850,42,4,,1,70,,29849,42,4,,1,30,,29848,42,4,,1,70,,29847,42,4,,1,30,,29846,42,4,,1,70,,29855,42,4,,1,30,,29851,42,4,,1,70,,29858,42,4,,1,429,,29853,42,4,,1,70,,29856,42,4,,1,30,,29852,42,4,,1
