100,'1-Holiday1-10000001',829,,1,33,,,1,100,,2,33,,,1,30,,3,33,,,1,71,,4,33,,,1,70,,5,33,,,1,30,,6,33,,,1,70,,7,33,,,1,30,,8,33,,,1,70,,9,33,,,1,30,,10,33,,,1,70,,11,33,,,1,30,,12,33,,,1,70,,13,33,,,1,30,,14,33,,,1,70,,15,33,,,1,30,,16,33,,,1,70,,17,33,,,1,30,,18,33,,,1,70,,19,33,,,1,29,,20,33,,,1,100,,21,33,,,1,100,,22,33,,,1,100,,23,33,,,1,100,,24,33,,,1,100,,25,33,,,1,100,,26,33,,,1
100,'1-Saturday-10000010',629,,27,33,,,1,30,,28,33,,,1,70,,29,33,,,1,30,,30,33,,,1,70,,31,33,,,1,30,,32,33,,,1,71,,33,33,,,1,70,,34,33,,,1,30,,35,33,,,1,70,,36,33,,,1,30,,37,33,,,1,70,,38,33,,,1,30,,39,33,,,1,70,,40,33,,,1,30,,41,33,,,1,70,,42,33,,,1,30,,43,33,,,1,70,,44,33,,,1,30,,45,33,,,1,70,,46,33,,,1,30,,47,33,,,1,70,,48,33,,,1,30,,49,33,,,1,70,,50,33,,,1,29,,51,33,,,1,30,,52,33,,,1,70,,53,33,,,1,30,,54,33,,,1,70,,55,33,,,1,30,,56,33,,,1,70,,57,33,,,1,30,,58,33,,,1,70,,59,33,,,1,30,,60,33,,,1,70,,61,33,,,1,100,,62,33,,,1
100,'1-Sunday-10000001',829,,63,33,,,1,100,,64,33,,,1,30,,65,33,,,1,71,,66,33,,,1,70,,67,33,,,1,30,,68,33,,,1,70,,69,33,,,1,30,,70,33,,,1,70,,71,33,,,1,30,,72,33,,,1,70,,73,33,,,1,30,,74,33,,,1,70,,75,33,,,1,30,,76,33,,,1,70,,77,33,,,1,30,,78,33,,,1,70,,79,33,,,1,30,,80,33,,,1,70,,81,33,,,1,29,,82,33,,,1,100,,83,33,,,1,100,,84,33,,,1,100,,85,33,,,1,100,,86,33,,,1,100,,87,33,,,1,100,,88,33,,,1
100,'1-Weekday-21111100',558,,125,33,,,1,70,,122,33,,,1,30,,123,33,,,1,56,,126,33,,,1,18,,89,33,,,1,70,,90,33,,,1,30,,91,33,,,1,70,,92,33,,,1,30,,93,33,,,1,70,,94,33,,,1,30,,103,33,,,1,70,,104,33,,,1,30,,105,33,,,1,70,,106,33,,,1,30,,107,33,,,1,70,,108,33,,,1,30,,109,33,,,1,70,,110,33,,,1,30,,111,33,,,1,70,,95,33,,,1,30,,96,33,,,1,70,,97,33,,,1,30,,98,33,,,1,70,,99,33,,,1,30,,100,33,,,1,70,,101,33,,,1,28,,102,33,,,1,70,,112,33,,,1,30,,113,33,,,1,70,,114,33,,,1,30,,115,33,,,1,70,,116,33,,,1,30,,117,33,,,1,70,,118,33,,,1,28,,119,33,,,1,30,,120,33,,,1,70,,121,33,,,1,100,,124,33,,,1
801,'8-Holiday1-10000001',730,,1738,3,,,1,29,,1737,17,,,1,71,,1705,17,,,1,70,,1706,17,,,1,30,,1707,17,,,1,70,,1708,17,,,1,35,,1709,17,,,1,70,,1710,17,,,1,30,,1711,17,,,1,70,,1712,17,,,1,30,,1713,17,,,1,70,,1714,17,,,1,30,,1715,17,,,1,70,,1716,17,,,1,30,,1717,17,,,1,70,,1718,17,,,1,30,,1719,17,,,1,70,,1720,17,,,1,30,,1721,17,,,1,70,,1722,17,,,1,30,,1723,17,,,1,69,,1724,17,,,1,26,,1725,17,,,1,70,,1726,17,,,1,30,,1727,17,,,1,70,,1728,17,,,1,30,,1729,17,,,1,70,,1730,17,,,1,30,,1731,17,,,1,70,,1732,17,,,1,30,,1733,17,,,1,70,,1734,17,,,1,30,,1735,17,,,1,70,,1736,17,,,1
801,'8-Saturday-10000010',631,,1773,17,,,1,70,,1774,17,,,1,29,,1739,17,,,1,70,,1740,17,,,1,30,,1741,17,,,1,70,,1742,17,,,1,34,,1743,17,,,1,71,,1744,17,,,1,30,,1745,17,,,1,70,,1746,17,,,1,30,,1747,17,,,1,70,,1748,17,,,1,30,,1749,17,,,1,70,,1750,17,,,1,30,,1751,17,,,1,70,,1752,17,,,1,30,,1753,17,,,1,70,,1754,17,,,1,30,,1755,17,,,1,70,,1756,17,,,1,30,,1757,17,,,1,70,,1758,17,,,1,30,,1759,17,,,1,69,,1760,17,,,1,28,,1761,17,,,1,70,,1762,17,,,1,30,,1763,17,,,1,70,,1764,17,,,1,30,,1765,17,,,1,70,,1766,17,,,1,30,,1767,17,,,1,70,,1768,17,,,1,28,,1769,17,,,1,70,,1770,17,,,1,30,,1771,17,,,1,70,,1772,17,,,1
801,'8-Sunday-10000001',730,,1808,3,,,1,29,,1807,17,,,1,71,,1775,17,,,1,70,,1776,17,,,1,30,,1777,17,,,1,70,,1778,17,,,1,35,,1779,17,,,1,70,,1780,17,,,1,30,,1781,17,,,1,70,,1782,17,,,1,30,,1783,17,,,1,70,,1784,17,,,1,30,,1785,17,,,1,70,,1786,17,,,1,30,,1787,17,,,1,70,,1788,17,,,1,30,,1789,17,,,1,70,,1790,17,,,1,30,,1791,17,,,1,70,,1792,17,,,1,30,,1793,17,,,1,69,,1794,17,,,1,26,,1795,17,,,1,70,,1796,17,,,1,30,,1797,17,,,1,70,,1798,17,,,1,30,,1799,17,,,1,70,,1800,17,,,1,30,,1801,17,,,1,70,,1802,17,,,1,30,,1803,17,,,1,70,,1804,17,,,1,30,,1805,17,,,1,70,,1806,17,,,1
801,'8-Weekday-11111100',543,,1862,3,,,1,70,,1861,17,,,1,20,,1809,17,,,1,10,,1857,3,,,1,58,,1810,17,,,1,18,,1811,17,,,1,4,,1812,17,,,1,13,,1813,17,,,1,18,,1814,17,,,1,55,,1815,17,,,1,15,,1816,17,,,1,15,,1817,17,,,1,15,,1818,17,,,1,55,,1819,17,,,1,15,,1820,17,,,1,15,,1821,17,,,1,15,,1822,17,,,1,54,,1864,17,,,1,14,,1823,17,,,1,14,,1824,17,,,1,15,,1866,17,,,1,55,,1825,17,,,1,15,,1867,17,,,1,15,,1826,17,,,1,15,,1868,17,,,1,55,,1827,17,,,1,15,,1869,17,,,1,15,,1828,17,,,1,15,,1870,17,,,1,55,,1829,17,,,1,15,,1871,17,,,1,15,,1830,17,,,1,15,,1872,17,,,1,55,,1831,17,,,1,15,,1873,17,,,1,16,,1832,17,,,1,17,,1833,17,,,1,55,,1858,17,,,1,16,,1834,17,,,1,17,,1859,17,,,1,15,,1835,17,,,1,55,,1836,17,,,1,15,,1837,17,,,1,15,,1838,17,,,1,15,,1839,17,,,1,55,,1840,17,,,1,15,,1841,17,,,1,15,,1842,17,,,1,15,,1843,17,,,1,53,,1844,17,,,1,14,,1845,17,,,1,14,,1865,17,,,1,14,,1874,17,,,1,54,,1846,17,,,1,15,,1875,17,,,1,15,,1847,17,,,1,15,,1876,17,,,1,55,,1848,17,,,1,15,,1877,17,,,1,15,,1849,17,,,1,15,,1878,17,,,1,55,,1850,17,,,1,15,,1879,17,,,1,15,,1851,17,,,1,70,,1852,17,,,1,28,,1853,17,,,1,66,,1854,17,,,1,30,,1855,17,,,1,70,,1856,17,,,1
2000,'20-Holiday1-10000001',821,,3744,25,,,1,30,,3745,25,,,1,70,,3746,25,,,1,30,,3747,25,,,1,72,,3748,25,,,1,30,,3749,25,,,1,70,,3750,25,,,1,30,,3751,25,,,1,70,,3752,25,,,1,30,,3753,25,,,1,70,,3754,25,,,1,30,,3755,25,,,1,70,,3756,25,,,1,30,,3757,25,,,1,70,,3758,25,,,1,30,,3759,25,,,1,70,,3760,25,,,1,30,,3761,25,,,1,70,,3762,25,,,1,30,,3763,25,,,1,68,,3764,25,,,1,30,,3765,25,,,1,70,,3766,25,,,1,30,,3767,25,,,1,70,,3768,25,,,1,30,,3769,25,,,1,70,,3770,25,,,1,30,,3771,25,,,1,70,,3772,25,,,1,30,,3773,25,,,1,100,,3774,25,,,1
2000,'20-Saturday-10000010',626,,3775,25,,,1,30,,3776,25,,,1,70,,3777,25,,,1,30,,3778,25,,,1,70,,3779,25,,,1,30,,3780,25,,,1,73,,3781,25,,,1,30,,3782,25,,,1,70,,3783,25,,,1,30,,3784,25,,,1,70,,3785,25,,,1,30,,3786,25,,,1,70,,3787,25,,,1,30,,3788,25,,,1,70,,3789,25,,,1,30,,3790,25,,,1,70,,3791,25,,,1,30,,3792,25,,,1,70,,3793,25,,,1,30,,3794,25,,,1,70,,3795,25,,,1,30,,3796,25,,,1,70,,3797,25,,,1,30,,3798,25,,,1,67,,3799,25,,,1,30,,3800,25,,,1,70,,3801,25,,,1,30,,3802,25,,,1,70,,3803,25,,,1,30,,3804,25,,,1,70,,3805,25,,,1,30,,3806,25,,,1,70,,3807,25,,,1,30,,3808,25,,,1,70,,3809,25,,,1,30,,3810,25,,,1
2000,'20-Sunday-10000001',816,,3812,25,,,1,30,,3813,25,,,1,70,,3814,25,,,1,30,,3815,25,,,1,71,,3816,25,,,1,31,,3817,25,,,1,70,,3818,25,,,1,30,,3819,25,,,1,70,,3820,25,,,1,30,,3821,25,,,1,70,,3822,25,,,1,30,,3823,25,,,1,70,,3824,25,,,1,30,,3825,25,,,1,70,,3826,25,,,1,30,,3827,25,,,1,70,,3828,25,,,1,30,,3829,25,,,1,70,,3830,25,,,1,30,,3831,25,,,1,69,,3832,25,,,1,29,,3833,25,,,1,70,,3834,25,,,1,30,,3835,25,,,1,70,,3836,25,,,1,30,,3837,25,,,1,70,,3838,25,,,1,30,,3839,25,,,1,70,,3840,25,,,1,30,,3841,25,,,1,100,,3842,25,,,1
2000,'20-Weekday-21111100',552,,3855,25,,,1,70,,3856,25,,,1,15,,3882,25,,,1,15,,3857,25,,,1,75,,3879,25,,,1,30,,3878,25,,,1,70,,3845,25,,,1,30,,3846,25,,,1,70,,3847,25,,,1,29,,3880,25,,,1,70,,3858,25,,,1,30,,3859,25,,,1,70,,3860,25,,,1,30,,3861,25,,,1,70,,3862,25,,,1,30,,3863,25,,,1,70,,3864,25,,,1,30,,3865,25,,,1,70,,3866,25,,,1,82,,3848,25,,,1,30,,3849,25,,,1,70,,3850,25,,,1,30,,3851,25,,,1,70,,3852,25,,,1,30,,3853,25,,,1,69,,3854,25,,,1,17,,3867,25,,,1,30,,3881,25,,,1,70,,3868,25,,,1,30,,3869,25,,,1,70,,3870,25,,,1,30,,3871,25,,,1,70,,3872,25,,,1,30,,3873,25,,,1,68,,3874,25,,,1,30,,3875,25,,,1,70,,3876,25,,,1,30,,3877,25,,,1
