800,'8-Holiday1',749,,1563,,,1,70,,1530,,,1,30,,1531,,,1,70,,1532,,,1,30,,1533,,,1,71,,1534,,,1,30,,1535,,,1,70,,1536,,,1,30,,1537,,,1,70,,1538,,,1,30,,1539,,,1,70,,1540,,,1,30,,1541,,,1,70,,1542,,,1,30,,1543,,,1,70,,1544,,,1,30,,1545,,,1,70,,1546,,,1,30,,1547,,,1,70,,1548,,,1,30,,1549,,,1,69,,1550,,,1,30,,1551,,,1,70,,1552,,,1,30,,1553,,,1,70,,1554,,,1,30,,1555,,,1,70,,1556,,,1,30,,1557,,,1,70,,1558,,,1,30,,1559,,,1,70,,1560,,,1,30,,1561,,,1,70,,1562,,,1
800,'8-Saturday',649,,1564,,,1,70,,1565,,,1,30,,1566,,,1,70,,1567,,,1,30,,1568,,,1,72,,1569,,,1,30,,1570,,,1,70,,1571,,,1,30,,1572,,,1,70,,1573,,,1,30,,1574,,,1,70,,1575,,,1,30,,1576,,,1,70,,1577,,,1,30,,1578,,,1,70,,1579,,,1,30,,1580,,,1,70,,1581,,,1,30,,1582,,,1,70,,1583,,,1,30,,1584,,,1,70,,1585,,,1,30,,1586,,,1,68,,1587,,,1,30,,1588,,,1,70,,1589,,,1,30,,1590,,,1,70,,1591,,,1,30,,1592,,,1,70,,1593,,,1,30,,1594,,,1,70,,1595,,,1,30,,1596,,,1,70,,1597,,,1,30,,1598,,,1,70,,1599,,,1
800,'8-Sunday',749,,1633,,,1,70,,1600,,,1,30,,1601,,,1,70,,1602,,,1,30,,1603,,,1,71,,1604,,,1,30,,1605,,,1,70,,1606,,,1,30,,1607,,,1,70,,1608,,,1,30,,1609,,,1,70,,1610,,,1,30,,1611,,,1,70,,1612,,,1,30,,1613,,,1,70,,1614,,,1,30,,1615,,,1,70,,1616,,,1,30,,1617,,,1,70,,1618,,,1,30,,1619,,,1,69,,1620,,,1,30,,1621,,,1,70,,1622,,,1,30,,1623,,,1,70,,1624,,,1,30,,1625,,,1,70,,1626,,,1,30,,1627,,,1,70,,1628,,,1,30,,1629,,,1,70,,1630,,,1,30,,1631,,,1,70,,1632,,,1
800,'8-Weekday',550,,1684,,,1,70,,1634,,,1,30,,1635,,,1,62,,1683,,,1,10,,1686,,,1,5,,1636,,,1,15,,1637,,,1,15,,1638,,,1,55,,1639,,,1,15,,1640,,,1,15,,1641,,,1,15,,1642,,,1,55,,1643,,,1,15,,1644,,,1,14,,1645,,,1,15,,1646,,,1,55,,1695,,,1,15,,1647,,,1,15,,1687,,,1,15,,1648,,,1,55,,1688,,,1,15,,1649,,,1,15,,1689,,,1,15,,1650,,,1,55,,1690,,,1,15,,1651,,,1,15,,1691,,,1,15,,1652,,,1,55,,1692,,,1,15,,1653,,,1,15,,1693,,,1,15,,1654,,,1,55,,1694,,,1,15,,1655,,,1,12,,1697,0,19 6,1,4,,1685,,,1,16,,1656,,,1,55,,1657,,,1,15,,1658,,,1,15,,1659,,,1,15,,1660,,,1,55,,1661,,,1,15,,1662,,,1,15,,1663,,,1,15,,1664,,,1,55,,1665,,,1,15,,1666,,,1,15,,1667,,,1,15,,1668,,,1,54,,1669,,,1,19,,1670,,,1,20,,1671,,,1,55,,1699,,,1,15,,1672,,,1,15,,1700,,,1,15,,1673,,,1,55,,1701,,,1,15,,1674,,,1,15,,1702,,,1,15,,1675,,,1,55,,1698,,,1,15,,1676,,,1,15,,1703,,,1,15,,1677,,,1,54,,1704,,,1,14,,1678,,,1,30,,1679,,,1,70,,1680,,,1,30,,1681,,,1,70,,1682,,,1,30,,1696,,,1
2001,'20-Holiday1',805,,3883,,,1,30,,3884,,,1,70,,3885,,,1,30,,3886,,,1,70,,3887,,,1,31,,3888,,,1,70,,3889,,,1,30,,3890,,,1,70,,3891,,,1,30,,3892,,,1,70,,3893,,,1,30,,3894,,,1,70,,3895,,,1,30,,3896,,,1,70,,3897,,,1,30,,3898,,,1,70,,3899,,,1,30,,3900,,,1,70,,3901,,,1,30,,3902,,,1,70,,3903,,,1,29,,3904,,,1,70,,3905,,,1,30,,3906,,,1,70,,3907,,,1,30,,3908,,,1,70,,3909,,,1,30,,3910,,,1,70,,3911,,,1,30,,3912,,,1,70,,3913,,,1,30,,3914,,,1
2001,'20-Saturday',640,,3915,,,1,70,,3916,,,1,30,,3917,,,1,70,,3918,,,1,30,,3919,,,1,72,,3920,,,1,30,,3921,,,1,70,,3922,,,1,30,,3923,,,1,70,,3924,,,1,30,,3925,,,1,70,,3926,,,1,30,,3927,,,1,70,,3928,,,1,30,,3929,,,1,70,,3930,,,1,30,,3931,,,1,70,,3932,,,1,30,,3933,,,1,70,,3934,,,1,30,,3935,,,1,70,,3936,,,1,30,,3937,,,1,68,,3938,,,1,30,,3939,,,1,70,,3940,,,1,30,,3941,,,1,70,,3942,,,1,30,,3943,,,1,70,,3944,,,1,30,,3945,,,1,70,,3946,,,1,30,,3947,,,1,70,,3948,,,1,30,,3949,,,1,70,,3950,,,1
2001,'20-Sunday',800,,3951,,,1,30,,3952,,,1,70,,3953,,,1,30,,3954,,,1,70,,3955,,,1,31,,3956,,,1,70,,3957,,,1,30,,3958,,,1,70,,3959,,,1,30,,3960,,,1,70,,3961,,,1,30,,3962,,,1,70,,3963,,,1,30,,3964,,,1,70,,3965,,,1,30,,3966,,,1,70,,3967,,,1,30,,3968,,,1,70,,3969,,,1,30,,3970,,,1,70,,3971,,,1,29,,3972,,,1,70,,3973,,,1,30,,3974,,,1,70,,3975,,,1,30,,3976,,,1,70,,3977,,,1,30,,3978,,,1,70,,3979,,,1,30,,3980,,,1,70,,3981,,,1,30,,3982,,,1
2001,'20-Weekday',607,,3983,,,1,30,,3984,,,1,71,,3985,,,1,14,,3986,,,1,30,,3987,,,1,70,,3988,,,1,30,,3989,,,1,70,,3990,,,1,31,,3991,,,1,70,,3992,,,1,30,,4018,,,1,70,,3993,,,1,30,,3994,,,1,70,,3995,,,1,30,,3996,,,1,70,,3997,,,1,30,,3998,,,1,70,,3999,,,1,31,,4000,,,1,60,,4001,,,1,30,,4002,,,1,70,,4003,,,1,30,,4004,,,1,70,,4005,,,1,30,,4006,,,1,69,,4007,,,1,39,,4020,,,1,70,,4008,,,1,30,,4019,,,1,70,,4009,,,1,30,,4010,,,1,70,,4011,,,1,30,,4012,,,1,68,,4013,,,1,20,,4014,,,1,70,,4015,,,1,30,,4016,,,1,70,,4017,,,1
20400,'204-Holiday1',737,,9326,,,1,70,,9327,,,1,30,,9328,,,1,70,,9329,,,1,30,,9330,,,1,70,,9331,,,1,30,,9332,,,1,70,,9333,,,1,30,,9334,,,1,70,,9325,,,1,30,,9335,,,1,70,,9336,,,1,30,,9337,,,1,70,,9338,,,1,30,,9339,,,1,70,,9340,,,1,30,,9341,,,1,70,,9342,,,1,30,,9343,,,1,70,,9344,,,1,30,,9345,,,1,70,,9346,,,1,30,,9347,,,1,70,,9348,,,1,30,,9349,,,1,70,,9350,,,1,30,,9351,,,1,70,,9352,,,1,30,,9353,,,1,70,,9354,,,1,30,,9355,,,1,70,,9356,,,1,30,,9357,,,1,70,,9358,,,1
20400,'204-Saturday',637,,9359,,,1,70,,9360,,,1,30,,9361,,,1,70,,9362,,,1,30,,9363,,,1,70,,9364,,,1,30,,9365,,,1,70,,9366,,,1,30,,9367,,,1,70,,9368,,,1,30,,9369,,,1,70,,9370,,,1,30,,9371,,,1,70,,9372,,,1,30,,9373,,,1,70,,9374,,,1,30,,9375,,,1,70,,9376,,,1,30,,9377,,,1,70,,9378,,,1,30,,9379,,,1,70,,9380,,,1,30,,9381,,,1,70,,9382,,,1,30,,9383,,,1,70,,9384,,,1,30,,9385,,,1,70,,9386,,,1,30,,9387,,,1,70,,9388,,,1,30,,9389,,,1,70,,9390,,,1,30,,9391,,,1,70,,9392,,,1,30,,9393,,,1,70,,9394,,,1
20400,'204-Sunday',737,,9396,,,1,70,,9397,,,1,30,,9398,,,1,70,,9399,,,1,30,,9400,,,1,70,,9401,,,1,30,,9402,,,1,70,,9403,,,1,30,,9404,,,1,70,,9395,,,1,30,,9405,,,1,70,,9406,,,1,30,,9407,,,1,70,,9408,,,1,30,,9409,,,1,70,,9410,,,1,30,,9411,,,1,70,,9412,,,1,30,,9413,,,1,70,,9414,,,1,30,,9415,,,1,70,,9416,,,1,30,,9417,,,1,70,,9418,,,1,30,,9419,,,1,70,,9420,,,1,30,,9421,,,1,70,,9422,,,1,30,,9423,,,1,70,,9424,,,1,30,,9425,,,1,70,,9426,,,1,30,,9427,,,1,70,,9428,,,1
20400,'204-Weekday',607,,9487,,,1,30,,9429,,,1,71,,9430,,,1,18,,9431,,,1,15,,9432,,,1,15,,9433,,,1,55,,9434,,,1,15,,9435,,,1,15,,9436,,,1,15,,9437,,,1,55,,9438,,,1,15,,9439,,,1,14,,9440,,,1,14,,9441,,,1,55,,9442,,,1,15,,9443,,,1,15,,9444,,,1,15,,9445,,,1,55,,9446,,,1,15,,9447,,,1,15,,9448,,,1,15,,9449,,,1,55,,9450,,,1,15,,9451,,,1,15,,9452,,,1,15,,9453,,,1,55,,9454,,,1,15,,9455,,,1,15,,9456,,,1,15,,9457,,,1,55,,9458,,,1,15,,9459,,,1,16,,9460,,,1,16,,9461,,,1,55,,9462,,,1,15,,9463,,,1,15,,9464,,,1,15,,9465,,,1,55,,9466,,,1,15,,9467,,,1,15,,9468,,,1,15,,9469,,,1,55,,9470,,,1,15,,9471,,,1,15,,9472,,,1,15,,9473,,,1,54,,9474,,,1,14,,9488,,,1,15,,9475,,,1,70,,9476,,,1,30,,9477,,,1,70,,9478,,,1,30,,9479,,,1,70,,9480,,,1,30,,9481,,,1,70,,9482,,,1,28,,9483,,,1,70,,9484,,,1,30,,9485,,,1,70,,9486,,,1
