400,'4-Saturday-10000010',630,,11400,1,,,1,70,,11370,1,,,1,30,,11371,1,,,1,70,,11372,1,,,1,30,,11373,1,,,1,70,,11374,1,,,1,30,,11375,1,,,1,70,,11376,1,,,1,30,,11377,1,,,1,70,,11378,1,,,1,30,,11379,1,,,1,70,,11380,1,,,1,30,,11381,1,,,1,70,,11382,1,,,1,30,,11383,1,,,1,70,,11384,1,,,1,30,,11385,1,,,1,70,,11386,1,,,1,30,,11387,1,,,1,70,,11388,1,,,1,30,,11389,1,,,1,70,,11390,1,,,1,30,,11391,1,,,1,70,,11392,1,,,1,30,,11393,1,,,1,70,,11394,1,,,1,30,,11395,1,,,1,70,,11396,1,,,1,30,,11397,1,,,1,100,,11398,1,,,1,100,,11399,1,,,1
400,'4-Sunday-10000001',830,,11401,1,,,1,100,,11402,1,,,1,70,,11403,1,,,1,30,,11404,1,,,1,70,,11405,1,,,1,30,,11406,1,,,1,70,,11407,1,,,1,30,,11408,1,,,1,70,,11409,1,,,1,30,,11410,1,,,1,70,,11411,1,,,1,30,,11412,1,,,1,70,,11413,1,,,1,30,,11414,1,,,1,70,,11415,1,,,1,30,,11416,1,,,1,70,,11417,1,,,1,30,,11418,1,,,1,70,,11424,1,,,1,30,,11419,1,,,1,70,,11425,1,,,1,30,,11420,1,,,1,70,,11426,1,,,1,30,,11421,1,,,1,100,,11422,1,,,1,100,,11423,1,,,1
400,'4-Weekday-11111100',600,,11427,1,,,1,30,,11428,1,,,1,70,,11429,1,,,1,30,,11430,1,,,1,70,,11431,1,,,1,30,,11432,1,,,1,70,,11433,1,,,1,30,,11434,1,,,1,70,,11435,1,,,1,30,,11436,1,,,1,70,,11437,1,,,1,30,,11438,1,,,1,70,,11439,1,,,1,30,,11440,1,,,1,70,,11441,1,,,1,30,,11442,1,,,1,70,,11443,1,,,1,30,,11444,1,,,1,70,,11445,1,,,1,30,,11446,1,,,1,70,,11447,1,,,1,30,,11448,1,,,1,70,,11449,1,,,1,30,,11450,1,,,1,70,,11451,1,,,1,30,,11452,1,,,1,70,,11453,1,,,1,30,,11454,1,,,1,70,,11459,1,,,1,30,,11455,1,,,1,70,,11460,1,,,1,30,,11456,1,,,1,70,,11461,1,,,1,30,,11457,1,,,1,70,,11462,1,,,1,30,,11458,1,,,1
401,'4-Saturday-10000010',651,,11463,29,4,,1,70,,11464,29,4,,1,30,,11465,29,4,,1,70,,11466,29,4,,1,30,,11467,29,4,,1,70,,11468,29,4,,1,31,,11469,29,4,,1,70,,11470,29,4,,1,30,,11471,29,4,,1,70,,11472,29,4,,1,30,,11473,29,4,,1,70,,11474,29,4,,1,30,,11475,29,4,,1,70,,11476,29,4,,1,30,,11477,29,4,,1,70,,11478,29,4,,1,30,,11479,29,4,,1,70,,11480,29,4,,1,30,,11481,29,4,,1,70,,11482,29,4,,1,30,,11483,29,4,,1,70,,11484,29,4,,1,30,,11485,29,4,,1,69,,11486,29,4,,1,29,,11487,29,4,,1,70,,11488,29,4,,1,30,,11489,29,4,,1,70,,11490,29,4,,1,30,,11491,29,4,,1,70,,11492,29,4,,1,100,,11493,29,4,,1,100,,11494,29,4,,1
401,'4-Sunday-10000001',921,,11495,29,4,,1,100,,11496,29,4,,1,30,,11497,29,4,,1,70,,11498,29,4,,1,30,,11499,29,4,,1,70,,11500,29,4,,1,30,,11501,29,4,,1,70,,11502,29,4,,1,30,,11503,29,4,,1,70,,11504,29,4,,1,30,,11505,29,4,,1,70,,11506,29,4,,1,30,,11507,29,4,,1,70,,11508,29,4,,1,30,,11509,29,4,,1,70,,11510,29,4,,1,30,,11511,29,4,,1,70,,11512,29,4,,1,30,,11520,29,4,,1,70,,11513,29,4,,1,30,,11518,29,4,,1,70,,11514,29,4,,1,30,,11519,29,4,,1,70,,11515,29,4,,1,100,,11516,29,4,,1,100,,11517,29,4,,1
401,'4-Weekday-11111100',621,,11553,29,4,,1,29,,11536,29,4,,1,76,,11537,29,4,,1,75,,11538,29,4,,1,30,,11539,29,4,,1,70,,11540,29,4,,1,30,,11541,29,4,,1,26,,11542,29,4,,1,68,,11543,29,4,,1,30,,11544,29,4,,1,70,,11545,29,4,,1,30,,11547,29,4,,1,70,,11546,29,4,,1,30,,11548,29,4,,1,70,,11549,29,4,,1,30,,11550,29,4,,1,70,,11551,29,4,,1,76,,11552,29,4,,1,44,,11528,29,4,,1,70,,11529,29,4,,1,30,,11530,29,4,,1,70,,11531,29,4,,1,30,,11532,29,4,,1,68,,11533,29,4,,1,24,,11534,29,4,,1,68,,11535,29,4,,1,20,,11522,29,4,,1,30,,11523,29,4,,1,70,,11524,29,4,,1,30,,11554,29,4,,1,70,,11525,29,4,,1,30,,11555,29,4,,1,66,,11526,29,4,,1,26,,11556,29,4,,1,70,,11527,29,4,,1,30,,11557,29,4,,1,70,,11521,29,4,,1
500,'5-Saturday-10000010',640,,11586,1,,,1,70,,11564,1,,,1,30,,11562,1,,,1,70,,11561,1,,,1,30,,11559,1,,,1,70,,11560,1,,,1,30,,11585,1,,,1,70,,11568,1,,,1,30,,11569,1,,,1,70,,11571,1,,,1,30,,11577,1,,,1,70,,11582,1,,,1,30,,11573,1,,,1,70,,11565,1,,,1,30,,11584,1,,,1,70,,11580,1,,,1,30,,11583,1,,,1,70,,11581,1,,,1,30,,11579,1,,,1,70,,11578,1,,,1,30,,11576,1,,,1,70,,11575,1,,,1,30,,11574,1,,,1,70,,11589,1,,,1,30,,11572,1,,,1,70,,11590,1,,,1,30,,11570,1,,,1,100,,11567,1,,,1,100,,11566,1,,,1,100,,11563,1,,,1,100,,11588,1,0,31 32 33 7,1
500,'5-Sunday-10000001',945,,11591,1,0,31 32 33 7,1,85,,11601,1,0,31 32 33 7,1,85,,11598,1,0,31 32 33 7,1,85,,11599,1,0,31 32 33 7,1,45,,11600,1,0,31 32 33 7,1,85,,11597,1,0,31 32 33 7,1,85,,11596,1,0,31 32 33 7,1,85,,11595,1,0,31 32 33 7,1,45,,11594,1,0,31 32 33 7,1,85,,11593,1,0,31 32 33 7,1,85,,11592,1,0,31 32 33 7,1,85,,11602,1,0,31 32 33 7,1
500,'5-Weekday-11111100',540,,11605,1,,,1,70,,11629,1,,,1,30,,11630,1,,,1,70,,11631,1,,,1,30,,11632,1,,,1,70,,11633,1,,,1,30,,11634,1,,,1,70,,11635,1,,,1,20,,11636,1,,,1,70,,11604,1,,,1,30,,11608,1,,,1,70,,11609,1,,,1,30,,11610,1,,,1,70,,11611,1,,,1,30,,11612,1,,,1,70,,11613,1,,,1,30,,11614,1,,,1,70,,11615,1,,,1,30,,11616,1,,,1,70,,11617,1,,,1,30,,11618,1,,,1,70,,11619,1,,,1,30,,11620,1,,,1,70,,11621,1,,,1,30,,11622,1,,,1,70,,11623,1,,,1,30,,11639,1,,,1,70,,11624,1,,,1,30,,11625,1,,,1,70,,11626,1,,,1,30,,11640,1,,,1,70,,11627,1,,,1,30,,11628,1,,,1,80,,11603,1,,,1,30,,11638,1,,,1,70,,11607,1,,,1,30,,11637,1,0,31 32 33 7,1
501,'5-Saturday-10000010',642,,11660,43,4,,1,72,,11661,43,4,,1,30,,11662,43,4,,1,70,,11663,43,4,,1,30,,11664,43,4,,1,71,,11665,43,4,,1,33,,11642,43,4,,1,71,,11643,43,4,,1,30,,11644,43,4,,1,70,,11645,43,4,,1,30,,11646,43,4,,1,70,,11647,43,4,,1,30,,11648,43,4,,1,70,,11649,43,4,,1,30,,11650,43,4,,1,70,,11651,43,4,,1,30,,11652,43,4,,1,70,,11653,43,4,,1,30,,11654,43,4,,1,70,,11655,43,4,,1,30,,11656,43,4,,1,70,,11657,43,4,,1,30,,11658,43,4,,1,69,,11659,43,4,,1,27,,11641,43,4,,1,69,,11666,43,4,,1,30,,11667,43,4,,1,70,,11668,43,4,,1,30,,11669,43,4,,1,100,,11670,43,4,,1,100,,11671,43,4,,1,100,,11672,43,4,,1
501,'5-Sunday-10000001',1023,,11674,22,4,,1,86,,11675,22,4,,1,45,,11676,22,4,,1,85,,11677,22,4,,1,85,,11678,22,4,,1,85,,11679,22,4,,1,45,,11680,22,4,,1,85,,11681,22,4,,1,85,,11682,22,4,,1,85,,11683,22,4,,1,45,,11673,22,4,,1
501,'5-Weekday-11111100',609,,11713,43,4,,1,38,,11714,43,4,,1,74,,11715,43,4,,1,31,,11716,43,4,,1,71,,11709,43,4,,1,30,,11710,43,4,,1,70,,11711,43,4,,1,31,,11717,43,4,,1,68,,11712,43,4,,1,20,,11702,43,4,,1,70,,11703,43,4,,1,30,,11704,43,4,,1,70,,11705,43,4,,1,30,,11706,43,4,,1,70,,11707,43,4,,1,30,,11708,43,4,,1,70,,11691,43,4,,1,33,,11692,43,4,,1,73,,11693,43,4,,1,32,,11694,43,4,,1,70,,11695,43,4,,1,30,,11696,43,4,,1,70,,11697,43,4,,1,30,,11698,43,4,,1,66,,11699,43,4,,1,27,,11700,43,4,,1,66,,11701,43,4,,1,30,,11687,43,4,,1,70,,11719,43,4,,1,30,,11688,43,4,,1,70,,11689,43,4,,1,30,,11690,43,4,,1,70,,11718,43,4,,1,29,,11684,43,4,,1,80,,11685,43,4,,1,30,,11686,43,4,,1,68,,11720,43,4,,1
2900,'29-Saturday-10000010',655,,15776,1,,,1,70,,15777,1,,,1,30,,15778,1,,,1,70,,15779,1,,,1,30,,15780,1,,,1,70,,15781,1,,,1,30,,15782,1,,,1,70,,15783,1,,,1,30,,15784,1,,,1,70,,15785,1,,,1,30,,15786,1,,,1,70,,15787,1,,,1,30,,15788,1,,,1,70,,15789,1,,,1,30,,15790,1,,,1,70,,15791,1,,,1,30,,15792,1,,,1,70,,15793,1,,,1,30,,15794,1,,,1,70,,15795,1,,,1,30,,15796,1,,,1,70,,15797,1,,,1,30,,15798,1,,,1,70,,15799,1,,,1,30,,15800,1,,,1,70,,15801,1,,,1,30,,15802,1,,,1,70,,15803,1,,,1,30,,15804,1,,,1,70,,15805,1,,,1,30,,15806,1,,,1,70,,15807,1,,,1,30,,15808,1,,,1,70,,15809,1,,,1,100,,15810,1,,,1
2900,'29-Sunday-10000001',855,,15811,1,,,1,70,,15812,1,,,1,30,,15813,1,,,1,70,,15814,1,,,1,30,,15815,1,,,1,70,,15816,1,,,1,30,,15817,1,,,1,70,,15818,1,,,1,30,,15819,1,,,1,70,,15820,1,,,1,30,,15821,1,,,1,70,,15822,1,,,1,30,,15823,1,,,1,70,,15824,1,,,1,30,,15825,1,,,1,70,,15826,1,,,1,30,,15827,1,,,1,70,,15828,1,,,1,30,,15829,1,,,1,70,,15830,1,,,1,30,,15831,1,,,1,70,,15832,1,,,1,30,,15833,1,,,1,70,,15834,1,,,1,30,,15835,1,,,1,70,,15836,1,,,1,30,,15837,1,,,1,70,,15838,1,,,1,30,,15839,1,,,1,70,,15840,1,,,1,100,,15841,1,,,1
2900,'29-Weekday-11111100',545,,15878,1,,,1,80,,15875,1,,,1,25,,15877,1,,,1,80,,15876,1,,,1,70,,15851,1,,,1,30,,15852,1,,,1,70,,15853,1,,,1,30,,15854,1,,,1,70,,15855,1,,,1,30,,15856,1,,,1,70,,15857,1,,,1,30,,15858,1,,,1,70,,15859,1,,,1,30,,15860,1,,,1,70,,15861,1,,,1,30,,15862,1,,,1,70,,15863,1,,,1,30,,15864,1,,,1,70,,15865,1,,,1,30,,15866,1,,,1,70,,15867,1,,,1,30,,15868,1,,,1,70,,15869,1,,,1,30,,15870,1,,,1,70,,15871,1,,,1,30,,15872,1,,,1,70,,15873,1,,,1,30,,15874,1,,,1,70,,15850,1,,,1,30,,15849,1,,,1,70,,15848,1,,,1,30,,15842,1,,,1,70,,15847,1,,,1,25,,15845,1,,,1,25,,15846,1,,,1,70,,15844,1,,,1,30,,15843,1,,,1
2901,'29-Saturday-10000010',754,,15879,46,4,,1,70,,15880,46,4,,1,30,,15881,46,4,,1,73,,15882,46,4,,1,30,,15883,46,4,,1,70,,15884,46,4,,1,30,,15885,46,4,,1,70,,15886,46,4,,1,30,,15887,46,4,,1,70,,15888,46,4,,1,30,,15889,46,4,,1,70,,15890,46,4,,1,30,,15891,46,4,,1,70,,15892,46,4,,1,30,,15893,46,4,,1,70,,15894,46,4,,1,30,,15895,46,4,,1,70,,15896,46,4,,1,30,,15897,46,4,,1,70,,15898,46,4,,1,30,,15899,46,4,,1,67,,15900,46,4,,1,30,,15901,46,4,,1,70,,15902,46,4,,1,30,,15903,46,4,,1,70,,15904,46,4,,1,30,,15905,46,4,,1,70,,15906,46,4,,1,30,,15907,46,4,,1,70,,15908,46,4,,1,30,,15909,46,4,,1,70,,15910,46,4,,1,30,,15911,46,4,,1,100,,15912,46,4,,1
2901,'29-Sunday-10000001',849,,15913,46,4,,1,70,,15914,46,4,,1,30,,15915,46,4,,1,72,,15916,46,4,,1,30,,15917,46,4,,1,70,,15918,46,4,,1,30,,15919,46,4,,1,70,,15920,46,4,,1,30,,15921,46,4,,1,70,,15922,46,4,,1,30,,15923,46,4,,1,70,,15924,46,4,,1,30,,15925,46,4,,1,70,,15926,46,4,,1,30,,15927,46,4,,1,70,,15928,46,4,,1,30,,15929,46,4,,1,70,,15930,46,4,,1,30,,15931,46,4,,1,70,,15932,46,4,,1,30,,15933,46,4,,1,70,,15934,46,4,,1,30,,15935,46,4,,1,70,,15936,46,4,,1,30,,15937,46,4,,1,70,,15938,46,4,,1,30,,15939,46,4,,1,68,,15940,46,4,,1,30,,15941,46,4,,1,70,,15942,46,4,,1,30,,15943,46,4,,1,100,,15944,46,4,,1
2901,'29-Weekday-11111100',620,,15981,35,4,,1,24,,15947,46,4,,1,71,,15948,46,4,,1,37,,15949,46,4,,1,70,,15950,46,4,,1,30,,15951,46,4,,1,70,,15952,46,4,,1,31,,15953,46,4,,1,69,,15954,46,4,,1,30,,15955,46,4,,1,70,,15956,46,4,,1,30,,15957,46,4,,1,70,,15958,46,4,,1,30,,15959,46,4,,1,70,,15960,46,4,,1,30,,15961,46,4,,1,70,,15962,46,4,,1,32,,15946,46,4,,1,73,,15945,46,4,,1,30,,15963,46,4,,1,70,,15964,46,4,,1,30,,15965,46,4,,1,70,,15966,46,4,,1,30,,15967,46,4,,1,68,,15968,46,4,,1,28,,15969,46,4,,1,70,,15970,46,4,,1,30,,15971,46,4,,1,70,,15972,46,4,,1,30,,15973,46,4,,1,70,,15974,46,4,,1,30,,15975,46,4,,1,67,,15976,46,4,,1,25,,15977,46,4,,1,70,,15978,46,4,,1,30,,15979,46,4,,1,70,,15980,46,4,,1
