300,'3-Saturday-10000010',631,,255,2,,,1,70,,256,2,,,1,30,,257,2,,,1,70,,258,2,,,1,30,,259,2,,,1,70,,260,2,,,1,30,,261,2,,,1,70,,262,2,,,1,30,,263,2,,,1,70,,264,2,,,1,30,,265,2,,,1,70,,266,2,,,1,30,,267,2,,,1,70,,268,2,,,1,30,,269,2,,,1,70,,270,2,,,1,30,,271,2,,,1,70,,272,2,,,1,30,,273,2,,,1,70,,274,2,,,1,30,,275,2,,,1,70,,276,2,,,1,30,,277,2,,,1,70,,278,2,,,1,30,,279,2,,,1,70,,280,2,,,1,30,,281,2,,,1,70,,282,2,,,1,30,,283,2,,,1,100,,284,2,,,1,100,,285,2,,,1
300,'3-Sunday-10000001',831,,286,2,,,1,100,,287,2,,,1,70,,288,2,,,1,30,,289,2,,,1,70,,290,2,,,1,30,,291,2,,,1,70,,292,2,,,1,30,,293,2,,,1,70,,294,2,,,1,30,,295,2,,,1,70,,296,2,,,1,30,,297,2,,,1,70,,298,2,,,1,30,,299,2,,,1,70,,300,2,,,1,30,,301,2,,,1,70,,302,2,,,1,30,,303,2,,,1,70,,308,2,,,1,30,,304,2,,,1,70,,309,2,,,1,30,,305,2,,,1,70,,310,2,,,1,30,,306,2,,,1,100,,311,2,,,1,100,,307,2,,,1
300,'3-Weekday-11111100',601,,331,2,,,1,30,,330,2,,,1,70,,329,2,,,1,30,,328,2,,,1,70,,327,2,,,1,30,,326,2,,,1,70,,325,2,,,1,30,,324,2,,,1,70,,323,2,,,1,30,,322,2,,,1,70,,321,2,,,1,30,,320,2,,,1,70,,319,2,,,1,30,,318,2,,,1,70,,317,2,,,1,30,,316,2,,,1,70,,315,2,,,1,40,,314,2,,,1,70,,313,2,,,1,30,,312,2,,,1,70,,341,2,,,1,30,,340,2,,,1,70,,339,2,,,1,30,,338,2,,,1,70,,337,2,,,1,20,,336,2,,,1,70,,335,2,,,1,30,,334,2,,,1,70,,345,2,,,1,30,,333,2,,,1,70,,346,2,,,1,30,,332,2,,,1,70,,347,2,,,1,30,,343,2,,,1,70,,348,2,,,1,30,,342,2,,,1
2200,'22-Saturday-10000010',631,,4321,2,,,1,70,,4322,2,,,1,30,,4323,2,,,1,70,,4324,2,,,1,30,,4325,2,,,1,70,,4326,2,,,1,30,,4327,2,,,1,70,,4328,2,,,1,30,,4329,2,,,1,70,,4330,2,,,1,30,,4331,2,,,1,70,,4332,2,,,1,30,,4333,2,,,1,70,,4334,2,,,1,30,,4335,2,,,1,70,,4336,2,,,1,30,,4337,2,,,1,70,,4338,2,,,1,30,,4339,2,,,1,70,,4340,2,,,1,30,,4341,2,,,1,70,,4342,2,,,1,30,,4343,2,,,1,70,,4344,2,,,1,30,,4345,2,,,1,70,,4346,2,,,1,30,,4347,2,,,1,70,,4348,2,,,1,30,,4349,2,,,1,70,,4350,2,,,1,30,,4351,2,,,1,100,,4352,2,,,1,100,,4353,2,,,1
2200,'22-Sunday-10000001',831,,4364,2,,,1,100,,4354,2,,,1,100,,4355,2,,,1,100,,4356,2,,,1,100,,4357,2,,,1,100,,4358,2,,,1,100,,4359,2,,,1,100,,4360,2,,,1,100,,4361,2,,,1,100,,4362,2,,,1,100,,4363,2,,,1
2200,'22-Weekday-11111100',601,,4365,2,,,1,30,,4366,2,,,1,70,,4367,2,,,1,30,,4368,2,,,1,70,,4369,2,,,1,30,,4370,2,,,1,70,,4371,2,,,1,30,,4372,2,,,1,70,,4373,2,,,1,30,,4374,2,,,1,70,,4375,2,,,1,30,,4376,2,,,1,70,,4377,2,,,1,30,,4378,2,,,1,70,,4379,2,,,1,30,,4380,2,,,1,70,,4381,2,,,1,30,,4382,2,,,1,70,,4383,2,,,1,30,,4384,2,,,1,70,,4385,2,,,1,30,,4386,2,,,1,70,,4387,2,,,1,30,,4388,2,,,1,70,,4389,2,,,1,30,,4390,2,,,1,70,,4391,2,,,1,30,,4392,2,,,1,70,,4393,2,,,1,30,,4394,2,,,1,70,,4398,2,,,1,30,,4395,2,,,1,70,,4399,2,,,1,30,,4396,2,,,1,100,,4397,2,,,1
3300,'33-Saturday-10000010',644,,5576,2,,,1,70,,5577,2,,,1,30,,5578,2,,,1,70,,5579,2,,,1,29,,5580,2,,,1,68,,5581,2,,,1,30,,5582,2,,,1,70,,5583,2,,,1,30,,5584,2,,,1,70,,5585,2,,,1,30,,5586,2,,,1,70,,5587,2,,,1,30,,5588,2,,,1,70,,5589,2,,,1,30,,5590,2,,,1,70,,5591,2,,,1,30,,5592,2,,,1,70,,5593,2,,,1,30,,5594,2,,,1,70,,5595,2,,,1,30,,5596,2,,,1,70,,5597,2,,,1,31,,5598,2,,,1,72,,5599,2,,,1,30,,5600,2,,,1
3300,'33-Sunday-10000001',744,,5601,2,,,1,70,,5602,2,,,1,29,,5603,2,,,1,68,,5604,2,,,1,30,,5605,2,,,1,70,,5606,2,,,1,30,,5607,2,,,1,70,,5608,2,,,1,30,,5609,2,,,1,70,,5610,2,,,1,30,,5611,2,,,1,70,,5612,2,,,1,30,,5613,2,,,1,70,,5614,2,,,1,30,,5615,2,,,1,70,,5616,2,,,1,30,,5617,2,,,1,70,,5618,2,,,1,30,,5619,2,,,1,70,,5620,2,,,1,31,,5621,2,,,1,72,,5622,2,,,1,30,,5623,2,,,1
3300,'33-Weekday-11111100',536,,5627,2,,,1,70,,5630,2,,,1,30,,5631,2,,,1,70,,5632,2,,,1,30,,5633,2,,,1,70,,5634,2,,,1,30,,5635,2,,,1,70,,5636,2,,,1,30,,5637,2,,,1,70,,5638,2,,,1,30,,5639,2,,,1,70,,5640,2,,,1,30,,5641,2,,,1,70,,5642,2,,,1,30,,5643,2,,,1,70,,5644,2,,,1,30,,5645,2,,,1,70,,5646,2,,,1,30,,5656,2,,,1,70,,5647,2,,,1,30,,5648,2,,,1,70,,5649,2,,,1,30,,5650,2,,,1,70,,5651,2,,,1,30,,5652,2,,,1,70,,5653,2,,,1,30,,5624,2,,,1,70,,5657,2,,,1,30,,5629,2,,,1,70,,5658,2,,,1,30,,5628,2,,,1,70,,5659,2,,,1,30,,5626,2,,,1,70,,5625,2,,,1,30,,5654,2,,,1,70,,5655,2,,,1
3500,'35-Weekday-11111100',616,,5780,2,,,1,30,,5781,2,,,1,65,,5783,2,,,1,30,,5784,2,,,1,70,,5785,2,,,1,600,,5786,2,,,1,30,,5787,2,,,1,70,,5788,2,,,1,30,,5789,2,,,1,70,,5790,2,,,1,30,,5782,2,,,1,570,,5791,2,,,1
