700,'7-Holiday1-1-2026_1-0000001',820,,1048,,,1,30,,1049,,,1,70,,1050,,,1,30,,1051,,,1,70,,1052,,,1,30,,1053,,,1,70,,1054,,,1,30,,1055,,,1,70,,1056,,,1,30,,1057,,,1,70,,1058,,,1,30,,1059,,,1,70,,1060,,,1,30,,1061,,,1,70,,1062,,,1,30,,1063,,,1,70,,1064,,,1,30,,1065,,,1,70,,1066,,,1,30,,1067,,,1,70,,1068,,,1,30,,1069,,,1,70,,1070,,,1,30,,1071,,,1,70,,1072,,,1,30,,1073,,,1,70,,1074,,,1,30,,1075,,,1,70,,1077,,,1,30,,1079,,,1,70,,1080,,,1,30,,1078,,,1,70,,1076,,,1
700,'7-Saturday-1-2026_1-0000010',550,,1081,,,1,70,,1083,,,1,30,,1082,,,1,70,,1084,,,1,15,,1085,,,1,15,,1086,,,1,55,,1087,,,1,15,,1088,,,1,15,,1089,,,1,15,,1090,,,1,57,,1091,,,1,18,,1092,,,1,15,,1093,,,1,15,,1094,,,1,55,,1095,,,1,15,,1096,,,1,15,,1097,,,1,15,,1098,,,1,55,,1099,,,1,15,,1100,,,1,15,,1101,,,1,15,,1102,,,1,55,,1103,,,1,15,,1104,,,1,15,,1105,,,1,15,,1106,,,1,55,,1107,,,1,15,,1108,,,1,15,,1109,,,1,15,,1110,,,1,55,,1111,,,1,15,,1112,,,1,15,,1113,,,1,15,,1114,,,1,55,,1115,,,1,15,,1116,,,1,15,,1117,,,1,15,,1118,,,1,55,,1119,,,1,15,,1120,,,1,15,,1121,,,1,15,,1122,,,1,55,,1123,,,1,15,,1124,,,1,15,,1125,,,1,15,,1126,,,1,52,,1127,,,1,13,,1128,,,1,15,,1129,,,1,15,,1130,,,1,55,,1131,,,1,15,,1132,,,1,15,,1133,,,1,15,,1134,,,1,55,,1135,,,1,15,,1136,,,1,15,,1137,,,1,15,,1138,,,1,55,,1139,,,1,15,,1140,,,1,15,,1141,,,1,15,,1142,,,1,55,,1143,,,1,15,,1144,,,1,15,,1145,,,1,15,,1146,,,1,55,,1147,,,1,15,,1148,,,1,15,,1149,,,1,15,,1150,,,1,70,,1151,,,1
700,'7-Sunday-1-2026_1-0000001',821,,1152,,,1,30,,1153,,,1,70,,1154,,,1,15,,1155,,,1,15,,1156,,,1,57,,1157,,,1,16,,1158,,,1,15,,1159,,,1,15,,1160,,,1,55,,1161,,,1,15,,1162,,,1,15,,1163,,,1,15,,1164,,,1,55,,1165,,,1,15,,1166,,,1,15,,1167,,,1,15,,1168,,,1,55,,1169,,,1,15,,1170,,,1,15,,1171,,,1,15,,1172,,,1,55,,1173,,,1,15,,1174,,,1,15,,1175,,,1,15,,1176,,,1,55,,1177,,,1,15,,1178,,,1,15,,1179,,,1,15,,1180,,,1,55,,1181,,,1,15,,1182,,,1,15,,1183,,,1,15,,1184,,,1,55,,1185,,,1,15,,1186,,,1,15,,1187,,,1,15,,1188,,,1,53,,1189,,,1,13,,1190,,,1,15,,1191,,,1,15,,1192,,,1,55,,1193,,,1,15,,1194,,,1,15,,1195,,,1,15,,1196,,,1,55,,1197,,,1,15,,1198,,,1,15,,1199,,,1,15,,1200,,,1,55,,1201,,,1,15,,1202,,,1,15,,1203,,,1,15,,1204,,,1,55,,1210,,,1,15,,1206,,,1,15,,1211,,,1,15,,1208,,,1,55,,1212,,,1,15,,1209,,,1,15,,1213,,,1,15,,1207,,,1,70,,1205,,,1
700,'7-Weekday-1-2026_1-1111100',536,,1287,,,1,15,,1288,,,1,55,,1214,,,1,15,,1215,,,1,15,,1216,,,1,15,,1217,,,1,57,,1218,,,1,17,,1219,,,1,15,,1220,,,1,15,,1221,,,1,55,,1222,,,1,15,,1223,,,1,15,,1224,,,1,15,,1225,,,1,55,,1226,,,1,15,,1227,,,1,16,,1228,,,1,15,,1229,,,1,55,,1230,,,1,15,,1231,,,1,15,,1232,,,1,15,,1233,,,1,55,,1234,,,1,15,,1235,,,1,15,,1236,,,1,15,,1237,,,1,55,,1238,,,1,15,,1239,,,1,15,,1240,,,1,15,,1241,,,1,55,,1242,,,1,15,,1243,,,1,15,,1244,,,1,15,,1245,,,1,55,,1246,,,1,15,,1247,,,1,16,,1248,,,1,16,,1249,,,1,55,,1250,,,1,15,,1251,,,1,15,,1252,,,1,15,,1253,,,1,55,,1254,,,1,15,,1255,,,1,15,,1256,,,1,15,,1257,,,1,55,,1258,,,1,15,,1259,,,1,15,,1260,,,1,15,,1261,,,1,53,,1262,,,1,13,,1263,,,1,15,,1264,,,1,15,,1265,,,1,55,,1266,,,1,15,,1267,,,1,15,,1268,,,1,15,,1269,,,1,55,,1270,,,1,15,,1271,,,1,15,,1272,,,1,15,,1273,,,1,55,,1274,,,1,15,,1275,,,1,15,,1276,,,1,15,,1277,,,1,53,,1278,,,1,13,,1279,,,1,15,,1280,,,1,15,,1281,,,1,55,,1282,,,1,15,,1283,,,1,15,,1284,,,1,15,,1285,,,1,70,,1286,,,1
800,'8-Holiday1-1-2026_1-0000001',752,,1563,,,1,70,,1530,,,1,30,,1531,,,1,70,,1532,,,1,30,,1533,,,1,71,,1534,,,1,30,,1535,,,1,70,,1536,,,1,30,,1537,,,1,70,,1538,,,1,30,,1539,,,1,70,,1540,,,1,30,,1541,,,1,70,,1542,,,1,30,,1543,,,1,70,,1544,,,1,30,,1545,,,1,70,,1546,,,1,30,,1547,,,1,70,,1548,,,1,30,,1549,,,1,69,,1550,,,1,30,,1551,,,1,70,,1552,,,1,30,,1553,,,1,70,,1554,,,1,30,,1555,,,1,70,,1556,,,1,30,,1557,,,1,70,,1558,,,1,30,,1559,,,1,70,,1560,,,1,30,,1561,,,1,70,,1562,,,1
800,'8-Saturday-1-2026_1-0000010',652,,1564,,,1,70,,1565,,,1,30,,1566,,,1,70,,1567,,,1,30,,1568,,,1,72,,1569,,,1,30,,1570,,,1,70,,1571,,,1,30,,1572,,,1,70,,1573,,,1,30,,1574,,,1,70,,1575,,,1,30,,1576,,,1,70,,1577,,,1,30,,1578,,,1,70,,1579,,,1,30,,1580,,,1,70,,1581,,,1,30,,1582,,,1,70,,1583,,,1,30,,1584,,,1,70,,1585,,,1,30,,1586,,,1,68,,1587,,,1,30,,1588,,,1,70,,1589,,,1,30,,1590,,,1,70,,1591,,,1,30,,1592,,,1,70,,1593,,,1,30,,1594,,,1,70,,1595,,,1,30,,1596,,,1,70,,1597,,,1,30,,1598,,,1,70,,1599,,,1
800,'8-Sunday-1-2026_1-0000001',752,,1633,,,1,70,,1600,,,1,30,,1601,,,1,70,,1602,,,1,30,,1603,,,1,71,,1604,,,1,30,,1605,,,1,70,,1606,,,1,30,,1607,,,1,70,,1608,,,1,30,,1609,,,1,70,,1610,,,1,30,,1611,,,1,70,,1612,,,1,30,,1613,,,1,70,,1614,,,1,30,,1615,,,1,70,,1616,,,1,30,,1617,,,1,70,,1618,,,1,30,,1619,,,1,69,,1620,,,1,30,,1621,,,1,70,,1622,,,1,30,,1623,,,1,70,,1624,,,1,30,,1625,,,1,70,,1626,,,1,30,,1627,,,1,70,,1628,,,1,30,,1629,,,1,70,,1630,,,1,30,,1631,,,1,70,,1632,,,1
800,'8-Weekday-1-2026_1-1111100',553,,1684,,,1,70,,1634,,,1,30,,1635,,,1,62,,1683,,,1,10,,1686,,,1,5,,1636,,,1,15,,1637,,,1,55,,1638,,,1,15,,1639,,,1,15,,1640,,,1,15,,1641,,,1,55,,1642,,,1,15,,1643,,,1,15,,1644,,,1,15,,1645,,,1,55,,1646,,,1,15,,1695,,,1,15,,1647,,,1,15,,1687,,,1,55,,1648,,,1,15,,1688,,,1,15,,1649,,,1,15,,1689,,,1,55,,1650,,,1,15,,1690,,,1,15,,1651,,,1,15,,1691,,,1,55,,1652,,,1,15,,1692,,,1,15,,1653,,,1,15,,1693,,,1,55,,1654,,,1,15,,1694,,,1,15,,1655,,,1,12,,1697,4,,1,4,,1685,,,1,56,,1656,,,1,15,,1657,,,1,15,,1658,,,1,15,,1659,,,1,55,,1660,,,1,15,,1661,,,1,15,,1662,,,1,15,,1663,,,1,55,,1664,,,1,15,,1665,,,1,15,,1666,,,1,15,,1667,,,1,55,,1668,,,1,13,,1669,,,1,19,,1670,,,1,20,,1671,,,1,55,,1699,,,1,15,,1672,,,1,15,,1700,,,1,15,,1673,,,1,55,,1701,,,1,15,,1674,,,1,15,,1702,,,1,15,,1675,,,1,55,,1698,,,1,15,,1676,,,1,15,,1703,,,1,15,,1677,,,1,54,,1704,,,1,14,,1678,,,1,30,,1679,,,1,70,,1680,,,1,30,,1681,,,1,70,,1682,,,1,30,,1696,,,1
9100,'91-Saturday-1-2026_1-0000010',2404,,8392,0,25 26 27,1,30,,8393,0,25 26 27,1,70,,8394,0,25 26 27,1,30,,8395,0,25 26 27,1,70,,8396,0,25 26 27,1
9100,'91-Weekday-1-2026_1-0001100',2404,,8397,0,25 26 27,1,30,,8398,0,25 26 27,1,70,,8399,0,25 26 27,1,30,,8400,0,25 26 27,1,70,,8401,0,25 26 27,1
20400,'204-Holiday1-1-2026_1-0000001',741,,9326,,,1,70,,9327,,,1,30,,9328,,,1,70,,9329,,,1,30,,9330,,,1,70,,9331,,,1,30,,9332,,,1,70,,9333,,,1,30,,9334,,,1,70,,9325,,,1,30,,9335,,,1,70,,9336,,,1,30,,9337,,,1,70,,9338,,,1,30,,9339,,,1,70,,9340,,,1,30,,9341,,,1,70,,9342,,,1,30,,9343,,,1,70,,9344,,,1,30,,9345,,,1,70,,9346,,,1,30,,9347,,,1,70,,9348,,,1,30,,9349,,,1,70,,9350,,,1,30,,9351,,,1,70,,9352,,,1,30,,9353,,,1,70,,9354,,,1,30,,9355,,,1,70,,9356,,,1,30,,9357,,,1,70,,9358,,,1
20400,'204-Saturday-1-2026_1-0000010',641,,9359,,,1,70,,9360,,,1,30,,9361,,,1,70,,9362,,,1,30,,9363,,,1,70,,9364,,,1,30,,9365,,,1,70,,9366,,,1,30,,9367,,,1,70,,9368,,,1,30,,9369,,,1,70,,9370,,,1,30,,9371,,,1,70,,9372,,,1,30,,9373,,,1,70,,9374,,,1,30,,9375,,,1,70,,9376,,,1,30,,9377,,,1,70,,9378,,,1,30,,9379,,,1,70,,9380,,,1,30,,9381,,,1,70,,9382,,,1,30,,9383,,,1,70,,9384,,,1,30,,9385,,,1,70,,9386,,,1,30,,9387,,,1,70,,9388,,,1,30,,9389,,,1,70,,9390,,,1,30,,9391,,,1,70,,9392,,,1,30,,9393,,,1,70,,9394,,,1
20400,'204-Sunday-1-2026_1-0000001',741,,9396,,,1,70,,9397,,,1,30,,9398,,,1,70,,9399,,,1,30,,9400,,,1,70,,9401,,,1,30,,9402,,,1,70,,9403,,,1,30,,9404,,,1,70,,9395,,,1,30,,9405,,,1,70,,9406,,,1,30,,9407,,,1,70,,9408,,,1,30,,9409,,,1,70,,9410,,,1,30,,9411,,,1,70,,9412,,,1,30,,9413,,,1,70,,9414,,,1,30,,9415,,,1,70,,9416,,,1,30,,9417,,,1,70,,9418,,,1,30,,9419,,,1,70,,9420,,,1,30,,9421,,,1,70,,9422,,,1,30,,9423,,,1,70,,9424,,,1,30,,9425,,,1,70,,9426,,,1,30,,9427,,,1,70,,9428,,,1
20400,'204-Weekday-1-2026_1-1111100',610,,9487,,,1,30,,9429,,,1,71,,9430,,,1,18,,9431,,,1,15,,9432,,,1,15,,9433,,,1,55,,9434,,,1,15,,9435,,,1,15,,9436,,,1,15,,9437,,,1,55,,9438,,,1,15,,9439,,,1,14,,9440,,,1,14,,9441,,,1,55,,9442,,,1,15,,9443,,,1,15,,9444,,,1,15,,9445,,,1,55,,9446,,,1,15,,9447,,,1,15,,9448,,,1,15,,9449,,,1,55,,9450,,,1,15,,9451,,,1,15,,9452,,,1,15,,9453,,,1,55,,9454,,,1,15,,9455,,,1,15,,9456,,,1,15,,9457,,,1,55,,9458,,,1,15,,9459,,,1,16,,9460,,,1,16,,9461,,,1,55,,9462,,,1,15,,9463,,,1,15,,9464,,,1,15,,9465,,,1,55,,9466,,,1,15,,9467,,,1,15,,9468,,,1,15,,9469,,,1,55,,9470,,,1,15,,9471,,,1,15,,9472,,,1,15,,9473,,,1,54,,9474,,,1,14,,9488,,,1,15,,9475,,,1,70,,9476,,,1,30,,9477,,,1,70,,9478,,,1,30,,9479,,,1,70,,9480,,,1,30,,9481,,,1,70,,9482,,,1,28,,9483,,,1,70,,9484,,,1,30,,9485,,,1,70,,9486,,,1
