'1-Holiday1-10000001',20260701,1,20260803,1
'1-Saturday-10000010',20260627,1,20260704,1,20260711,1,20260718,1,20260725,1,20260801,1,20260808,1,20260815,1,20260822,1,20260829,1,20260905,1
'1-Sunday-10000001',20260628,1,20260705,1,20260712,1,20260719,1,20260726,1,20260802,1,20260809,1,20260816,1,20260823,1,20260830,1,20260906,1
'1-Weekday-11111100',20260622,1,20260623,1,20260624,1,20260625,1,20260626,1,20260629,1,20260630,1,20260702,1,20260703,1,20260706,1,20260707,1,20260708,1,20260709,1,20260710,1,20260713,1,20260714,1,20260715,1,20260716,1,20260717,1,20260720,1,20260721,1,20260722,1,20260723,1,20260724,1,20260727,1,20260728,1,20260729,1,20260730,1,20260731,1,20260804,1,20260805,1,20260806,1,20260807,1,20260810,1,20260811,1,20260812,1,20260813,1,20260814,1,20260817,1,20260818,1,20260819,1,20260820,1,20260821,1,20260824,1,20260825,1,20260826,1,20260827,1,20260828,1,20260831,1,20260901,1,20260902,1,20260903,1,20260904,1
'10-Holiday1-10000001',20260701,1,20260803,1
'10-Saturday-10000010',20260627,1,20260704,1,20260711,1,20260718,1,20260725,1,20260801,1,20260808,1,20260815,1,20260822,1,20260829,1,20260905,1
'10-Sunday-10000001',20260628,1,20260705,1,20260712,1,20260719,1,20260726,1,20260802,1,20260809,1,20260816,1,20260823,1,20260830,1,20260906,1
'10-Weekday-11111100',20260622,1,20260623,1,20260624,1,20260625,1,20260626,1,20260629,1,20260630,1,20260702,1,20260703,1,20260706,1,20260707,1,20260708,1,20260709,1,20260710,1,20260713,1,20260714,1,20260715,1,20260716,1,20260717,1,20260720,1,20260721,1,20260722,1,20260723,1,20260724,1,20260727,1,20260728,1,20260729,1,20260730,1,20260731,1,20260804,1,20260805,1,20260806,1,20260807,1,20260810,1,20260811,1,20260812,1,20260813,1,20260814,1,20260817,1,20260818,1,20260819,1,20260820,1,20260821,1,20260824,1,20260825,1,20260826,1,20260827,1,20260828,1,20260831,1,20260901,1,20260902,1,20260903,1,20260904,1
'12-Holiday1-10000001',20260701,1,20260803,1
'12-Saturday-10000010',20260627,1,20260704,1,20260711,1,20260718,1,20260725,1,20260801,1,20260808,1,20260815,1,20260822,1,20260829,1,20260905,1
'12-Sunday-10000001',20260628,1,20260705,1,20260712,1,20260719,1,20260726,1,20260802,1,20260809,1,20260816,1,20260823,1,20260830,1,20260906,1
'12-Weekday-11111100',20260622,1,20260623,1,20260624,1,20260625,1,20260626,1,20260629,1,20260630,1,20260702,1,20260703,1,20260706,1,20260707,1,20260708,1,20260709,1,20260710,1,20260713,1,20260714,1,20260715,1,20260716,1,20260717,1,20260720,1,20260721,1,20260722,1,20260723,1,20260724,1,20260727,1,20260728,1,20260729,1,20260730,1,20260731,1,20260804,1,20260805,1,20260806,1,20260807,1,20260810,1,20260811,1,20260812,1,20260813,1,20260814,1,20260817,1,20260818,1,20260819,1,20260820,1,20260821,1,20260824,1,20260825,1,20260826,1,20260827,1,20260828,1,20260831,1,20260901,1,20260902,1,20260903,1,20260904,1
'13-Holiday1-10000001',20260701,1,20260803,1
'13-Saturday-10000010',20260627,1,20260704,1,20260711,1,20260718,1,20260725,1,20260801,1,20260808,1,20260815,1,20260822,1,20260829,1,20260905,1
'13-Sunday-10000001',20260628,1,20260705,1,20260712,1,20260719,1,20260726,1,20260802,1,20260809,1,20260816,1,20260823,1,20260830,1,20260906,1
'13-Weekday-11111100',20260622,1,20260623,1,20260624,1,20260625,1,20260626,1,20260629,1,20260630,1,20260702,1,20260703,1,20260706,1,20260707,1,20260708,1,20260709,1,20260710,1,20260713,1,20260714,1,20260715,1,20260716,1,20260717,1,20260720,1,20260721,1,20260722,1,20260723,1,20260724,1,20260727,1,20260728,1,20260729,1,20260730,1,20260731,1,20260804,1,20260805,1,20260806,1,20260807,1,20260810,1,20260811,1,20260812,1,20260813,1,20260814,1,20260817,1,20260818,1,20260819,1,20260820,1,20260821,1,20260824,1,20260825,1,20260826,1,20260827,1,20260828,1,20260831,1,20260901,1,20260902,1,20260903,1,20260904,1
'14-Weekday-11111100',20260622,1,20260623,1,20260624,1,20260625,1,20260626,1,20260629,1,20260630,1,20260702,1,20260703,1,20260706,1,20260707,1,20260708,1,20260709,1,20260710,1,20260713,1,20260714,1,20260715,1,20260716,1,20260717,1,20260720,1,20260721,1,20260722,1,20260723,1,20260724,1,20260727,1,20260728,1,20260729,1,20260730,1,20260731,1,20260804,1,20260805,1,20260806,1,20260807,1,20260810,1,20260811,1,20260812,1,20260813,1,20260814,1,20260817,1,20260818,1,20260819,1,20260820,1,20260821,1,20260824,1,20260825,1,20260826,1,20260827,1,20260828,1,20260831,1,20260901,1,20260902,1,20260903,1,20260904,1
'16-Holiday1-10000001',20260701,1,20260803,1
'16-Saturday-10000010',20260627,1,20260704,1,20260711,1,20260718,1,20260725,1,20260801,1,20260808,1,20260815,1,20260822,1,20260829,1,20260905,1
'16-Sunday-10000001',20260628,1,20260705,1,20260712,1,20260719,1,20260726,1,20260802,1,20260809,1,20260816,1,20260823,1,20260830,1,20260906,1
'16-Weekday-11111100',20260622,1,20260623,1,20260624,1,20260625,1,20260626,1,20260629,1,20260630,1,20260702,1,20260703,1,20260706,1,20260707,1,20260708,1,20260709,1,20260710,1,20260713,1,20260714,1,20260715,1,20260716,1,20260717,1,20260720,1,20260721,1,20260722,1,20260723,1,20260724,1,20260727,1,20260728,1,20260729,1,20260730,1,20260731,1,20260804,1,20260805,1,20260806,1,20260807,1,20260810,1,20260811,1,20260812,1,20260813,1,20260814,1,20260817,1,20260818,1,20260819,1,20260820,1,20260821,1,20260824,1,20260825,1,20260826,1,20260827,1,20260828,1,20260831,1,20260901,1,20260902,1,20260903,1,20260904,1
'19-Holiday1-10000001',20260701,1,20260803,1
'19-Saturday-10000010',20260627,1,20260704,1,20260711,1,20260718,1,20260725,1,20260801,1,20260808,1,20260815,1,20260822,1,20260829,1,20260905,1
'19-Sunday-10000001',20260628,1,20260705,1,20260712,1,20260719,1,20260726,1,20260802,1,20260809,1,20260816,1,20260823,1,20260830,1,20260906,1
'19-Weekday-11111100',20260622,1,20260623,1,20260624,1,20260625,1,20260626,1,20260629,1,20260630,1,20260702,1,20260703,1,20260706,1,20260707,1,20260708,1,20260709,1,20260710,1,20260713,1,20260714,1,20260715,1,20260716,1,20260717,1,20260720,1,20260721,1,20260722,1,20260723,1,20260724,1,20260727,1,20260728,1,20260729,1,20260730,1,20260731,1,20260804,1,20260805,1,20260806,1,20260807,1,20260810,1,20260811,1,20260812,1,20260813,1,20260814,1,20260817,1,20260818,1,20260819,1,20260820,1,20260821,1,20260824,1,20260825,1,20260826,1,20260827,1,20260828,1,20260831,1,20260901,1,20260902,1,20260903,1,20260904,1
'20-Holiday1-10000001',20260701,1,20260803,1
'20-Saturday-10000010',20260627,1,20260704,1,20260711,1,20260718,1,20260725,1,20260801,1,20260808,1,20260815,1,20260822,1,20260829,1,20260905,1
'20-Sunday-10000001',20260628,1,20260705,1,20260712,1,20260719,1,20260726,1,20260802,1,20260809,1,20260816,1,20260823,1,20260830,1,20260906,1
'20-Weekday-11111100',20260622,1,20260623,1,20260624,1,20260625,1,20260626,1,20260629,1,20260630,1,20260702,1,20260703,1,20260706,1,20260707,1,20260708,1,20260709,1,20260710,1,20260713,1,20260714,1,20260715,1,20260716,1,20260717,1,20260720,1,20260721,1,20260722,1,20260723,1,20260724,1,20260727,1,20260728,1,20260729,1,20260730,1,20260731,1,20260804,1,20260805,1,20260806,1,20260807,1,20260810,1,20260811,1,20260812,1,20260813,1,20260814,1,20260817,1,20260818,1,20260819,1,20260820,1,20260821,1,20260824,1,20260825,1,20260826,1,20260827,1,20260828,1,20260831,1,20260901,1,20260902,1,20260903,1,20260904,1
'201-Holiday1-10000001',20260701,1,20260803,1
'201-Saturday-10000010',20260627,1,20260704,1,20260711,1,20260718,1,20260725,1,20260801,1,20260808,1,20260815,1,20260822,1,20260829,1,20260905,1
'201-Sunday-10000001',20260628,1,20260705,1,20260712,1,20260719,1,20260726,1,20260802,1,20260809,1,20260816,1,20260823,1,20260830,1,20260906,1
'201-Weekday-11111100',20260622,1,20260623,1,20260624,1,20260625,1,20260626,1,20260629,1,20260630,1,20260702,1,20260703,1,20260706,1,20260707,1,20260708,1,20260709,1,20260710,1,20260713,1,20260714,1,20260715,1,20260716,1,20260717,1,20260720,1,20260721,1,20260722,1,20260723,1,20260724,1,20260727,1,20260728,1,20260729,1,20260730,1,20260731,1,20260804,1,20260805,1,20260806,1,20260807,1,20260810,1,20260811,1,20260812,1,20260813,1,20260814,1,20260817,1,20260818,1,20260819,1,20260820,1,20260821,1,20260824,1,20260825,1,20260826,1,20260827,1,20260828,1,20260831,1,20260901,1,20260902,1,20260903,1,20260904,1
'202-Holiday1-10000001',20260701,1,20260803,1
'202-Saturday-10000010',20260627,1,20260704,1,20260711,1,20260718,1,20260725,1,20260801,1,20260808,1,20260815,1,20260822,1,20260829,1,20260905,1
'202-Sunday-10000001',20260628,1,20260705,1,20260712,1,20260719,1,20260726,1,20260802,1,20260809,1,20260816,1,20260823,1,20260830,1,20260906,1
'202-Weekday-11111100',20260622,1,20260623,1,20260624,1,20260625,1,20260626,1,20260629,1,20260630,1,20260702,1,20260703,1,20260706,1,20260707,1,20260708,1,20260709,1,20260710,1,20260713,1,20260714,1,20260715,1,20260716,1,20260717,1,20260720,1,20260721,1,20260722,1,20260723,1,20260724,1,20260727,1,20260728,1,20260729,1,20260730,1,20260731,1,20260804,1,20260805,1,20260806,1,20260807,1,20260810,1,20260811,1,20260812,1,20260813,1,20260814,1,20260817,1,20260818,1,20260819,1,20260820,1,20260821,1,20260824,1,20260825,1,20260826,1,20260827,1,20260828,1,20260831,1,20260901,1,20260902,1,20260903,1,20260904,1
'203-Holiday1-10000001',20260701,1,20260803,1
'203-Saturday-10000010',20260627,1,20260704,1,20260711,1,20260718,1,20260725,1,20260801,1,20260808,1,20260815,1,20260822,1,20260829,1,20260905,1
'203-Sunday-10000001',20260628,1,20260705,1,20260712,1,20260719,1,20260726,1,20260802,1,20260809,1,20260816,1,20260823,1,20260830,1,20260906,1
'203-Weekday-11111100',20260622,1,20260623,1,20260624,1,20260625,1,20260626,1,20260629,1,20260630,1,20260702,1,20260703,1,20260706,1,20260707,1,20260708,1,20260709,1,20260710,1,20260713,1,20260714,1,20260715,1,20260716,1,20260717,1,20260720,1,20260721,1,20260722,1,20260723,1,20260724,1,20260727,1,20260728,1,20260729,1,20260730,1,20260731,1,20260804,1,20260805,1,20260806,1,20260807,1,20260810,1,20260811,1,20260812,1,20260813,1,20260814,1,20260817,1,20260818,1,20260819,1,20260820,1,20260821,1,20260824,1,20260825,1,20260826,1,20260827,1,20260828,1,20260831,1,20260901,1,20260902,1,20260903,1,20260904,1
'204-Holiday1-10000001',20260701,1,20260803,1
'204-Saturday-10000010',20260627,1,20260704,1,20260711,1,20260718,1,20260725,1,20260801,1,20260808,1,20260815,1,20260822,1,20260829,1,20260905,1
'204-Sunday-10000001',20260628,1,20260705,1,20260712,1,20260719,1,20260726,1,20260802,1,20260809,1,20260816,1,20260823,1,20260830,1,20260906,1
'204-Weekday-11111100',20260622,1,20260623,1,20260624,1,20260625,1,20260626,1,20260629,1,20260630,1,20260702,1,20260703,1,20260706,1,20260707,1,20260708,1,20260709,1,20260710,1,20260713,1,20260714,1,20260715,1,20260716,1,20260717,1,20260720,1,20260721,1,20260722,1,20260723,1,20260724,1,20260727,1,20260728,1,20260729,1,20260730,1,20260731,1,20260804,1,20260805,1,20260806,1,20260807,1,20260810,1,20260811,1,20260812,1,20260813,1,20260814,1,20260817,1,20260818,1,20260819,1,20260820,1,20260821,1,20260824,1,20260825,1,20260826,1,20260827,1,20260828,1,20260831,1,20260901,1,20260902,1,20260903,1,20260904,1
'205-Holiday1-10000001',20260701,1,20260803,1
'205-Saturday-10000010',20260627,1,20260704,1,20260711,1,20260718,1,20260725,1,20260801,1,20260808,1,20260815,1,20260822,1,20260829,1,20260905,1
'205-Sunday-10000001',20260628,1,20260705,1,20260712,1,20260719,1,20260726,1,20260802,1,20260809,1,20260816,1,20260823,1,20260830,1,20260906,1
'205-Weekday-11111100',20260622,1,20260623,1,20260624,1,20260625,1,20260626,1,20260629,1,20260630,1,20260702,1,20260703,1,20260706,1,20260707,1,20260708,1,20260709,1,20260710,1,20260713,1,20260714,1,20260715,1,20260716,1,20260717,1,20260720,1,20260721,1,20260722,1,20260723,1,20260724,1,20260727,1,20260728,1,20260729,1,20260730,1,20260731,1,20260804,1,20260805,1,20260806,1,20260807,1,20260810,1,20260811,1,20260812,1,20260813,1,20260814,1,20260817,1,20260818,1,20260819,1,20260820,1,20260821,1,20260824,1,20260825,1,20260826,1,20260827,1,20260828,1,20260831,1,20260901,1,20260902,1,20260903,1,20260904,1
'206-Holiday1-10000001',20260701,1,20260803,1
'206-Saturday-10000010',20260627,1,20260704,1,20260711,1,20260718,1,20260725,1,20260801,1,20260808,1,20260815,1,20260822,1,20260829,1,20260905,1
'206-Sunday-10000001',20260628,1,20260705,1,20260712,1,20260719,1,20260726,1,20260802,1,20260809,1,20260816,1,20260823,1,20260830,1,20260906,1
'206-Weekday-11111100',20260622,1,20260623,1,20260624,1,20260625,1,20260626,1,20260629,1,20260630,1,20260702,1,20260703,1,20260706,1,20260707,1,20260708,1,20260709,1,20260710,1,20260713,1,20260714,1,20260715,1,20260716,1,20260717,1,20260720,1,20260721,1,20260722,1,20260723,1,20260724,1,20260727,1,20260728,1,20260729,1,20260730,1,20260731,1,20260804,1,20260805,1,20260806,1,20260807,1,20260810,1,20260811,1,20260812,1,20260813,1,20260814,1,20260817,1,20260818,1,20260819,1,20260820,1,20260821,1,20260824,1,20260825,1,20260826,1,20260827,1,20260828,1,20260831,1,20260901,1,20260902,1,20260903,1,20260904,1
'21-Saturday-10000010',20260627,1,20260704,1,20260711,1,20260718,1,20260725,1,20260801,1,20260808,1,20260815,1,20260822,1,20260829,1,20260905,1
'21-Sunday-10000001',20260628,1,20260705,1,20260712,1,20260719,1,20260726,1,20260802,1,20260809,1,20260816,1,20260823,1,20260830,1,20260906,1
'21-Weekday-11111100',20260622,1,20260623,1,20260624,1,20260625,1,20260626,1,20260629,1,20260630,1,20260702,1,20260703,1,20260706,1,20260707,1,20260708,1,20260709,1,20260710,1,20260713,1,20260714,1,20260715,1,20260716,1,20260717,1,20260720,1,20260721,1,20260722,1,20260723,1,20260724,1,20260727,1,20260728,1,20260729,1,20260730,1,20260731,1,20260804,1,20260805,1,20260806,1,20260807,1,20260810,1,20260811,1,20260812,1,20260813,1,20260814,1,20260817,1,20260818,1,20260819,1,20260820,1,20260821,1,20260824,1,20260825,1,20260826,1,20260827,1,20260828,1,20260831,1,20260901,1,20260902,1,20260903,1,20260904,1
'22-Saturday-10000010',20260627,1,20260704,1,20260711,1,20260718,1,20260725,1,20260801,1,20260808,1,20260815,1,20260822,1,20260829,1,20260905,1
'22-Sunday-10000001',20260628,1,20260705,1,20260712,1,20260719,1,20260726,1,20260802,1,20260809,1,20260816,1,20260823,1,20260830,1,20260906,1
'22-Weekday-11111100',20260622,1,20260623,1,20260624,1,20260625,1,20260626,1,20260629,1,20260630,1,20260702,1,20260703,1,20260706,1,20260707,1,20260708,1,20260709,1,20260710,1,20260713,1,20260714,1,20260715,1,20260716,1,20260717,1,20260720,1,20260721,1,20260722,1,20260723,1,20260724,1,20260727,1,20260728,1,20260729,1,20260730,1,20260731,1,20260804,1,20260805,1,20260806,1,20260807,1,20260810,1,20260811,1,20260812,1,20260813,1,20260814,1,20260817,1,20260818,1,20260819,1,20260820,1,20260821,1,20260824,1,20260825,1,20260826,1,20260827,1,20260828,1,20260831,1,20260901,1,20260902,1,20260903,1,20260904,1
'23-Saturday-10000010',20260627,1,20260704,1,20260711,1,20260718,1,20260725,1,20260801,1,20260808,1,20260815,1,20260822,1,20260829,1,20260905,1
'23-Sunday-10000001',20260628,1,20260705,1,20260712,1,20260719,1,20260726,1,20260802,1,20260809,1,20260816,1,20260823,1,20260830,1,20260906,1
'23-Weekday-11111100',20260622,1,20260623,1,20260624,1,20260625,1,20260626,1,20260629,1,20260630,1,20260702,1,20260703,1,20260706,1,20260707,1,20260708,1,20260709,1,20260710,1,20260713,1,20260714,1,20260715,1,20260716,1,20260717,1,20260720,1,20260721,1,20260722,1,20260723,1,20260724,1,20260727,1,20260728,1,20260729,1,20260730,1,20260731,1,20260804,1,20260805,1,20260806,1,20260807,1,20260810,1,20260811,1,20260812,1,20260813,1,20260814,1,20260817,1,20260818,1,20260819,1,20260820,1,20260821,1,20260824,1,20260825,1,20260826,1,20260827,1,20260828,1,20260831,1,20260901,1,20260902,1,20260903,1,20260904,1
'26-Weekday-11111100',20260622,1,20260623,1,20260624,1,20260625,1,20260626,1,20260629,1,20260630,1,20260702,1,20260703,1,20260706,1,20260707,1,20260708,1,20260709,1,20260710,1,20260713,1,20260714,1,20260715,1,20260716,1,20260717,1,20260720,1,20260721,1,20260722,1,20260723,1,20260724,1,20260727,1,20260728,1,20260729,1,20260730,1,20260731,1,20260804,1,20260805,1,20260806,1,20260807,1,20260810,1,20260811,1,20260812,1,20260813,1,20260814,1,20260817,1,20260818,1,20260819,1,20260820,1,20260821,1,20260824,1,20260825,1,20260826,1,20260827,1,20260828,1,20260831,1,20260901,1,20260902,1,20260903,1,20260904,1
'27-Holiday1-10000001',20260701,1,20260803,1
'27-Saturday-10000010',20260627,1,20260704,1,20260711,1,20260718,1,20260725,1,20260801,1,20260808,1,20260815,1,20260822,1,20260829,1,20260905,1
'27-Sunday-10000001',20260628,1,20260705,1,20260712,1,20260719,1,20260726,1,20260802,1,20260809,1,20260816,1,20260823,1,20260830,1,20260906,1
'27-Weekday-11111100',20260622,1,20260623,1,20260624,1,20260625,1,20260626,1,20260629,1,20260630,1,20260702,1,20260703,1,20260706,1,20260707,1,20260708,1,20260709,1,20260710,1,20260713,1,20260714,1,20260715,1,20260716,1,20260717,1,20260720,1,20260721,1,20260722,1,20260723,1,20260724,1,20260727,1,20260728,1,20260729,1,20260730,1,20260731,1,20260804,1,20260805,1,20260806,1,20260807,1,20260810,1,20260811,1,20260812,1,20260813,1,20260814,1,20260817,1,20260818,1,20260819,1,20260820,1,20260821,1,20260824,1,20260825,1,20260826,1,20260827,1,20260828,1,20260831,1,20260901,1,20260902,1,20260903,1,20260904,1
'28-Holiday1-10000001',20260701,1,20260803,1
'28-Saturday-10000010',20260627,1,20260704,1,20260711,1,20260718,1,20260725,1,20260801,1,20260808,1,20260815,1,20260822,1,20260829,1,20260905,1
'28-Sunday-10000001',20260628,1,20260705,1,20260712,1,20260719,1,20260726,1,20260802,1,20260809,1,20260816,1,20260823,1,20260830,1,20260906,1
'28-Weekday-11111100',20260622,1,20260623,1,20260624,1,20260625,1,20260626,1,20260629,1,20260630,1,20260702,1,20260703,1,20260706,1,20260707,1,20260708,1,20260709,1,20260710,1,20260713,1,20260714,1,20260715,1,20260716,1,20260717,1,20260720,1,20260721,1,20260722,1,20260723,1,20260724,1,20260727,1,20260728,1,20260729,1,20260730,1,20260731,1,20260804,1,20260805,1,20260806,1,20260807,1,20260810,1,20260811,1,20260812,1,20260813,1,20260814,1,20260817,1,20260818,1,20260819,1,20260820,1,20260821,1,20260824,1,20260825,1,20260826,1,20260827,1,20260828,1,20260831,1,20260901,1,20260902,1,20260903,1,20260904,1
'29-Saturday-10000010',20260627,1,20260704,1,20260711,1,20260718,1,20260725,1,20260801,1,20260808,1,20260815,1,20260822,1,20260829,1,20260905,1
'29-Sunday-10000001',20260628,1,20260705,1,20260712,1,20260719,1,20260726,1,20260802,1,20260809,1,20260816,1,20260823,1,20260830,1,20260906,1
'29-Weekday-11111100',20260622,1,20260623,1,20260624,1,20260625,1,20260626,1,20260629,1,20260630,1,20260702,1,20260703,1,20260706,1,20260707,1,20260708,1,20260709,1,20260710,1,20260713,1,20260714,1,20260715,1,20260716,1,20260717,1,20260720,1,20260721,1,20260722,1,20260723,1,20260724,1,20260727,1,20260728,1,20260729,1,20260730,1,20260731,1,20260804,1,20260805,1,20260806,1,20260807,1,20260810,1,20260811,1,20260812,1,20260813,1,20260814,1,20260817,1,20260818,1,20260819,1,20260820,1,20260821,1,20260824,1,20260825,1,20260826,1,20260827,1,20260828,1,20260831,1,20260901,1,20260902,1,20260903,1,20260904,1
'3-Saturday-10000010',20260627,1,20260704,1,20260711,1,20260718,1,20260725,1,20260801,1,20260808,1,20260815,1,20260822,1,20260829,1,20260905,1
'3-Sunday-10000001',20260628,1,20260705,1,20260712,1,20260719,1,20260726,1,20260802,1,20260809,1,20260816,1,20260823,1,20260830,1,20260906,1
'3-Weekday-11111100',20260622,1,20260623,1,20260624,1,20260625,1,20260626,1,20260629,1,20260630,1,20260702,1,20260703,1,20260706,1,20260707,1,20260708,1,20260709,1,20260710,1,20260713,1,20260714,1,20260715,1,20260716,1,20260717,1,20260720,1,20260721,1,20260722,1,20260723,1,20260724,1,20260727,1,20260728,1,20260729,1,20260730,1,20260731,1,20260804,1,20260805,1,20260806,1,20260807,1,20260810,1,20260811,1,20260812,1,20260813,1,20260814,1,20260817,1,20260818,1,20260819,1,20260820,1,20260821,1,20260824,1,20260825,1,20260826,1,20260827,1,20260828,1,20260831,1,20260901,1,20260902,1,20260903,1,20260904,1
'30-Holiday1-10000001',20260701,1,20260803,1
'30-Saturday-10000010',20260627,1,20260704,1,20260711,1,20260718,1,20260725,1,20260801,1,20260808,1,20260815,1,20260822,1,20260829,1,20260905,1
'30-Sunday-10000001',20260628,1,20260705,1,20260712,1,20260719,1,20260726,1,20260802,1,20260809,1,20260816,1,20260823,1,20260830,1,20260906,1
'30-Weekday-11111100',20260622,1,20260623,1,20260624,1,20260625,1,20260626,1,20260629,1,20260630,1,20260702,1,20260703,1,20260706,1,20260707,1,20260708,1,20260709,1,20260710,1,20260713,1,20260714,1,20260715,1,20260716,1,20260717,1,20260720,1,20260721,1,20260722,1,20260723,1,20260724,1,20260727,1,20260728,1,20260729,1,20260730,1,20260731,1,20260804,1,20260805,1,20260806,1,20260807,1,20260810,1,20260811,1,20260812,1,20260813,1,20260814,1,20260817,1,20260818,1,20260819,1,20260820,1,20260821,1,20260824,1,20260825,1,20260826,1,20260827,1,20260828,1,20260831,1,20260901,1,20260902,1,20260903,1,20260904,1
'3011-Sunday-20000001',20260628,1
'302-Holiday1-10000001',20260701,1,20260803,1
'302-Holiday1-11111111',20260701,1,20260803,1
'302-Saturday-10000010',20260627,1,20260704,1,20260711,1,20260718,1,20260725,1,20260801,1,20260808,1,20260815,1,20260822,1,20260829,1,20260905,1
'302-Sunday-10000001',20260628,1,20260705,1,20260712,1,20260719,1,20260726,1,20260802,1,20260809,1,20260816,1,20260823,1,20260830,1,20260906,1
'302-Weekday-11111100',20260622,1,20260623,1,20260624,1,20260625,1,20260626,1,20260629,1,20260630,1,20260702,1,20260703,1,20260706,1,20260707,1,20260708,1,20260709,1,20260710,1,20260713,1,20260714,1,20260715,1,20260716,1,20260717,1,20260720,1,20260721,1,20260722,1,20260723,1,20260724,1,20260727,1,20260728,1,20260729,1,20260730,1,20260731,1,20260804,1,20260805,1,20260806,1,20260807,1,20260810,1,20260811,1,20260812,1,20260813,1,20260814,1,20260817,1,20260818,1,20260819,1,20260820,1,20260821,1,20260824,1,20260825,1,20260826,1,20260827,1,20260828,1,20260831,1,20260901,1,20260902,1,20260903,1,20260904,1
'31-Saturday-10000010',20260627,1,20260704,1,20260711,1,20260718,1,20260725,1,20260801,1,20260808,1,20260815,1,20260822,1,20260829,1,20260905,1
'31-Sunday-10000001',20260628,1,20260705,1,20260712,1,20260719,1,20260726,1,20260802,1,20260809,1,20260816,1,20260823,1,20260830,1,20260906,1
'31-Weekday-11111100',20260622,1,20260623,1,20260624,1,20260625,1,20260626,1,20260629,1,20260630,1,20260702,1,20260703,1,20260706,1,20260707,1,20260708,1,20260709,1,20260710,1,20260713,1,20260714,1,20260715,1,20260716,1,20260717,1,20260720,1,20260721,1,20260722,1,20260723,1,20260724,1,20260727,1,20260728,1,20260729,1,20260730,1,20260731,1,20260804,1,20260805,1,20260806,1,20260807,1,20260810,1,20260811,1,20260812,1,20260813,1,20260814,1,20260817,1,20260818,1,20260819,1,20260820,1,20260821,1,20260824,1,20260825,1,20260826,1,20260827,1,20260828,1,20260831,1,20260901,1,20260902,1,20260903,1,20260904,1
'33-Saturday-10000010',20260627,1,20260704,1,20260711,1,20260718,1,20260725,1,20260801,1,20260808,1,20260815,1,20260822,1,20260829,1,20260905,1
'33-Sunday-10000001',20260628,1,20260705,1,20260712,1,20260719,1,20260726,1,20260802,1,20260809,1,20260816,1,20260823,1,20260830,1,20260906,1
'33-Weekday-11111100',20260622,1,20260623,1,20260624,1,20260625,1,20260626,1,20260629,1,20260630,1,20260702,1,20260703,1,20260706,1,20260707,1,20260708,1,20260709,1,20260710,1,20260713,1,20260714,1,20260715,1,20260716,1,20260717,1,20260720,1,20260721,1,20260722,1,20260723,1,20260724,1,20260727,1,20260728,1,20260729,1,20260730,1,20260731,1,20260804,1,20260805,1,20260806,1,20260807,1,20260810,1,20260811,1,20260812,1,20260813,1,20260814,1,20260817,1,20260818,1,20260819,1,20260820,1,20260821,1,20260824,1,20260825,1,20260826,1,20260827,1,20260828,1,20260831,1,20260901,1,20260902,1,20260903,1,20260904,1
'34-Weekday-11111100',20260622,1,20260623,1,20260624,1,20260625,1,20260626,1,20260629,1,20260630,1,20260702,1,20260703,1,20260706,1,20260707,1,20260708,1,20260709,1,20260710,1,20260713,1,20260714,1,20260715,1,20260716,1,20260717,1,20260720,1,20260721,1,20260722,1,20260723,1,20260724,1,20260727,1,20260728,1,20260729,1,20260730,1,20260731,1,20260804,1,20260805,1,20260806,1,20260807,1,20260810,1,20260811,1,20260812,1,20260813,1,20260814,1,20260817,1,20260818,1,20260819,1,20260820,1,20260821,1,20260824,1,20260825,1,20260826,1,20260827,1,20260828,1,20260831,1,20260901,1,20260902,1,20260903,1,20260904,1
'35-Weekday-11111100',20260622,1,20260623,1,20260624,1,20260625,1,20260626,1,20260629,1,20260630,1,20260702,1,20260703,1,20260706,1,20260707,1,20260708,1,20260709,1,20260710,1,20260713,1,20260714,1,20260715,1,20260716,1,20260717,1,20260720,1,20260721,1,20260722,1,20260723,1,20260724,1,20260727,1,20260728,1,20260729,1,20260730,1,20260731,1,20260804,1,20260805,1,20260806,1,20260807,1,20260810,1,20260811,1,20260812,1,20260813,1,20260814,1,20260817,1,20260818,1,20260819,1,20260820,1,20260821,1,20260824,1,20260825,1,20260826,1,20260827,1,20260828,1,20260831,1,20260901,1,20260902,1,20260903,1,20260904,1
'36-Saturday-10000010',20260627,1,20260704,1,20260711,1,20260718,1,20260725,1,20260801,1,20260808,1,20260815,1,20260822,1,20260829,1,20260905,1
'36-Sunday-10000001',20260628,1,20260705,1,20260712,1,20260719,1,20260726,1,20260802,1,20260809,1,20260816,1,20260823,1,20260830,1,20260906,1
'36-Weekday-11111100',20260622,1,20260623,1,20260624,1,20260625,1,20260626,1,20260629,1,20260630,1,20260702,1,20260703,1,20260706,1,20260707,1,20260708,1,20260709,1,20260710,1,20260713,1,20260714,1,20260715,1,20260716,1,20260717,1,20260720,1,20260721,1,20260722,1,20260723,1,20260724,1,20260727,1,20260728,1,20260729,1,20260730,1,20260731,1,20260804,1,20260805,1,20260806,1,20260807,1,20260810,1,20260811,1,20260812,1,20260813,1,20260814,1,20260817,1,20260818,1,20260819,1,20260820,1,20260821,1,20260824,1,20260825,1,20260826,1,20260827,1,20260828,1,20260831,1,20260901,1,20260902,1,20260903,1,20260904,1
'4-Saturday-10000010',20260627,1,20260704,1,20260711,1,20260718,1,20260725,1,20260801,1,20260808,1,20260815,1,20260822,1,20260829,1,20260905,1
'4-Sunday-10000001',20260628,1,20260705,1,20260712,1,20260719,1,20260726,1,20260802,1,20260809,1,20260816,1,20260823,1,20260830,1,20260906,1
'4-Weekday-11111100',20260622,1,20260623,1,20260624,1,20260625,1,20260626,1,20260629,1,20260630,1,20260702,1,20260703,1,20260706,1,20260707,1,20260708,1,20260709,1,20260710,1,20260713,1,20260714,1,20260715,1,20260716,1,20260717,1,20260720,1,20260721,1,20260722,1,20260723,1,20260724,1,20260727,1,20260728,1,20260729,1,20260730,1,20260731,1,20260804,1,20260805,1,20260806,1,20260807,1,20260810,1,20260811,1,20260812,1,20260813,1,20260814,1,20260817,1,20260818,1,20260819,1,20260820,1,20260821,1,20260824,1,20260825,1,20260826,1,20260827,1,20260828,1,20260831,1,20260901,1,20260902,1,20260903,1,20260904,1
'5-Saturday-10000010',20260627,1,20260704,1,20260711,1,20260718,1,20260725,1,20260801,1,20260808,1,20260815,1,20260822,1,20260829,1,20260905,1
'5-Sunday-10000001',20260628,1,20260705,1,20260712,1,20260719,1,20260726,1,20260802,1,20260809,1,20260816,1,20260823,1,20260830,1,20260906,1
'5-Weekday-11111100',20260622,1,20260623,1,20260624,1,20260625,1,20260626,1,20260629,1,20260630,1,20260702,1,20260703,1,20260706,1,20260707,1,20260708,1,20260709,1,20260710,1,20260713,1,20260714,1,20260715,1,20260716,1,20260717,1,20260720,1,20260721,1,20260722,1,20260723,1,20260724,1,20260727,1,20260728,1,20260729,1,20260730,1,20260731,1,20260804,1,20260805,1,20260806,1,20260807,1,20260810,1,20260811,1,20260812,1,20260813,1,20260814,1,20260817,1,20260818,1,20260819,1,20260820,1,20260821,1,20260824,1,20260825,1,20260826,1,20260827,1,20260828,1,20260831,1,20260901,1,20260902,1,20260903,1,20260904,1
'50-Holiday1-10000001',20260701,1,20260803,1
'50-Saturday-10000010',20260627,1,20260704,1,20260711,1,20260718,1,20260725,1,20260801,1,20260808,1,20260815,1,20260822,1,20260829,1,20260905,1
'50-Sunday-10000001',20260628,1,20260705,1,20260712,1,20260719,1,20260726,1,20260802,1,20260809,1,20260816,1,20260823,1,20260830,1,20260906,1
'50-Weekday-11111100',20260622,1,20260623,1,20260624,1,20260625,1,20260626,1,20260629,1,20260630,1,20260702,1,20260703,1,20260706,1,20260707,1,20260708,1,20260709,1,20260710,1,20260713,1,20260714,1,20260715,1,20260716,1,20260717,1,20260720,1,20260721,1,20260722,1,20260723,1,20260724,1,20260727,1,20260728,1,20260729,1,20260730,1,20260731,1,20260804,1,20260805,1,20260806,1,20260807,1,20260810,1,20260811,1,20260812,1,20260813,1,20260814,1,20260817,1,20260818,1,20260819,1,20260820,1,20260821,1,20260824,1,20260825,1,20260826,1,20260827,1,20260828,1,20260831,1,20260901,1,20260902,1,20260903,1,20260904,1
'51-Holiday1-10000001',20260701,1,20260803,1
'51-Saturday-10000010',20260627,1,20260704,1,20260711,1,20260718,1,20260725,1,20260801,1,20260808,1,20260815,1,20260822,1,20260829,1,20260905,1
'51-Sunday-10000001',20260628,1,20260705,1,20260712,1,20260719,1,20260726,1,20260802,1,20260809,1,20260816,1,20260823,1,20260830,1,20260906,1
'51-Weekday-11111100',20260622,1,20260623,1,20260624,1,20260625,1,20260626,1,20260629,1,20260630,1,20260702,1,20260703,1,20260706,1,20260707,1,20260708,1,20260709,1,20260710,1,20260713,1,20260714,1,20260715,1,20260716,1,20260717,1,20260720,1,20260721,1,20260722,1,20260723,1,20260724,1,20260727,1,20260728,1,20260729,1,20260730,1,20260731,1,20260804,1,20260805,1,20260806,1,20260807,1,20260810,1,20260811,1,20260812,1,20260813,1,20260814,1,20260817,1,20260818,1,20260819,1,20260820,1,20260821,1,20260824,1,20260825,1,20260826,1,20260827,1,20260828,1,20260831,1,20260901,1,20260902,1,20260903,1,20260904,1
'53-Holiday1-10000001',20260701,1,20260803,1
'53-Saturday-10000010',20260627,1,20260704,1,20260711,1,20260718,1,20260725,1,20260801,1,20260808,1,20260815,1,20260822,1,20260829,1,20260905,1
'53-Sunday-10000001',20260628,1,20260705,1,20260712,1,20260719,1,20260726,1,20260802,1,20260809,1,20260816,1,20260823,1,20260830,1,20260906,1
'53-Weekday-11111100',20260622,1,20260623,1,20260624,1,20260625,1,20260626,1,20260629,1,20260630,1,20260702,1,20260703,1,20260706,1,20260707,1,20260708,1,20260709,1,20260710,1,20260713,1,20260714,1,20260715,1,20260716,1,20260717,1,20260720,1,20260721,1,20260722,1,20260723,1,20260724,1,20260727,1,20260728,1,20260729,1,20260730,1,20260731,1,20260804,1,20260805,1,20260806,1,20260807,1,20260810,1,20260811,1,20260812,1,20260813,1,20260814,1,20260817,1,20260818,1,20260819,1,20260820,1,20260821,1,20260824,1,20260825,1,20260826,1,20260827,1,20260828,1,20260831,1,20260901,1,20260902,1,20260903,1,20260904,1
'55-Holiday1-11111111',20260701,1,20260803,1
'55-Saturday-10000010',20260627,1,20260704,1,20260711,1,20260718,1,20260725,1,20260801,1,20260808,1,20260815,1,20260822,1,20260829,1,20260905,1
'55-Sunday-10000001',20260628,1,20260705,1,20260712,1,20260719,1,20260726,1,20260802,1,20260809,1,20260816,1,20260823,1,20260830,1,20260906,1
'55-Weekday-11111100',20260622,1,20260623,1,20260624,1,20260625,1,20260626,1,20260629,1,20260630,1,20260702,1,20260703,1,20260706,1,20260707,1,20260708,1,20260709,1,20260710,1,20260713,1,20260714,1,20260715,1,20260716,1,20260717,1,20260720,1,20260721,1,20260722,1,20260723,1,20260724,1,20260727,1,20260728,1,20260729,1,20260730,1,20260731,1,20260804,1,20260805,1,20260806,1,20260807,1,20260810,1,20260811,1,20260812,1,20260813,1,20260814,1,20260817,1,20260818,1,20260819,1,20260820,1,20260821,1,20260824,1,20260825,1,20260826,1,20260827,1,20260828,1,20260831,1,20260901,1,20260902,1,20260903,1,20260904,1
'56-Holiday1-11111111',20260701,1,20260803,1
'56-Saturday-10000010',20260627,1,20260704,1,20260711,1,20260718,1,20260725,1,20260801,1,20260808,1,20260815,1,20260822,1,20260829,1,20260905,1
'56-Sunday-10000001',20260628,1,20260705,1,20260712,1,20260719,1,20260726,1,20260802,1,20260809,1,20260816,1,20260823,1,20260830,1,20260906,1
'56-Weekday-11111100',20260622,1,20260623,1,20260624,1,20260625,1,20260626,1,20260629,1,20260630,1,20260702,1,20260703,1,20260706,1,20260707,1,20260708,1,20260709,1,20260710,1,20260713,1,20260714,1,20260715,1,20260716,1,20260717,1,20260720,1,20260721,1,20260722,1,20260723,1,20260724,1,20260727,1,20260728,1,20260729,1,20260730,1,20260731,1,20260804,1,20260805,1,20260806,1,20260807,1,20260810,1,20260811,1,20260812,1,20260813,1,20260814,1,20260817,1,20260818,1,20260819,1,20260820,1,20260821,1,20260824,1,20260825,1,20260826,1,20260827,1,20260828,1,20260831,1,20260901,1,20260902,1,20260903,1,20260904,1
'57-Saturday-10000010',20260627,1,20260704,1,20260711,1,20260718,1,20260725,1,20260801,1,20260808,1,20260815,1,20260822,1,20260829,1,20260905,1
'57-Weekday-11111100',20260622,1,20260623,1,20260624,1,20260625,1,20260626,1,20260629,1,20260630,1,20260702,1,20260703,1,20260706,1,20260707,1,20260708,1,20260709,1,20260710,1,20260713,1,20260714,1,20260715,1,20260716,1,20260717,1,20260720,1,20260721,1,20260722,1,20260723,1,20260724,1,20260727,1,20260728,1,20260729,1,20260730,1,20260731,1,20260804,1,20260805,1,20260806,1,20260807,1,20260810,1,20260811,1,20260812,1,20260813,1,20260814,1,20260817,1,20260818,1,20260819,1,20260820,1,20260821,1,20260824,1,20260825,1,20260826,1,20260827,1,20260828,1,20260831,1,20260901,1,20260902,1,20260903,1,20260904,1
'58-Holiday1-11111111',20260701,1,20260803,1
'58-Saturday-10000010',20260627,1,20260704,1,20260711,1,20260718,1,20260725,1,20260801,1,20260808,1,20260815,1,20260822,1,20260829,1,20260905,1
'58-Sunday-10000001',20260628,1,20260705,1,20260712,1,20260719,1,20260726,1,20260802,1,20260809,1,20260816,1,20260823,1,20260830,1,20260906,1
'58-Weekday-11111100',20260622,1,20260623,1,20260624,1,20260625,1,20260626,1,20260629,1,20260630,1,20260702,1,20260703,1,20260706,1,20260707,1,20260708,1,20260709,1,20260710,1,20260713,1,20260714,1,20260715,1,20260716,1,20260717,1,20260720,1,20260721,1,20260722,1,20260723,1,20260724,1,20260727,1,20260728,1,20260729,1,20260730,1,20260731,1,20260804,1,20260805,1,20260806,1,20260807,1,20260810,1,20260811,1,20260812,1,20260813,1,20260814,1,20260817,1,20260818,1,20260819,1,20260820,1,20260821,1,20260824,1,20260825,1,20260826,1,20260827,1,20260828,1,20260831,1,20260901,1,20260902,1,20260903,1,20260904,1
'6-Holiday1-10000001',20260701,1,20260803,1
'6-Saturday-10000010',20260627,1,20260704,1,20260711,1,20260718,1,20260725,1,20260801,1,20260808,1,20260815,1,20260822,1,20260829,1,20260905,1
'6-Sunday-10000001',20260628,1,20260705,1,20260712,1,20260719,1,20260726,1,20260802,1,20260809,1,20260816,1,20260823,1,20260830,1,20260906,1
'6-Weekday-11111100',20260622,1,20260623,1,20260624,1,20260625,1,20260626,1,20260629,1,20260630,1,20260702,1,20260703,1,20260706,1,20260707,1,20260708,1,20260709,1,20260710,1,20260713,1,20260714,1,20260715,1,20260716,1,20260717,1,20260720,1,20260721,1,20260722,1,20260723,1,20260724,1,20260727,1,20260728,1,20260729,1,20260730,1,20260731,1,20260804,1,20260805,1,20260806,1,20260807,1,20260810,1,20260811,1,20260812,1,20260813,1,20260814,1,20260817,1,20260818,1,20260819,1,20260820,1,20260821,1,20260824,1,20260825,1,20260826,1,20260827,1,20260828,1,20260831,1,20260901,1,20260902,1,20260903,1,20260904,1
'60-Saturday-10000010',20260627,1,20260704,1,20260711,1,20260718,1,20260725,1,20260801,1,20260808,1,20260815,1,20260822,1,20260829,1,20260905,1
'60-Weekday-11111100',20260622,1,20260623,1,20260624,1,20260625,1,20260626,1,20260629,1,20260630,1,20260702,1,20260703,1,20260706,1,20260707,1,20260708,1,20260709,1,20260710,1,20260713,1,20260714,1,20260715,1,20260716,1,20260717,1,20260720,1,20260721,1,20260722,1,20260723,1,20260724,1,20260727,1,20260728,1,20260729,1,20260730,1,20260731,1,20260804,1,20260805,1,20260806,1,20260807,1,20260810,1,20260811,1,20260812,1,20260813,1,20260814,1,20260817,1,20260818,1,20260819,1,20260820,1,20260821,1,20260824,1,20260825,1,20260826,1,20260827,1,20260828,1,20260831,1,20260901,1,20260902,1,20260903,1,20260904,1
'61-Holiday1-11111111',20260701,1,20260803,1
'61-Saturday-10000010',20260627,1,20260704,1,20260711,1,20260718,1,20260725,1,20260801,1,20260808,1,20260815,1,20260822,1,20260829,1,20260905,1
'61-Sunday-10000001',20260628,1,20260705,1,20260712,1,20260719,1,20260726,1,20260802,1,20260809,1,20260816,1,20260823,1,20260830,1,20260906,1
'61-Weekday-11111100',20260622,1,20260623,1,20260624,1,20260625,1,20260626,1,20260629,1,20260630,1,20260702,1,20260703,1,20260706,1,20260707,1,20260708,1,20260709,1,20260710,1,20260713,1,20260714,1,20260715,1,20260716,1,20260717,1,20260720,1,20260721,1,20260722,1,20260723,1,20260724,1,20260727,1,20260728,1,20260729,1,20260730,1,20260731,1,20260804,1,20260805,1,20260806,1,20260807,1,20260810,1,20260811,1,20260812,1,20260813,1,20260814,1,20260817,1,20260818,1,20260819,1,20260820,1,20260821,1,20260824,1,20260825,1,20260826,1,20260827,1,20260828,1,20260831,1,20260901,1,20260902,1,20260903,1,20260904,1
'62-Weekday-11111100',20260622,1,20260623,1,20260624,1,20260625,1,20260626,1,20260629,1,20260630,1,20260702,1,20260703,1,20260706,1,20260707,1,20260708,1,20260709,1,20260710,1,20260713,1,20260714,1,20260715,1,20260716,1,20260717,1,20260720,1,20260721,1,20260722,1,20260723,1,20260724,1,20260727,1,20260728,1,20260729,1,20260730,1,20260731,1,20260804,1,20260805,1,20260806,1,20260807,1,20260810,1,20260811,1,20260812,1,20260813,1,20260814,1,20260817,1,20260818,1,20260819,1,20260820,1,20260821,1,20260824,1,20260825,1,20260826,1,20260827,1,20260828,1,20260831,1,20260901,1,20260902,1,20260903,1,20260904,1
'63-Holiday1-10000001',20260701,1,20260803,1
'63-Saturday-10000010',20260627,1,20260704,1,20260711,1,20260718,1,20260725,1,20260801,1,20260808,1,20260815,1,20260822,1,20260829,1,20260905,1
'63-Sunday-10000001',20260628,1,20260705,1,20260712,1,20260719,1,20260726,1,20260802,1,20260809,1,20260816,1,20260823,1,20260830,1,20260906,1
'63-Weekday-11111100',20260622,1,20260623,1,20260624,1,20260625,1,20260626,1,20260629,1,20260630,1,20260702,1,20260703,1,20260706,1,20260707,1,20260708,1,20260709,1,20260710,1,20260713,1,20260714,1,20260715,1,20260716,1,20260717,1,20260720,1,20260721,1,20260722,1,20260723,1,20260724,1,20260727,1,20260728,1,20260729,1,20260730,1,20260731,1,20260804,1,20260805,1,20260806,1,20260807,1,20260810,1,20260811,1,20260812,1,20260813,1,20260814,1,20260817,1,20260818,1,20260819,1,20260820,1,20260821,1,20260824,1,20260825,1,20260826,1,20260827,1,20260828,1,20260831,1,20260901,1,20260902,1,20260903,1,20260904,1
'65-Holiday1-10000001',20260701,1,20260803,1
'65-Saturday-10000010',20260627,1,20260704,1,20260711,1,20260718,1,20260725,1,20260801,1,20260808,1,20260815,1,20260822,1,20260829,1,20260905,1
'65-Sunday-10000001',20260628,1,20260705,1,20260712,1,20260719,1,20260726,1,20260802,1,20260809,1,20260816,1,20260823,1,20260830,1,20260906,1
'65-Weekday-11111100',20260622,1,20260623,1,20260624,1,20260625,1,20260626,1,20260629,1,20260630,1,20260702,1,20260703,1,20260706,1,20260707,1,20260708,1,20260709,1,20260710,1,20260713,1,20260714,1,20260715,1,20260716,1,20260717,1,20260720,1,20260721,1,20260722,1,20260723,1,20260724,1,20260727,1,20260728,1,20260729,1,20260730,1,20260731,1,20260804,1,20260805,1,20260806,1,20260807,1,20260810,1,20260811,1,20260812,1,20260813,1,20260814,1,20260817,1,20260818,1,20260819,1,20260820,1,20260821,1,20260824,1,20260825,1,20260826,1,20260827,1,20260828,1,20260831,1,20260901,1,20260902,1,20260903,1,20260904,1
'67-Weekday-11111100',20260622,1,20260623,1,20260624,1,20260625,1,20260626,1,20260629,1,20260630,1,20260702,1,20260703,1,20260706,1,20260707,1,20260708,1,20260709,1,20260710,1,20260713,1,20260714,1,20260715,1,20260716,1,20260717,1,20260720,1,20260721,1,20260722,1,20260723,1,20260724,1,20260727,1,20260728,1,20260729,1,20260730,1,20260731,1,20260804,1,20260805,1,20260806,1,20260807,1,20260810,1,20260811,1,20260812,1,20260813,1,20260814,1,20260817,1,20260818,1,20260819,1,20260820,1,20260821,1,20260824,1,20260825,1,20260826,1,20260827,1,20260828,1,20260831,1,20260901,1,20260902,1,20260903,1,20260904,1
'7-Holiday1-10000001',20260701,1,20260803,1
'7-Saturday-10000010',20260627,1,20260704,1,20260711,1,20260718,1,20260725,1,20260801,1,20260808,1,20260815,1,20260822,1,20260829,1,20260905,1
'7-Sunday-10000001',20260628,1,20260705,1,20260712,1,20260719,1,20260726,1,20260802,1,20260809,1,20260816,1,20260823,1,20260830,1,20260906,1
'7-Weekday-11111100',20260622,1,20260623,1,20260624,1,20260625,1,20260626,1,20260629,1,20260630,1,20260702,1,20260703,1,20260706,1,20260707,1,20260708,1,20260709,1,20260710,1,20260713,1,20260714,1,20260715,1,20260716,1,20260717,1,20260720,1,20260721,1,20260722,1,20260723,1,20260724,1,20260727,1,20260728,1,20260729,1,20260730,1,20260731,1,20260804,1,20260805,1,20260806,1,20260807,1,20260810,1,20260811,1,20260812,1,20260813,1,20260814,1,20260817,1,20260818,1,20260819,1,20260820,1,20260821,1,20260824,1,20260825,1,20260826,1,20260827,1,20260828,1,20260831,1,20260901,1,20260902,1,20260903,1,20260904,1
'76-Weekday-11111100',20260622,1,20260623,1,20260624,1,20260625,1,20260626,1,20260629,1,20260630,1,20260702,1,20260703,1,20260706,1,20260707,1,20260708,1,20260709,1,20260710,1,20260713,1,20260714,1,20260715,1,20260716,1,20260717,1,20260720,1,20260721,1,20260722,1,20260723,1,20260724,1,20260727,1,20260728,1,20260729,1,20260730,1,20260731,1,20260804,1,20260805,1,20260806,1,20260807,1,20260810,1,20260811,1,20260812,1,20260813,1,20260814,1,20260817,1,20260818,1,20260819,1,20260820,1,20260821,1,20260824,1,20260825,1,20260826,1,20260827,1,20260828,1,20260831,1,20260901,1,20260902,1,20260903,1,20260904,1
'77-Weekday-11111100',20260622,1,20260623,1,20260624,1,20260625,1,20260626,1,20260629,1,20260630,1,20260702,1,20260703,1,20260706,1,20260707,1,20260708,1,20260709,1,20260710,1,20260713,1,20260714,1,20260715,1,20260716,1,20260717,1,20260720,1,20260721,1,20260722,1,20260723,1,20260724,1,20260727,1,20260728,1,20260729,1,20260730,1,20260731,1,20260804,1,20260805,1,20260806,1,20260807,1,20260810,1,20260811,1,20260812,1,20260813,1,20260814,1,20260817,1,20260818,1,20260819,1,20260820,1,20260821,1,20260824,1,20260825,1,20260826,1,20260827,1,20260828,1,20260831,1,20260901,1,20260902,1,20260903,1,20260904,1
'78-Weekday-11111100',20260622,1,20260623,1,20260624,1,20260625,1,20260626,1,20260629,1,20260630,1,20260702,1,20260703,1,20260706,1,20260707,1,20260708,1,20260709,1,20260710,1,20260713,1,20260714,1,20260715,1,20260716,1,20260717,1,20260720,1,20260721,1,20260722,1,20260723,1,20260724,1,20260727,1,20260728,1,20260729,1,20260730,1,20260731,1,20260804,1,20260805,1,20260806,1,20260807,1,20260810,1,20260811,1,20260812,1,20260813,1,20260814,1,20260817,1,20260818,1,20260819,1,20260820,1,20260821,1,20260824,1,20260825,1,20260826,1,20260827,1,20260828,1,20260831,1,20260901,1,20260902,1,20260903,1,20260904,1
'8-Holiday1-10000001',20260701,1,20260803,1
'8-Saturday-10000010',20260627,1,20260704,1,20260711,1,20260718,1,20260725,1,20260801,1,20260808,1,20260815,1,20260822,1,20260829,1,20260905,1
'8-Sunday-10000001',20260628,1,20260705,1,20260712,1,20260719,1,20260726,1,20260802,1,20260809,1,20260816,1,20260823,1,20260830,1,20260906,1
'8-Weekday-11111100',20260622,1,20260623,1,20260624,1,20260625,1,20260626,1,20260629,1,20260630,1,20260702,1,20260703,1,20260706,1,20260707,1,20260708,1,20260709,1,20260710,1,20260713,1,20260714,1,20260715,1,20260716,1,20260717,1,20260720,1,20260721,1,20260722,1,20260723,1,20260724,1,20260727,1,20260728,1,20260729,1,20260730,1,20260731,1,20260804,1,20260805,1,20260806,1,20260807,1,20260810,1,20260811,1,20260812,1,20260813,1,20260814,1,20260817,1,20260818,1,20260819,1,20260820,1,20260821,1,20260824,1,20260825,1,20260826,1,20260827,1,20260828,1,20260831,1,20260901,1,20260902,1,20260903,1,20260904,1
'9-Holiday1-10000001',20260701,1,20260803,1
'9-Saturday-10000010',20260627,1,20260704,1,20260711,1,20260718,1,20260725,1,20260801,1,20260808,1,20260815,1,20260822,1,20260829,1,20260905,1
'9-Sunday-10000001',20260628,1,20260705,1,20260712,1,20260719,1,20260726,1,20260802,1,20260809,1,20260816,1,20260823,1,20260830,1,20260906,1
'9-Weekday-11111100',20260622,1,20260623,1,20260624,1,20260625,1,20260626,1,20260629,1,20260630,1,20260702,1,20260703,1,20260706,1,20260707,1,20260708,1,20260709,1,20260710,1,20260713,1,20260714,1,20260715,1,20260716,1,20260717,1,20260720,1,20260721,1,20260722,1,20260723,1,20260724,1,20260727,1,20260728,1,20260729,1,20260730,1,20260731,1,20260804,1,20260805,1,20260806,1,20260807,1,20260810,1,20260811,1,20260812,1,20260813,1,20260814,1,20260817,1,20260818,1,20260819,1,20260820,1,20260821,1,20260824,1,20260825,1,20260826,1,20260827,1,20260828,1,20260831,1,20260901,1,20260902,1,20260903,1,20260904,1
