100,3908,1,0
100,1095,2,0
100,3485,3,0
100,1180,4,0
100,3473,5,0
100,3466,6,0
100,3329,7,0
100,3331,8,0
100,3332,9,0
100,3470,10,0
100,3335,11,0
100,3337,12,0
100,3338,13,0
100,3340,14,0
100,3342,15,0
100,3637,16,0
100,3343,17,0
100,3482,18,0
100,3344,19,0
100,3346,20,0
100,3348,21,0
100,3349,22,0
100,3350,23,0
100,3351,24,0
100,3353,25,0
100,3355,26,0
100,1982,27,0
100,2705,28,0
100,2706,29,0
100,2410,30,0
100,1377,31,0
100,1000,32,0
100,3575,33,0
100,2359,34,0
100,3578,35,0
100,4246,36,0
100,2363,37,0
100,2366,38,0
100,2370,39,0
100,2371,40,0
100,2372,41,0
100,1012,42,0
100,1013,43,0
100,1014,44,0
100,1016,45,0
100,2923,46,0
100,1019,47,0
100,1694,48,0
100,3480,49,0
100,3477,50,0
100,2619,51,0
100,3481,52,0
100,1042,53,0
100,1044,54,0
100,3497,55,1
101,3497,1,0
101,1047,2,0
101,1048,3,0
101,1050,4,0
101,1866,5,0
101,3478,6,0
101,3479,7,0
101,1664,8,0
101,1068,9,0
101,1070,10,0
101,1071,11,0
101,3574,12,0
101,1073,13,0
101,1074,14,0
101,2395,15,0
101,2396,16,0
101,2369,17,0
101,2400,18,0
101,2403,19,0
101,2405,20,0
101,2407,21,0
101,2408,22,0
101,1088,23,0
101,1089,24,0
101,2713,25,0
101,2754,26,0
101,3069,27,0
101,2755,28,0
101,3293,29,0
101,3295,30,0
101,3296,31,0
101,3298,32,0
101,3299,33,0
101,3300,34,0
101,3304,35,0
101,3306,36,0
101,3307,37,0
101,3308,38,0
101,3309,39,0
101,3311,40,0
101,3461,41,0
101,3472,42,0
101,3317,43,0
101,3471,44,0
101,3469,45,0
101,3368,46,0
101,3384,47,0
101,3467,48,0
101,3476,49,0
101,1203,50,0
101,3487,51,0
101,1101,52,0
101,3908,53,1
300,1675,1,0
300,1676,2,0
300,4096,3,0
300,1545,4,0
300,4094,5,0
300,2901,6,0
300,2902,7,0
300,2903,8,0
300,2904,9,0
300,2905,10,0
300,2938,11,0
300,3021,12,0
300,1134,13,0
300,3053,14,0
300,2908,15,0
300,2910,16,0
300,2911,17,0
300,2912,18,0
300,2913,19,0
300,2914,20,0
300,2915,21,0
300,2916,22,0
300,1386,23,0
300,2919,24,0
300,2920,25,0
300,1000,26,1
301,1088,1,0
301,1385,2,0
301,2924,3,0
301,2925,4,0
301,1387,5,0
301,2927,6,0
301,2928,7,0
301,2929,8,0
301,2930,9,0
301,2931,10,0
301,2933,11,0
301,2934,12,0
301,2935,13,0
301,3052,14,0
301,1151,15,0
301,3051,16,0
301,1192,17,0
301,2863,18,0
301,2864,19,0
301,2865,20,0
301,2866,21,0
301,2867,22,0
301,4299,23,0
301,2870,24,0
301,1489,25,0
301,4095,26,0
301,1675,27,1
400,4003,1,0
400,3663,2,0
400,3664,3,0
400,3265,4,0
400,3167,5,0
400,3266,6,0
400,3268,7,0
400,3269,8,0
400,3270,9,0
400,3271,10,0
400,3272,11,0
400,3273,12,0
400,3274,13,0
400,3275,14,0
400,3277,15,0
400,3278,16,0
400,3279,17,0
400,1900,18,0
400,1902,19,0
400,3284,20,0
400,3285,21,0
400,1083,22,0
400,1092,23,0
400,2468,24,0
400,2469,25,0
400,2471,26,0
400,2472,27,0
400,2838,28,0
400,2839,29,0
400,2840,30,0
400,2841,31,0
400,2358,32,0
400,1088,33,1
401,1000,1,0
401,2319,2,0
401,2320,3,0
401,2654,4,0
401,5001,5,0
401,2657,6,0
401,2658,7,0
401,2659,8,0
401,2491,9,0
401,2492,10,0
401,2493,11,0
401,2660,12,0
401,1005,13,0
401,3237,14,0
401,3238,15,0
401,2538,16,0
401,1272,17,0
401,3242,18,0
401,3243,19,0
401,3244,20,0
401,3245,21,0
401,3246,22,0
401,3248,23,0
401,3249,24,0
401,3250,25,0
401,3251,26,0
401,3252,27,0
401,3253,28,0
401,3254,29,0
401,3256,30,0
401,3258,31,0
401,3259,32,0
401,3260,33,0
401,3879,34,0
401,3880,35,0
401,3662,36,0
401,4003,37,1
500,4003,1,0
500,3663,2,0
500,3664,3,0
500,4064,4,0
500,4066,5,0
500,4068,6,0
500,4069,7,0
500,4070,8,0
500,1984,9,0
500,1994,10,0
500,1995,11,0
500,1996,12,0
500,1997,13,0
500,1998,14,0
500,1999,15,0
500,2000,16,0
500,2001,17,0
500,2002,18,0
500,2003,19,0
500,2004,20,0
500,1270,21,0
500,3743,22,0
500,1907,23,0
500,2007,24,0
500,3448,25,0
500,2010,26,0
500,2011,27,0
500,2012,28,0
500,2013,29,0
500,2014,30,0
500,2015,31,0
500,2020,32,0
500,2021,33,0
500,2424,34,0
500,2425,35,0
500,2426,36,0
500,2427,37,0
500,2428,38,0
500,2545,39,0
500,2546,40,0
500,2547,41,0
500,2429,42,0
500,2430,43,0
500,2431,44,0
500,2432,45,0
500,2433,46,0
500,2434,47,1
501,2434,1,0
501,2435,2,0
501,2436,3,0
501,2437,4,0
501,2438,5,0
501,2439,6,0
501,1943,7,0
501,1944,8,0
501,1945,9,0
501,1946,10,0
501,1947,11,0
501,1948,12,0
501,1949,13,0
501,1950,14,0
501,1951,15,0
501,1952,16,0
501,1954,17,0
501,1955,18,0
501,1956,19,0
501,1957,20,0
501,4015,21,0
501,1959,22,0
501,1960,23,0
501,1907,24,0
501,4099,25,0
501,1961,26,0
501,1962,27,0
501,1963,28,0
501,1964,29,0
501,1965,30,0
501,1966,31,0
501,1968,32,0
501,1969,33,0
501,1970,34,0
501,1971,35,0
501,4056,36,0
501,1985,37,0
501,1986,38,0
501,1988,39,0
501,4067,40,0
501,4065,41,0
501,4063,42,0
501,3880,43,0
501,3662,44,0
501,4003,45,1
600,3495,1,0
600,2497,2,0
600,2506,3,0
600,2736,4,0
600,2737,5,0
600,2738,6,0
600,2740,7,0
600,1905,8,0
600,1906,9,0
600,2349,10,0
600,2296,11,0
600,2745,12,0
600,2746,13,0
600,2748,14,0
600,2749,15,0
600,2750,16,0
600,2751,17,0
600,2752,18,0
600,2410,19,0
600,1376,20,0
600,1313,21,0
600,1292,22,0
600,3226,23,0
600,2541,24,0
600,5049,25,0
600,2414,26,0
600,2415,27,0
600,2416,28,0
600,2418,29,0
600,2419,30,0
600,2421,31,0
600,2422,32,0
600,2423,33,0
600,2020,34,0
600,2021,35,0
600,2424,36,0
600,2022,37,0
600,2023,38,0
600,4031,39,0
600,4033,40,0
600,3673,41,0
600,4034,42,0
600,3789,43,0
600,1925,44,0
600,4037,45,0
600,4016,46,0
600,3756,47,0
600,4009,48,0
600,2088,49,0
600,4043,50,0
600,1212,51,0
600,1126,52,1
601,1126,1,0
601,2810,2,0
601,4042,3,0
601,1920,4,0
601,4008,5,0
601,4051,6,0
601,4038,7,0
601,4036,8,0
601,4035,9,0
601,3784,10,0
601,3679,11,0
601,3680,12,0
601,4032,13,0
601,4030,14,0
601,1941,15,0
601,1942,16,0
601,1943,17,0
601,1944,18,0
601,1945,19,0
601,2440,20,0
601,2441,21,0
601,2442,22,0
601,2444,23,0
601,2445,24,0
601,2447,25,0
601,2448,26,0
601,2449,27,0
601,3744,28,0
601,2539,29,0
601,1474,30,0
601,1273,31,0
601,2713,32,0
601,2715,33,0
601,2716,34,0
601,3618,35,0
601,2718,36,0
601,2719,37,0
601,2721,38,0
601,2722,39,0
601,2724,40,0
601,2725,41,0
601,2115,42,0
601,1463,43,0
601,2730,44,0
601,2731,45,0
601,2732,46,0
601,2733,47,0
601,2734,48,0
601,2594,49,0
601,2595,50,0
601,3495,51,1
700,3490,1,0
700,2584,2,0
700,2585,3,0
700,2586,4,0
700,2587,5,0
700,2589,6,0
700,2590,7,0
700,2603,8,0
700,2605,9,0
700,2606,10,0
700,1878,11,0
700,1880,12,0
700,1881,13,0
700,1882,14,0
700,1883,15,0
700,1884,16,0
700,1885,17,0
700,1886,18,0
700,2564,19,0
700,1888,20,0
700,1890,21,0
700,1891,22,0
700,1893,23,0
700,1896,24,0
700,1897,25,0
700,1898,26,0
700,1900,27,0
700,1902,28,0
700,1904,29,0
700,1907,30,0
700,1909,31,0
700,1910,32,0
700,1911,33,0
700,1913,34,0
700,1914,35,0
700,1915,36,0
700,1916,37,0
700,1917,38,0
700,1918,39,0
700,1919,40,0
700,1130,41,1
701,1130,1,0
701,2504,2,0
701,2505,3,0
701,2507,4,0
701,2508,5,0
701,2509,6,0
701,2532,7,0
701,2533,8,0
701,3581,9,0
701,2535,10,0
701,1957,11,0
701,4048,12,0
701,1959,13,0
701,2536,14,0
701,2538,15,0
701,2540,16,0
701,2542,17,0
701,2543,18,0
701,2544,19,0
701,1901,20,0
701,2457,21,0
701,2458,22,0
701,2561,23,0
701,3730,24,0
701,1887,25,0
701,3579,26,0
701,2567,27,0
701,2568,28,0
701,2569,29,0
701,2570,30,0
701,2571,31,0
701,2572,32,0
701,3661,33,0
701,2573,34,0
701,2575,35,0
701,2576,36,0
701,2578,37,0
701,2580,38,0
701,2581,39,0
701,2582,40,0
701,2583,41,0
701,3490,42,1
800,3499,1,0
800,1047,2,0
800,2621,3,0
800,2622,4,0
800,2623,5,0
800,1870,6,0
800,1871,7,0
800,1872,8,0
800,1873,9,0
800,1874,10,0
800,1875,11,0
800,3715,12,0
800,2616,13,0
800,2563,14,0
800,2636,15,0
800,2649,16,0
800,2653,17,0
800,2408,18,0
800,1375,19,0
800,1879,20,0
800,1893,21,0
800,2541,22,0
800,2462,23,0
800,2463,24,0
800,2464,25,0
800,2466,26,0
800,2537,27,0
800,3088,28,0
800,3089,29,0
800,3090,30,0
800,2665,31,0
800,2667,32,0
800,2670,33,0
800,2671,34,0
800,3621,35,1
801,2785,1,0
801,2786,2,0
801,2787,3,0
801,2833,4,0
801,2835,5,0
801,3107,6,0
801,3606,7,0
801,3108,8,0
801,2534,9,0
801,2494,10,0
801,2496,11,0
801,2498,12,0
801,2499,13,0
801,2539,14,0
801,1474,15,0
801,1899,16,0
801,3575,17,0
801,2359,18,0
801,2843,19,0
801,2845,20,0
801,2847,21,0
801,2566,22,0
801,2617,23,0
801,3576,24,0
801,2610,25,0
801,2612,26,0
801,2613,27,0
801,2614,28,0
801,2861,29,0
801,2862,30,0
801,1043,31,0
801,1044,32,0
801,3499,33,1
900,1078,1,0
900,1093,2,0
900,1094,3,0
900,4074,4,0
900,3865,5,0
900,3630,6,0
900,3866,7,0
900,3867,8,0
900,3626,9,0
900,1181,10,0
900,1182,11,0
900,1183,12,0
900,1184,13,0
900,1185,14,0
900,1186,15,0
900,1188,16,0
900,1189,17,0
900,1190,18,0
900,1191,19,0
900,1193,20,0
900,1194,21,0
900,1195,22,0
900,1196,23,0
900,1197,24,0
900,1198,25,0
900,1200,26,0
900,1257,27,0
900,1201,28,0
900,1202,29,0
900,1212,30,0
900,1128,31,1
901,1128,1,0
901,2810,2,0
901,1131,3,0
901,1132,4,0
901,1256,5,0
901,1135,6,0
901,1136,7,0
901,1137,8,0
901,1138,9,0
901,1139,10,0
901,1140,11,0
901,1141,12,0
901,1142,13,0
901,1143,14,0
901,1144,15,0
901,1145,16,0
901,1146,17,0
901,1147,18,0
901,1148,19,0
901,1149,20,0
901,1150,21,0
901,1152,22,0
901,3627,23,0
901,3868,24,0
901,3869,25,0
901,3629,26,0
901,3870,27,0
901,3872,28,0
901,2520,29,0
901,3889,30,0
901,1262,31,1
1000,1732,1,0
1000,1734,2,0
1000,1735,3,0
1000,1736,4,0
1000,1737,5,0
1000,1738,6,0
1000,1739,7,0
1000,1740,8,0
1000,1742,9,0
1000,1743,10,0
1000,1744,11,0
1000,1728,12,0
1000,1868,13,0
1000,1828,14,0
1000,1829,15,0
1000,1830,16,0
1000,1746,17,0
1000,1747,18,0
1000,1748,19,0
1000,1755,20,0
1000,1756,21,0
1000,1757,22,0
1000,1758,23,0
1000,1760,24,0
1000,1761,25,0
1000,1762,26,0
1000,1763,27,0
1000,1764,28,0
1000,3489,29,1
1001,3489,1,0
1001,1697,2,0
1001,1698,3,0
1001,1699,4,0
1001,1700,5,0
1001,5120,6,0
1001,1701,7,0
1001,1703,8,0
1001,1704,9,0
1001,1705,10,0
1001,1706,11,0
1001,1714,12,0
1001,1715,13,0
1001,1745,14,0
1001,1824,15,0
1001,1826,16,0
1001,1827,17,0
1001,1867,18,0
1001,3641,19,0
1001,1717,20,0
1001,1718,21,0
1001,1719,22,0
1001,1721,23,0
1001,1722,24,0
1001,1723,25,0
1001,1724,26,0
1001,1725,27,0
1001,1726,28,0
1001,1727,29,0
1001,1731,30,0
1001,1732,31,1
1200,3493,1,0
1200,1854,2,0
1200,1855,3,0
1200,1856,4,0
1200,1857,5,0
1200,1858,6,0
1200,1860,7,0
1200,1861,8,0
1200,3608,9,0
1200,1862,10,0
1200,1863,11,0
1200,2061,12,0
1200,2062,13,0
1200,2063,14,0
1200,2064,15,0
1200,3667,16,0
1200,3668,17,0
1200,2065,18,0
1200,2066,19,0
1200,3190,20,0
1200,3191,21,0
1200,3192,22,0
1200,3193,23,0
1200,3194,24,0
1200,3195,25,0
1200,3196,26,0
1200,3197,27,0
1200,3909,28,0
1200,3910,29,0
1200,3911,30,0
1200,3912,31,0
1200,3913,32,0
1200,3914,33,0
1200,2772,34,0
1200,2773,35,0
1200,2774,36,0
1200,2775,37,0
1200,4053,38,0
1200,2778,39,0
1200,2779,40,0
1200,2780,41,0
1200,1090,42,0
1200,3943,43,0
1200,3945,44,0
1200,2783,45,0
1200,3620,46,0
1200,2785,47,1
1201,3621,1,0
1201,3619,2,0
1201,2673,3,0
1201,2674,4,0
1201,2675,5,0
1201,2676,6,0
1201,2677,7,0
1201,2678,8,0
1201,2679,9,0
1201,2680,10,0
1201,2681,11,0
1201,2682,12,0
1201,2683,13,0
1201,2685,14,0
1201,3920,15,0
1201,3919,16,0
1201,3918,17,0
1201,3917,18,0
1201,3916,19,0
1201,3915,20,0
1201,3178,21,0
1201,3179,22,0
1201,3180,23,0
1201,3086,24,0
1201,3181,25,0
1201,3183,26,0
1201,3184,27,0
1201,3185,28,0
1201,2057,29,0
1201,3503,30,0
1201,3504,31,0
1201,3505,32,0
1201,2058,33,0
1201,2059,34,0
1201,2060,35,0
1201,2105,36,0
1201,1846,37,0
1201,1847,38,0
1201,3607,39,0
1201,1848,40,0
1201,4245,41,0
1201,1850,42,0
1201,1851,43,0
1201,1852,44,0
1201,1853,45,0
1201,3493,46,1
1300,4002,1,0
1300,1040,2,0
1300,1037,3,0
1300,3903,4,0
1300,3905,5,0
1300,3689,6,0
1300,3690,7,0
1300,3691,8,0
1300,3451,9,0
1300,3452,10,0
1300,4088,11,0
1300,3453,12,0
1300,1106,13,0
1300,3392,14,0
1300,4085,15,0
1300,4014,16,0
1300,1107,17,0
1300,1108,18,0
1300,1109,19,0
1300,1110,20,0
1300,1111,21,0
1300,1112,22,0
1300,3949,23,0
1300,1113,24,0
1300,1114,25,0
1300,1115,26,0
1300,1116,27,0
1300,1117,28,0
1300,1119,29,0
1300,1120,30,0
1300,3899,31,0
1300,1223,32,1
1301,1262,1,0
1301,2531,2,0
1301,1096,3,0
1301,1097,4,0
1301,1099,5,0
1301,4026,6,0
1301,4076,7,0
1301,4077,8,0
1301,4027,9,0
1301,4079,10,0
1301,4080,11,0
1301,4081,12,0
1301,4082,13,0
1301,4083,14,0
1301,4014,15,0
1301,4084,16,0
1301,4086,17,0
1301,3454,18,0
1301,3455,19,0
1301,4087,20,0
1301,3456,21,0
1301,3446,22,0
1301,1979,23,0
1301,4237,24,0
1301,3685,25,0
1301,3906,26,0
1301,3904,27,0
1301,1034,28,0
1301,3901,29,0
1301,4002,30,1
1400,3800,1,0
1400,1205,2,0
1400,1207,3,0
1400,1208,4,0
1400,1210,5,0
1400,1215,6,0
1400,1216,7,0
1400,1217,8,0
1400,1218,9,0
1400,1219,10,1
1401,1219,1,0
1401,1220,2,0
1401,3847,3,0
1401,1212,4,0
1401,3800,5,1
1600,1732,1,0
1600,1734,2,0
1600,1728,3,0
1600,1868,4,0
1600,1828,5,0
1600,1829,6,0
1600,1830,7,0
1600,3746,8,0
1600,1831,9,0
1600,1710,10,0
1600,1711,11,0
1600,1832,12,0
1600,1834,13,0
1600,1835,14,0
1600,1837,15,0
1600,1838,16,0
1600,3843,17,0
1600,2016,18,0
1600,1840,19,0
1600,1841,20,0
1600,1842,21,0
1600,1844,22,0
1600,1864,23,0
1600,1865,24,0
1600,1666,25,0
1600,3017,26,0
1600,3019,27,0
1600,3020,28,0
1600,2906,29,0
1600,2907,30,0
1600,2908,31,0
1600,3054,32,0
1600,3055,33,0
1600,3057,34,0
1600,3058,35,0
1600,2401,36,0
1600,3105,37,0
1600,2367,38,0
1600,2757,39,0
1600,2758,40,0
1600,2759,41,0
1600,2760,42,0
1600,2762,43,0
1600,2763,44,0
1600,2764,45,0
1600,2765,46,0
1600,2766,47,0
1600,1958,48,0
1600,3281,49,0
1600,1904,50,0
1600,1907,51,1
1601,1907,1,0
1601,4099,2,0
1601,1270,3,0
1601,3743,4,0
1601,2536,5,0
1601,2538,6,0
1601,1272,7,0
1601,1922,8,0
1601,2689,9,0
1601,3897,10,0
1601,2692,11,0
1601,2694,12,0
1601,2695,13,0
1601,2696,14,0
1601,2698,15,0
1601,2699,16,0
1601,2701,17,0
1601,2702,18,0
1601,2368,19,0
1601,2820,20,0
1601,2402,21,0
1601,2406,22,0
1601,3063,23,0
1601,3065,24,0
1601,3067,25,0
1601,2935,26,0
1601,2937,27,0
1601,3229,28,1
1601,2938,29,0
1601,2939,30,0
1601,2940,31,0
1601,2884,32,0
1601,1548,33,0
1601,1773,34,0
1601,1774,35,0
1601,1804,36,0
1601,1805,37,0
1601,1806,38,0
1601,1807,39,0
1601,4238,40,0
1601,3844,41,0
1601,1809,42,0
1601,1810,43,0
1601,1811,44,0
1601,1820,45,0
1601,1822,46,0
1601,1751,47,0
1601,1752,48,0
1601,1823,49,0
1601,1745,50,0
1601,1824,51,0
1601,1826,52,0
1601,1827,53,0
1601,1867,54,0
1601,3641,55,0
1601,1731,56,0
1601,1732,57,1
1900,1223,1,0
1900,3943,2,0
1900,3945,3,0
1900,2783,4,0
1900,1167,5,0
1900,1168,6,0
1900,1171,7,0
1900,1172,8,0
1900,1173,9,0
1900,1174,10,0
1900,1175,11,0
1900,1176,12,0
1900,1177,13,0
1900,1178,14,0
1900,2460,15,0
1900,3776,16,0
1900,3777,17,0
1900,3324,18,0
1900,3325,19,0
1900,3326,20,0
1900,3319,21,0
1900,3320,22,0
1900,3321,23,0
1900,3322,24,0
1900,3323,25,1
1900,3327,26,0
1900,2353,27,0
1900,3833,28,1
1901,3833,1,0
1901,2354,2,0
1901,2355,3,0
1901,2356,4,0
1901,2357,5,0
1901,2364,6,0
1901,2365,7,0
1901,3323,8,0
1901,1256,9,0
1901,2574,10,0
1901,2455,11,0
1901,2456,12,0
1901,1155,13,0
1901,1156,14,0
1901,1157,15,0
1901,1158,16,0
1901,1159,17,0
1901,1160,18,0
1901,1161,19,0
1901,4236,20,0
1901,1163,21,0
1901,3682,22,0
1901,2673,23,0
1901,2674,24,0
1901,2675,25,0
1901,1264,26,1
2000,3881,1,0
2000,3554,2,0
2000,3553,3,0
2000,3555,4,0
2000,3208,5,0
2000,3210,6,0
2000,3142,7,0
2000,3212,8,0
2000,3214,9,0
2000,3215,10,0
2000,3216,11,0
2000,3218,12,0
2000,3219,13,0
2000,3220,14,0
2000,3564,15,0
2000,3221,16,0
2000,3222,17,0
2000,3565,18,0
2000,3224,19,0
2000,3225,20,0
2000,3227,21,0
2000,3226,22,0
2000,1895,23,0
2000,1899,24,0
2000,3575,25,0
2000,1001,26,0
2000,1002,27,0
2000,1003,28,0
2000,1004,29,0
2000,1006,30,0
2000,5100,31,0
2000,1936,32,0
2000,2333,33,0
2000,2335,34,0
2000,2336,35,0
2000,1680,36,0
2000,1681,37,0
2000,1682,38,0
2000,1683,39,0
2000,1684,40,0
2000,2394,41,0
2000,1014,42,0
2000,1016,43,0
2000,1668,44,1
2001,1668,1,0
2001,1071,2,0
2001,3574,3,0
2001,2373,4,0
2001,2389,5,0
2001,3561,6,0
2001,2344,7,0
2001,2345,8,0
2001,2346,9,0
2001,1692,10,0
2001,2348,11,0
2001,1935,12,0
2001,1937,13,0
2001,5099,14,0
2001,5089,15,0
2001,1082,16,0
2001,1084,17,0
2001,1085,18,0
2001,1086,19,0
2001,1375,20,0
2001,1879,21,0
2001,1894,22,0
2001,1474,23,0
2001,3110,24,0
2001,3111,25,0
2001,3112,26,0
2001,3566,27,0
2001,3113,28,0
2001,3114,29,0
2001,3115,30,0
2001,3116,31,0
2001,3117,32,0
2001,3118,33,0
2001,3119,34,0
2001,3126,35,0
2001,3128,36,0
2001,3129,37,0
2001,3130,38,0
2001,3132,39,0
2001,3556,40,0
2001,3552,41,0
2001,1101,42,0
2001,3881,43,1
2100,3798,1,0
2100,4004,2,0
2100,2089,3,0
2100,3848,4,0
2100,2090,5,0
2100,3727,6,0
2100,3807,7,0
2100,2091,8,0
2100,3836,9,0
2100,3808,10,0
2100,2092,11,0
2100,4090,12,0
2100,2093,13,0
2100,2094,14,0
2100,3809,15,0
2100,3729,16,0
2100,3837,17,0
2100,3884,18,0
2100,3838,19,0
2100,3810,20,0
2100,3811,21,0
2100,3812,22,0
2100,3813,23,0
2100,3873,24,0
2100,3814,25,0
2100,3815,26,0
2100,3816,27,0
2100,3817,28,1
2101,3817,1,0
2101,3818,2,0
2101,3819,3,0
2101,3820,4,0
2101,3821,5,0
2101,3822,6,0
2101,3823,7,0
2101,3824,8,0
2101,3825,9,0
2101,3826,10,0
2101,3827,11,0
2101,3839,12,0
2101,3885,13,0
2101,3840,14,0
2101,3828,15,0
2101,3829,16,0
2101,3830,17,0
2101,4089,18,0
2101,3831,19,0
2101,3832,20,0
2101,3841,21,0
2101,3833,22,0
2101,3834,23,0
2101,3728,24,0
2101,2095,25,0
2101,3847,26,0
2101,1212,27,0
2101,3798,28,1
2200,1672,1,0
2200,1676,2,0
2200,2991,3,0
2200,2992,4,0
2200,2993,5,0
2200,2994,6,0
2200,2995,7,0
2200,2996,8,0
2200,2997,9,0
2200,2999,10,0
2200,3000,11,0
2200,3001,12,0
2200,3002,13,0
2200,2065,14,0
2200,3005,15,0
2200,2328,16,0
2200,2329,17,0
2200,2330,18,0
2200,2331,19,0
2200,2332,20,0
2200,3016,21,0
2200,2884,22,0
2200,1548,23,0
2200,3037,24,0
2200,1662,25,0
2200,3044,26,0
2200,1028,27,0
2200,2024,28,0
2200,1669,29,0
2200,1670,30,0
2200,1463,31,1
2201,1463,1,0
2201,1033,2,0
2201,2086,3,0
2201,3028,4,0
2201,1663,5,0
2201,3035,6,0
2201,1666,7,0
2201,2885,8,0
2201,2942,9,0
2201,2943,10,0
2201,2944,11,0
2201,2305,12,0
2201,2306,13,0
2201,2307,14,0
2201,2952,15,0
2201,2953,16,0
2201,2954,17,0
2201,2955,18,0
2201,2956,19,0
2201,2958,20,0
2201,2959,21,0
2201,2960,22,0
2201,2961,23,0
2201,2962,24,0
2201,2963,25,0
2201,1672,26,1
2300,3491,1,0
2300,1047,2,0
2300,1048,3,0
2300,1050,4,0
2300,1052,5,0
2300,3568,6,0
2300,1053,7,0
2300,3725,8,0
2300,2029,9,0
2300,2031,10,0
2300,2032,11,0
2300,2033,12,0
2300,2034,13,0
2300,2036,14,0
2300,2037,15,0
2300,2042,16,0
2300,2043,17,0
2300,3507,18,0
2300,2056,19,0
2300,1027,20,0
2300,3395,21,0
2300,1690,22,0
2300,2379,23,0
2300,2380,24,0
2300,2381,25,0
2300,1668,26,1
2301,1668,1,0
2301,2382,2,0
2301,2383,3,0
2301,2384,4,0
2301,1671,5,0
2301,1030,6,0
2301,1334,7,0
2301,1059,8,0
2301,2017,9,0
2301,1061,10,0
2301,1062,11,0
2301,2018,12,0
2301,2019,13,0
2301,1990,14,0
2301,1991,15,0
2301,1993,16,0
2301,2008,17,0
2301,2028,18,0
2301,2030,19,0
2301,3726,20,0
2301,1038,21,0
2301,3570,22,0
2301,3731,23,0
2301,3481,24,0
2301,1042,25,0
2301,1044,26,0
2301,3491,27,1
2600,1782,1,0
2600,1783,2,0
2600,1784,3,0
2600,1785,4,0
2600,1786,5,0
2600,1787,6,0
2600,1788,7,0
2600,2385,8,0
2600,2386,9,0
2600,2387,10,0
2600,2024,11,0
2600,1463,12,1
2601,1463,1,0
2601,1033,2,0
2601,2398,3,0
2601,2399,4,0
2601,1792,5,0
2601,1793,6,0
2601,1794,7,0
2601,1691,8,0
2601,1777,9,0
2601,1778,10,0
2601,1779,11,0
2601,1780,12,0
2601,1781,13,0
2601,3724,14,0
2601,1782,15,1
2700,3491,1,0
2700,1047,2,0
2700,4107,3,0
2700,1563,4,0
2700,1565,5,0
2700,1655,6,0
2700,1642,7,0
2700,1647,8,0
2700,1648,9,0
2700,1649,10,0
2700,1650,11,1
2701,1650,1,0
2701,1651,2,0
2701,1652,3,0
2701,1653,4,0
2701,2479,5,0
2701,1656,6,0
2701,1657,7,0
2701,1658,8,0
2701,1659,9,0
2701,1660,10,0
2701,1042,11,0
2701,1044,12,0
2701,3491,13,1
2800,3495,1,0
2800,2497,2,0
2800,2506,3,0
2800,2597,4,0
2800,2599,5,0
2800,2600,6,0
2800,2601,7,0
2800,2602,8,0
2800,2603,9,0
2800,2968,10,0
2800,2624,11,0
2800,2625,12,0
2800,2626,13,0
2800,2627,14,0
2800,2628,15,0
2800,2629,16,0
2800,2630,17,0
2800,1953,18,0
2800,2922,19,0
2800,1668,20,1
2801,1668,1,0
2801,2926,2,0
2801,2853,3,0
2801,2854,4,0
2801,2855,5,0
2801,2856,6,0
2801,2857,7,0
2801,2858,8,0
2801,2859,9,0
2801,2860,10,0
2801,2967,11,0
2801,2575,12,0
2801,2576,13,0
2801,2591,14,0
2801,2592,15,0
2801,2593,16,0
2801,2594,17,0
2801,2595,18,0
2801,3495,19,1
2900,4003,1,0
2900,1040,2,0
2900,1037,3,0
2900,3903,4,0
2900,3905,5,0
2900,3689,6,0
2900,3690,7,0
2900,3691,8,0
2900,3692,9,0
2900,3693,10,0
2900,3694,11,0
2900,3695,12,0
2900,3463,13,0
2900,3464,14,0
2900,3149,15,0
2900,3150,16,0
2900,3151,17,0
2900,3153,18,0
2900,3631,19,0
2900,2780,20,0
2900,1090,21,0
2900,3943,22,0
2900,3945,23,0
2900,2783,24,0
2900,3620,25,0
2900,2785,26,0
2900,2786,27,0
2900,2787,28,0
2900,2833,29,0
2900,4058,30,0
2900,4059,31,0
2900,4061,32,0
2900,2793,33,0
2900,2794,34,0
2900,2795,35,0
2900,3672,36,0
2900,3673,37,0
2900,3674,38,0
2900,2821,39,0
2900,3676,40,0
2900,2803,41,0
2900,2804,42,0
2900,2806,43,0
2900,2807,44,0
2900,2808,45,0
2900,3882,46,0
2900,1129,47,1
2901,1129,1,0
2901,2812,2,0
2901,2813,3,0
2901,2814,4,0
2901,2815,5,0
2901,2817,6,0
2901,3677,7,0
2901,3678,8,0
2901,2800,9,0
2901,3679,10,0
2901,3680,11,0
2901,4054,12,0
2901,2826,13,0
2901,2827,14,0
2901,4062,15,0
2901,4060,16,0
2901,4057,17,0
2901,2667,18,0
2901,2670,19,0
2901,2671,20,0
2901,1166,21,0
2901,3619,22,0
2901,2673,23,0
2901,2674,24,0
2901,2675,25,0
2901,2676,26,0
2901,2677,27,0
2901,3589,28,0
2901,3156,29,0
2901,3158,30,0
2901,3159,31,0
2901,3160,32,0
2901,3907,33,0
2901,1974,34,0
2901,1975,35,0
2901,1976,36,0
2901,1977,37,0
2901,1978,38,0
2901,1979,39,0
2901,4237,40,0
2901,3685,41,0
2901,3906,42,0
2901,3904,43,0
2901,1034,44,0
2901,3901,45,0
2901,4003,46,1
3000,1264,1,0
3000,1123,2,0
3000,2515,3,0
3000,2516,4,0
3000,2530,5,0
3000,2518,6,0
3000,2519,7,0
3000,1078,8,1
3100,4023,1,0
3100,1214,2,0
3100,4019,3,0
3100,4021,4,0
3100,4018,5,0
3100,4012,6,0
3100,4013,7,0
3100,4024,8,0
3100,4025,9,0
3100,1116,10,0
3100,1117,11,0
3100,1119,12,0
3100,1120,13,0
3100,3899,14,0
3100,1223,15,0
3100,3887,16,0
3100,2522,17,0
3100,2523,18,0
3100,2524,19,0
3100,2525,20,0
3100,2526,21,0
3100,3773,22,0
3100,3747,23,0
3100,3622,24,0
3100,3748,25,0
3100,2817,26,0
3100,3677,27,0
3100,2819,28,0
3100,3749,29,0
3100,1925,30,0
3100,1926,31,0
3100,1927,32,0
3100,1928,33,0
3100,1929,34,0
3100,3598,35,0
3100,3599,36,0
3100,3443,37,0
3100,1121,38,0
3100,4016,39,0
3100,4050,40,0
3100,3757,41,0
3100,3758,42,0
3100,3759,43,0
3100,2067,44,0
3100,1204,45,0
3100,3393,46,0
3100,4005,47,1
3101,4005,1,0
3101,1205,2,0
3101,1207,3,0
3101,1208,4,0
3101,1210,5,0
3101,3760,6,0
3101,3593,7,0
3101,4051,8,0
3101,3781,9,0
3101,1133,10,0
3101,3780,11,0
3101,3782,12,0
3101,3594,13,0
3101,3595,14,0
3101,2038,15,0
3101,2039,16,0
3101,2040,17,0
3101,2041,18,0
3101,3768,19,0
3101,3764,20,0
3101,2803,21,0
3101,3900,22,0
3101,3769,23,0
3101,3770,24,0
3101,3771,25,0
3101,3772,26,0
3101,4072,27,0
3101,2511,28,0
3101,2512,29,0
3101,2513,30,0
3101,2514,31,0
3101,3889,32,0
3101,1260,33,0
3101,2531,34,0
3101,1096,35,0
3101,1097,36,0
3101,1099,37,0
3101,4026,38,0
3101,1100,39,0
3101,1102,40,0
3101,1104,41,0
3101,1105,42,0
3101,4017,43,0
3101,4022,44,0
3101,4020,45,0
3101,1213,46,0
3101,4023,47,1
3300,1672,1,0
3300,1676,2,0
3300,2965,3,0
3300,2966,4,0
3300,3894,5,0
3300,3502,6,0
3300,3896,7,0
3300,3503,8,0
3300,3504,9,0
3300,3505,10,0
3300,3313,11,0
3300,3333,12,0
3300,3506,13,0
3300,3700,14,0
3300,3701,15,0
3300,3702,16,0
3300,3703,17,0
3300,3704,18,0
3300,3705,19,0
3300,3706,20,0
3300,3707,21,0
3300,3708,22,0
3300,3709,23,0
3300,3710,24,0
3300,3711,25,0
3300,2016,26,0
3300,1840,27,0
3300,1841,28,0
3300,1842,29,0
3300,1844,30,0
3300,1864,31,0
3300,1865,32,0
3300,1666,33,0
3300,1973,34,0
3300,1025,35,0
3300,1028,36,0
3300,2024,37,0
3300,2026,38,1
3301,2026,1,0
3301,2027,2,0
3301,2085,3,0
3301,1032,4,0
3301,1033,5,0
3301,2086,6,0
3301,2087,7,0
3301,2884,8,0
3301,1548,9,0
3301,1773,10,0
3301,1774,11,0
3301,1804,12,0
3301,1805,13,0
3301,1806,14,0
3301,1807,15,0
3301,4238,16,0
3301,3733,17,0
3301,3734,18,0
3301,3735,19,0
3301,3736,20,0
3301,3737,21,0
3301,3738,22,0
3301,3739,23,0
3301,3632,24,0
3301,3633,25,0
3301,3634,26,0
3301,3635,27,0
3301,3636,28,0
3301,3666,29,0
3301,3334,30,0
3301,3336,31,0
3301,3667,32,0
3301,3668,33,0
3301,3895,34,0
3301,3669,35,0
3301,3670,36,0
3301,2076,37,0
3301,2987,38,0
3301,2988,39,0
3301,3587,40,0
3301,1672,41,1
3400,3226,1,0
3400,2541,2,0
3400,2656,3,0
3400,2414,4,0
3400,2415,5,0
3400,2416,6,0
3400,3439,7,0
3400,3440,8,0
3400,3441,9,0
3400,3442,10,0
3400,3447,11,0
3400,3449,12,0
3400,3457,13,0
3400,3458,14,0
3400,3459,15,0
3400,3460,16,0
3400,3147,17,0
3400,3148,18,0
3400,3163,19,0
3400,3164,20,0
3400,3571,21,0
3400,3572,22,0
3400,4011,23,0
3400,3573,24,0
3400,3431,25,1
3401,3431,1,0
3401,3145,2,0
3401,3421,3,0
3401,3420,4,0
3401,3419,5,0
3401,3417,6,0
3401,3406,7,0
3401,3405,8,0
3401,3404,9,0
3401,3403,10,0
3401,3402,11,0
3401,2447,12,0
3401,2448,13,0
3401,2449,14,0
3401,1023,15,0
3401,1921,16,0
3401,1474,17,1
3500,1675,1,0
3500,1676,2,0
3500,3094,3,0
3500,3095,4,0
3500,3096,5,0
3500,3097,6,0
3500,3098,7,0
3500,3099,8,0
3500,3100,9,0
3500,2691,10,0
3500,3102,11,0
3500,3103,12,0
3500,2309,13,0
3500,2914,14,0
3500,2915,15,0
3500,2916,16,0
3500,1386,17,0
3500,2919,18,0
3500,2920,19,0
3500,1376,20,0
3500,1313,21,0
3500,1292,22,0
3500,3226,23,1
3501,1474,1,0
3501,1273,2,0
3501,1385,3,0
3501,2924,4,0
3501,2925,5,0
3501,1387,6,0
3501,2927,7,0
3501,2928,8,0
3501,2929,9,0
3501,2311,10,0
3501,3075,11,0
3501,3076,12,0
3501,2684,13,0
3501,3083,14,0
3501,3085,15,0
3501,2828,16,0
3501,2825,17,0
3501,3091,18,0
3501,3093,19,0
3501,2704,20,0
3501,1675,21,1
3600,3996,1,0
3600,3997,2,0
3600,2045,3,0
3600,2046,4,0
3600,2047,5,0
3600,2048,6,0
3600,2049,7,0
3600,2050,8,0
3600,3801,9,0
3600,3641,10,0
3600,1731,11,0
3600,1732,12,1
3601,1732,1,0
3601,1734,2,0
3601,1728,3,0
3601,3802,4,0
3601,3991,5,0
3601,3992,6,0
3601,3993,7,0
3601,3994,8,0
3601,3995,9,0
3601,3996,10,1
5000,1517,1,0
5000,1523,2,0
5000,4193,3,0
5000,4195,4,0
5000,4213,5,0
5000,4214,6,0
5000,4196,7,0
5000,4197,8,0
5000,4198,9,0
5000,4199,10,0
5000,2287,11,0
5000,2288,12,0
5000,2289,13,0
5000,4111,14,0
5000,4112,15,0
5000,4113,16,0
5000,4114,17,0
5000,4115,18,0
5000,4116,19,0
5000,4117,20,0
5000,4118,21,0
5000,2976,22,0
5000,2176,23,0
5000,2977,24,0
5000,2978,25,0
5000,2979,26,0
5000,2360,27,0
5000,4219,28,0
5000,1609,29,0
5000,1610,30,0
5000,1611,31,0
5000,1612,32,0
5000,1613,33,0
5000,1614,34,0
5000,1615,35,0
5000,1616,36,0
5000,1617,37,0
5000,1618,38,0
5000,1619,39,0
5000,1620,40,0
5000,1621,41,0
5000,1444,42,0
5000,3835,43,0
5000,1446,44,0
5000,1447,45,0
5000,1448,46,0
5000,1449,47,0
5000,1451,48,0
5000,3858,49,0
5000,1454,50,0
5000,1065,51,1
5001,1065,1,0
5001,1392,2,0
5001,1394,3,0
5001,1396,4,0
5001,1398,5,0
5001,1399,6,0
5001,1400,7,0
5001,1445,8,0
5001,1401,9,0
5001,1591,10,0
5001,1592,11,0
5001,1593,12,0
5001,1594,13,0
5001,1595,14,0
5001,3609,15,0
5001,1596,16,0
5001,1597,17,0
5001,2899,18,0
5001,2900,19,0
5001,1600,20,0
5001,1601,21,0
5001,1602,22,0
5001,4164,23,0
5001,2482,24,0
5001,2483,25,0
5001,2484,26,0
5001,2485,27,0
5001,2486,28,0
5001,4200,29,0
5001,4201,30,0
5001,4202,31,0
5001,2489,32,0
5001,2490,33,0
5001,4203,34,0
5001,4204,35,0
5001,4205,36,0
5001,2229,37,0
5001,2230,38,0
5001,2231,39,0
5001,4159,40,0
5001,4160,41,0
5001,2280,42,0
5001,4206,43,0
5001,4207,44,0
5001,4215,45,0
5001,4216,46,0
5001,4217,47,0
5001,4218,48,0
5001,2159,49,0
5001,1517,50,1
5100,1511,1,0
5100,1512,2,0
5100,5116,3,0
5100,1470,4,0
5100,1471,5,0
5100,1472,6,0
5100,6102,7,0
5100,1475,8,0
5100,3527,9,0
5100,1476,10,0
5100,1384,11,0
5100,6103,12,0
5100,4194,13,0
5100,6104,14,0
5100,1477,15,0
5100,1478,16,0
5100,1479,17,0
5100,1480,18,0
5100,1409,19,0
5100,6105,20,0
5100,1482,21,0
5100,1483,22,0
5100,1278,23,0
5100,1254,24,0
5100,1235,25,0
5100,3511,26,0
5100,1236,27,0
5100,3540,28,0
5100,1300,29,0
5100,1301,30,0
5100,1302,31,0
5100,1303,32,0
5100,1304,33,0
5100,1305,34,0
5100,1306,35,0
5100,1246,36,0
5100,3852,37,0
5100,3853,38,0
5100,3854,39,0
5100,3855,40,0
5100,3856,41,0
5100,3541,42,0
5100,1307,43,1
5100,1276,44,0
5100,1294,45,0
5100,1295,46,0
5100,1297,47,0
5100,1298,48,0
5100,2107,49,0
5100,3922,50,0
5100,3923,51,0
5100,3924,52,0
5100,3925,53,0
5100,3926,54,0
5100,1247,55,0
5100,1248,56,0
5100,1249,57,0
5100,1237,58,0
5100,1238,59,0
5100,1239,60,0
5100,1240,61,0
5100,1241,62,0
5100,1242,63,0
5100,1243,64,0
5100,3542,65,0
5100,1244,66,0
5100,3512,67,0
5100,3930,68,0
5100,3931,69,0
5100,3932,70,0
5100,3411,71,1
5101,3411,1,0
5101,1265,2,0
5101,1266,3,0
5101,1267,4,0
5101,1268,5,0
5101,2106,6,0
5101,1484,7,0
5101,1315,8,0
5101,1316,9,0
5101,1317,10,0
5101,1307,11,0
5101,1308,12,0
5101,1250,13,0
5101,1251,14,0
5101,1252,15,0
5101,1274,16,0
5101,1253,17,0
5101,1278,18,0
5101,1456,19,0
5101,1457,20,0
5101,6023,21,0
5101,1459,22,0
5101,1486,23,0
5101,1426,24,0
5101,1427,25,0
5101,6020,26,0
5101,4158,27,0
5101,6021,28,0
5101,3539,29,0
5101,1460,30,0
5101,1461,31,0
5101,1462,32,0
5101,6022,33,0
5101,1464,34,0
5101,1465,35,0
5101,1466,36,0
5101,1467,37,0
5101,1512,38,1
5101,1511,39,1
5300,1518,1,0
5300,1523,2,0
5300,1524,3,0
5300,1525,4,0
5300,2269,5,0
5300,2270,6,0
5300,4122,7,0
5300,4123,8,0
5300,4124,9,0
5300,4125,10,0
5300,4126,11,0
5300,4127,12,0
5300,4128,13,0
5300,4129,14,0
5300,1031,15,0
5300,4130,16,0
5300,1529,17,0
5300,1530,18,0
5300,4131,19,0
5300,1532,20,0
5300,1533,21,0
5300,1534,22,0
5300,1535,23,0
5300,1537,24,0
5300,1245,25,0
5300,1538,26,0
5300,2652,27,0
5300,1539,28,0
5300,1540,29,0
5300,1541,30,0
5300,4145,31,0
5300,3660,32,0
5300,1543,33,0
5300,1351,34,0
5300,1353,35,0
5300,4146,36,0
5300,1320,37,0
5300,1066,38,1
5301,1066,1,0
5301,4147,2,0
5301,1275,3,0
5301,1328,4,0
5301,1311,5,0
5301,1011,6,0
5301,4176,7,0
5301,1491,8,0
5301,1492,9,0
5301,1494,10,0
5301,1495,11,0
5301,2655,12,0
5301,2113,13,0
5301,2114,14,0
5301,1496,15,0
5301,1497,16,0
5301,1499,17,0
5301,1500,18,0
5301,1501,19,0
5301,1502,20,0
5301,1503,21,0
5301,1504,22,0
5301,4132,23,0
5301,2174,24,0
5301,2175,25,0
5301,2218,26,0
5301,2219,27,0
5301,2293,28,0
5301,2294,29,0
5301,2181,30,0
5301,2182,31,0
5301,2183,32,0
5301,2184,33,0
5301,4133,34,0
5301,2185,35,0
5301,1509,36,0
5301,1510,37,0
5301,2159,38,0
5301,1518,39,1
5500,2390,1,0
5500,2391,2,0
5500,2392,3,0
5500,2254,4,0
5500,2255,5,0
5500,2256,6,0
5500,2257,7,0
5500,2641,8,0
5500,2642,9,0
5500,2643,10,0
5500,2644,11,0
5500,2155,12,0
5500,2156,13,0
5500,2157,14,0
5500,2158,15,0
5500,2378,16,0
5500,3077,17,0
5500,3078,18,0
5500,3079,19,0
5500,3080,20,0
5500,3081,21,0
5500,3082,22,0
5500,2206,23,0
5500,2207,24,0
5500,2208,25,0
5500,2209,26,0
5500,2210,27,0
5500,2211,28,0
5500,2268,29,0
5500,2212,30,0
5500,1520,31,1
5501,1520,1,0
5501,2186,2,0
5501,2245,3,0
5501,2246,4,0
5501,3261,5,0
5501,3262,6,0
5501,3263,7,0
5501,2139,8,0
5501,2140,9,0
5501,2141,10,0
5501,2142,11,0
5501,2143,12,0
5501,2144,13,0
5501,2145,14,0
5501,2390,15,1
5501,1938,16,0
5501,2127,17,0
5501,2128,18,0
5501,2129,19,0
5501,2321,20,0
5501,2322,21,0
5501,2323,22,0
5501,2324,23,0
5501,2325,24,0
5501,2326,25,0
5501,2374,26,0
5501,2375,27,0
5501,2376,28,0
5501,2377,29,0
5501,2378,30,1
5600,1066,1,0
5600,1477,2,0
5600,1478,3,0
5600,4161,4,0
5600,1429,5,0
5600,1430,6,0
5600,3280,7,0
5600,1431,8,0
5600,1432,9,0
5600,1433,10,0
5600,3519,11,0
5600,1282,12,0
5600,1283,13,0
5600,1284,14,0
5600,4121,15,0
5600,4154,16,0
5600,4156,17,0
5600,1588,18,0
5600,1589,19,0
5600,1443,20,0
5600,4157,21,0
5600,1402,22,0
5600,1403,23,0
5600,1404,24,0
5600,1405,25,0
5600,1407,26,0
5600,1408,27,0
5600,1410,28,1
5601,1410,1,0
5601,1411,2,0
5601,1412,3,0
5601,1413,4,0
5601,1414,5,0
5601,1416,6,0
5601,3522,7,0
5601,1289,8,0
5601,1290,9,0
5601,1417,10,0
5601,1418,11,0
5601,1419,12,0
5601,1420,13,0
5601,1421,14,0
5601,1422,15,0
5601,1423,16,0
5601,1424,17,0
5601,1425,18,0
5601,1426,19,0
5601,1427,20,0
5601,1066,21,1
5700,1732,1,0
5700,1734,2,0
5700,1728,3,0
5700,3388,4,0
5700,3888,5,0
5700,3525,6,0
5700,1685,7,0
5700,1688,8,0
5700,2343,9,0
5700,2342,10,0
5700,2341,11,0
5700,2340,12,0
5700,2197,13,0
5700,2198,14,0
5700,2199,15,0
5700,2200,16,0
5700,2607,17,0
5700,2608,18,0
5700,2620,19,0
5700,2632,20,0
5700,2212,21,0
5700,1522,22,1
5701,1522,1,0
5701,2186,2,0
5701,2187,3,0
5701,2188,4,0
5701,2189,5,0
5701,2190,6,0
5701,2191,7,0
5701,2192,8,0
5701,1232,9,0
5701,1233,10,0
5701,1234,11,0
5701,3805,12,0
5701,3792,13,0
5701,1687,14,0
5701,1686,15,0
5701,3524,16,0
5701,3888,17,0
5701,3883,18,0
5701,3641,19,0
5701,1731,20,0
5701,1732,21,1
5800,1516,1,0
5800,1605,2,0
5800,1606,3,0
5800,1608,4,0
5800,2098,5,0
5800,4134,6,0
5800,4135,7,0
5800,4136,8,0
5800,4137,9,0
5800,4138,10,0
5800,4139,11,0
5800,4140,12,0
5800,4141,13,0
5800,4142,14,0
5800,4143,15,0
5800,4144,16,0
5800,3660,17,0
5800,1543,18,0
5800,1351,19,0
5800,1353,20,0
5800,4146,21,0
5800,1320,22,0
5800,1066,23,1
5801,1066,1,0
5801,4147,2,0
5801,1275,3,0
5801,1328,4,0
5801,1311,5,0
5801,1011,6,0
5801,4176,7,0
5801,1378,8,0
5801,1379,9,0
5801,1380,10,0
5801,1381,11,0
5801,4148,12,0
5801,1362,13,0
5801,2108,14,0
5801,2109,15,0
5801,2110,16,0
5801,2111,17,0
5801,4149,18,0
5801,4150,19,0
5801,1603,20,0
5801,4152,21,0
5801,3536,22,0
5801,1516,23,1
6000,1065,1,0
6000,4182,2,0
6000,4183,3,0
6000,1280,4,0
6000,4212,5,0
6000,4170,6,0
6000,4171,7,0
6000,1367,8,0
6000,1368,9,0
6000,1369,10,0
6000,1355,11,0
6000,1370,12,0
6000,4172,13,0
6000,4173,14,1
6001,4173,1,0
6001,4175,2,0
6001,4235,3,0
6001,1354,4,0
6001,1356,5,0
6001,1357,6,0
6001,4093,7,0
6001,1279,8,0
6001,1358,9,0
6001,4208,10,0
6001,1065,11,1
6100,1732,1,0
6100,1734,2,0
6100,1728,3,0
6100,3388,4,0
6100,3888,5,0
6100,3525,6,0
6100,3562,7,0
6100,1630,8,0
6100,1631,9,0
6100,1632,10,0
6100,1633,11,0
6100,4104,12,0
6100,3003,13,0
6100,1584,14,0
6100,1585,15,0
6100,1586,16,0
6100,1587,17,0
6100,1588,18,0
6100,1589,19,0
6100,1443,20,0
6100,1444,21,0
6100,3835,22,0
6100,2327,23,0
6100,3877,24,0
6100,1054,25,0
6100,3851,26,0
6100,3806,27,0
6100,1063,28,1
6101,1063,1,0
6101,1321,2,0
6101,3850,3,0
6101,1051,4,0
6101,3878,5,0
6101,2313,6,0
6101,1445,7,0
6101,1401,8,0
6101,1623,9,0
6101,1624,10,0
6101,1625,11,0
6101,1455,12,0
6101,1626,13,0
6101,1627,14,0
6101,1628,15,0
6101,1576,16,0
6101,1577,17,0
6101,1578,18,0
6101,1580,19,0
6101,3515,20,0
6101,3516,21,0
6101,3524,22,0
6101,3888,23,0
6101,3883,24,0
6101,3641,25,0
6101,1731,26,0
6101,1732,27,1
6201,1572,1,0
6201,3939,2,0
6201,2310,3,0
6201,3940,4,0
6201,2312,5,0
6201,3859,6,0
6201,4222,7,0
6201,4224,8,0
6201,4225,9,0
6201,4226,10,0
6201,3646,11,0
6201,3647,12,0
6201,1169,13,0
6201,3648,14,0
6201,3649,15,0
6201,1035,16,0
6201,2317,17,0
6201,3531,18,0
6201,2318,19,0
6300,1519,1,0
6300,1523,2,0
6300,4163,3,0
6300,4209,4,0
6300,2274,5,0
6300,2275,6,0
6300,2276,7,0
6300,4124,8,0
6300,4125,9,0
6300,4119,10,0
6300,2295,11,0
6300,4120,12,0
6300,2297,13,0
6300,2298,14,0
6300,4220,15,0
6300,2165,16,1
6301,2165,1,0
6301,2166,2,0
6301,4221,3,0
6301,2167,4,0
6301,2168,5,0
6301,2169,6,0
6301,2170,7,0
6301,2171,8,0
6301,2172,9,0
6301,2173,10,0
6301,1504,11,0
6301,1505,12,0
6301,1506,13,0
6301,1507,14,0
6301,2301,15,0
6301,2302,16,0
6301,2304,17,0
6301,2125,18,0
6301,1519,19,1
6500,1063,1,0
6500,4147,2,0
6500,1275,3,0
6500,3845,4,0
6500,1170,5,0
6500,1280,6,0
6500,4212,7,0
6500,4170,8,0
6500,1345,9,0
6500,1346,10,0
6500,1347,11,0
6500,1348,12,0
6500,1349,13,0
6500,4041,14,0
6500,1350,15,0
6500,3394,16,0
6500,3396,17,0
6500,3397,18,0
6500,4184,19,0
6500,4185,20,0
6500,4186,21,1
6501,4186,1,0
6501,4187,2,0
6501,4188,3,0
6501,4189,4,0
6501,4190,5,0
6501,4191,6,0
6501,4192,7,0
6501,1371,8,0
6501,1372,9,0
6501,1373,10,0
6501,1374,11,0
6501,1356,12,0
6501,1357,13,0
6501,4093,14,0
6501,1279,15,0
6501,1318,16,0
6501,1319,17,0
6501,4146,18,0
6501,1320,19,0
6501,1063,20,1
6700,1066,1,0
6700,4147,2,0
6700,3986,3,0
6700,3985,4,0
6700,3984,5,0
6700,3983,6,0
6700,3982,7,0
6700,3981,8,0
6700,3980,9,0
6700,3979,10,0
6700,3978,11,0
6700,3977,12,0
6700,3976,13,0
6700,3975,14,0
6700,3974,15,0
6700,3973,16,0
6700,3972,17,0
6700,3960,18,0
6700,3971,19,0
6700,3970,20,0
6700,3968,21,0
6700,4179,22,0
6700,3967,23,0
6700,2648,24,0
6700,3508,25,0
6700,3509,26,0
6700,3510,27,0
6700,1282,28,0
6700,1283,29,0
6700,1284,30,0
6700,1435,31,0
6700,1436,32,0
6700,1627,33,0
6700,1628,34,0
6700,3934,35,0
6700,3742,36,0
6700,3935,37,0
6700,3936,38,0
6700,3937,39,0
6700,2318,40,0
6700,1572,41,1
6701,1572,1,0
6701,3939,2,0
6701,2310,3,0
6701,3940,4,0
6701,2312,5,0
6701,3941,6,0
6701,3942,7,0
6701,1584,8,0
6701,2393,9,0
6701,2789,10,0
6701,2790,11,0
6701,1289,12,0
6701,1290,13,0
6701,2650,14,0
6701,2791,15,0
6701,2792,16,0
6701,1325,17,0
6701,3600,18,0
6701,2647,19,0
6701,1326,20,0
6701,1327,21,0
6701,3543,22,0
6701,3514,23,0
6701,1329,24,0
6701,1330,25,0
6701,1331,26,0
6701,3989,27,0
6701,3988,28,0
6701,3987,29,0
6701,1332,30,0
6701,1333,31,0
6701,3546,32,0
6701,1335,33,0
6701,1336,34,0
6701,3547,35,0
6701,1337,36,0
6701,1338,37,0
6701,1339,38,0
6701,1340,39,0
6701,4146,40,0
6701,1320,41,0
6701,1066,42,1
7600,1732,1,0
7600,1734,2,0
7600,1728,3,0
7600,3959,4,0
7600,3958,5,0
7600,3957,6,0
7600,3953,7,0
7600,3956,8,0
7600,3955,9,0
7600,3954,10,0
7600,1823,11,0
7600,1745,12,0
7600,1824,13,0
7600,2052,14,0
7600,1828,15,0
7600,1829,16,0
7600,1830,17,1
7601,1830,1,0
7601,3746,2,0
7601,1831,3,0
7601,3961,4,0
7601,3962,5,0
7601,3963,6,0
7601,3999,7,0
7601,3964,8,0
7601,3965,9,0
7601,3966,10,0
7601,3641,11,0
7601,1731,12,0
7601,1732,13,1
7700,7033,1,0
7700,7025,2,0
7700,7023,3,0
7700,7021,4,0
7700,7019,5,0
7700,7017,6,0
7700,7035,7,0
7700,7010,8,0
7700,7008,9,0
7700,7007,10,0
7700,7005,11,0
7700,7003,12,0
7700,7039,13,0
7700,7001,14,0
7700,7040,15,0
7700,1203,16,0
7700,4002,17,1
7701,4002,1,0
7701,1180,2,0
7701,7037,3,0
7701,7041,4,0
7701,7000,5,0
7701,7038,6,0
7701,7002,7,0
7701,7004,8,0
7701,7006,9,0
7701,7008,10,0
7701,7009,11,0
7701,7011,12,0
7701,7016,13,0
7701,7018,14,0
7701,7020,15,0
7701,7022,16,0
7701,7024,17,0
7701,7033,18,1
7800,1572,1,0
7800,2314,2,0
7800,2315,3,0
7800,4227,4,0
7800,4228,5,0
7800,4229,6,0
7800,2747,7,1
7801,2747,1,0
7801,4231,2,0
7801,4232,3,0
7801,4233,4,0
7801,4286,5,0
7801,3286,6,0
7801,1572,7,1
9100,1089,1,0
9100,1313,2,0
9100,1893,3,0
9100,1896,4,0
9100,1897,5,0
9100,1898,6,0
9100,1900,7,0
9100,1902,8,0
9100,1904,9,0
9100,1907,10,0
9100,1909,11,0
9100,1910,12,0
9100,1911,13,0
9100,1166,14,0
9100,1167,15,0
9100,1168,16,0
9100,1171,17,0
9100,1172,18,0
9100,1173,19,0
9100,1174,20,0
9100,1175,21,0
9100,1176,22,0
9100,1177,23,0
9100,1178,24,0
9100,3627,25,0
9100,3868,26,0
9100,3869,27,0
9100,3629,28,0
9100,3870,29,0
9100,3872,30,0
9100,1223,31,1
9101,1223,1,0
9101,3943,2,0
9101,3945,3,0
9101,2783,4,0
9101,3620,5,0
9101,2533,6,0
9101,3581,7,0
9101,2535,8,0
9101,1957,9,0
9101,4048,10,0
9101,1959,11,0
9101,2536,12,0
9101,2538,13,0
9101,2540,14,0
9101,2542,15,0
9101,2543,16,0
9101,2544,17,0
9101,1901,18,0
9101,2457,19,0
9101,2458,20,0
9101,2562,21,0
9101,2561,22,0
9101,1089,23,1
20100,1732,1,0
20100,1728,2,0
20100,2053,3,0
20100,1756,4,0
20100,1758,5,0
20100,2055,6,0
20100,2054,7,0
20100,2351,8,0
20100,1033,9,0
20100,2086,10,0
20100,2885,11,0
20100,2888,12,0
20100,3189,13,0
20100,3895,14,0
20100,3893,15,0
20100,2969,16,0
20100,2971,17,0
20100,2986,18,0
20100,3891,19,0
20100,3143,20,0
20100,3144,21,0
20100,3146,22,0
20100,1992,23,0
20100,1972,24,0
20100,3465,25,0
20100,3890,26,0
20100,1117,27,0
20100,3899,28,0
20100,1223,29,0
20100,3887,30,0
20100,2524,31,0
20100,4073,32,0
20100,1916,33,0
20100,1918,34,0
20100,1127,35,1
20101,1127,1,0
20101,2505,2,0
20101,2508,3,0
20101,4072,4,0
20101,2512,5,0
20101,3889,6,0
20101,1260,7,0
20101,2531,8,0
20101,1099,9,0
20101,3445,10,0
20101,3162,11,0
20101,3590,12,0
20101,3165,13,0
20101,3167,14,0
20101,3169,15,0
20101,3170,16,0
20101,3892,17,0
20101,2981,18,0
20101,2983,19,0
20101,2985,20,0
20101,3894,21,0
20101,2065,22,0
20101,3004,23,0
20101,2881,24,0
20101,1973,25,0
20101,1028,26,0
20101,2024,27,0
20101,1458,28,0
20101,1857,29,0
20101,1860,30,0
20101,1703,31,0
20101,1859,32,0
20101,2052,33,0
20101,3641,34,0
20101,1732,35,1
20200,4001,1,0
20200,3903,2,0
20200,3905,3,0
20200,1983,4,0
20200,1994,5,0
20200,1997,6,0
20200,4053,7,0
20200,2778,8,0
20200,2780,9,0
20200,1090,10,0
20200,3943,11,0
20200,3620,12,0
20200,2785,13,0
20200,2787,14,0
20200,2788,15,0
20200,4052,16,0
20200,4055,17,0
20200,3665,18,0
20200,4047,19,0
20200,2035,20,0
20200,3750,21,0
20200,3752,22,0
20200,3842,23,0
20200,3755,24,0
20200,3756,25,0
20200,4043,26,0
20200,3799,27,1
20201,3799,1,0
20201,4042,2,0
20201,3761,3,0
20201,3762,4,0
20201,3763,5,0
20201,3765,6,0
20201,3766,7,0
20201,1931,8,0
20201,4046,9,0
20201,3671,10,0
20201,4054,11,0
20201,4049,12,0
20201,2832,13,0
20201,2670,14,0
20201,1166,15,0
20201,3619,16,0
20201,2675,17,0
20201,2676,18,0
20201,2679,19,0
20201,1966,20,0
20201,1969,21,0
20201,4056,22,0
20201,3687,23,0
20201,3906,24,0
20201,3904,25,0
20201,4001,26,1
20300,1065,1,0
20300,3845,2,0
20300,1170,3,0
20300,1280,4,0
20300,3660,5,0
20300,1544,6,0
20300,1546,7,0
20300,1547,8,0
20300,1549,9,0
20300,1550,10,0
20300,2107,11,0
20300,1258,12,0
20300,1259,13,0
20300,1281,14,0
20300,1299,15,0
20300,1300,16,0
20300,1291,17,0
20300,4100,18,0
20300,4102,19,0
20300,1020,20,0
20300,3649,21,0
20300,1035,22,0
20300,3531,23,0
20300,2318,24,0
20300,1572,25,1
20300,1569,26,0
20300,1573,27,0
20300,1574,28,0
20300,4223,29,0
20300,3641,30,0
20300,1732,31,1
20301,1732,1,0
20301,1728,2,0
20301,3888,3,0
20301,1636,4,0
20301,1638,5,0
20301,1572,6,0
20301,1288,7,0
20301,1287,8,0
20301,1036,9,0
20301,3849,10,0
20301,1021,11,0
20301,4103,12,0
20301,4101,13,0
20301,1296,14,0
20301,1308,15,0
20301,1309,16,0
20301,1310,17,0
20301,3857,18,0
20301,1312,19,0
20301,2106,20,0
20301,1484,21,0
20301,1485,22,0
20301,1487,23,0
20301,1488,24,0
20301,1490,25,0
20301,1357,26,0
20301,1279,27,0
20301,1358,28,0
20301,1065,29,1
20400,4000,1,0
20400,1095,2,0
20400,1180,3,0
20400,2669,4,0
20400,1211,5,0
20400,1406,6,0
20400,3173,7,0
20400,3175,8,0
20400,3389,9,0
20400,3390,10,0
20400,3391,11,0
20400,1982,12,0
20400,2706,13,0
20400,1377,14,0
20400,1000,15,0
20400,1879,16,0
20400,1893,17,0
20400,2541,18,0
20400,1903,19,0
20400,1923,20,0
20400,1987,21,0
20400,1936,22,0
20400,2333,23,0
20400,2337,24,0
20400,2339,25,0
20400,1932,26,0
20400,1679,27,0
20400,1057,28,1
20401,1277,1,0
20401,1677,2,0
20401,1933,3,0
20401,1678,4,0
20401,1692,5,0
20401,1935,6,0
20401,1937,7,0
20401,2352,8,0
20401,1924,9,0
20401,1912,10,0
20401,1921,11,0
20401,1474,12,0
20401,1899,13,0
20401,1088,14,0
20401,1089,15,0
20401,2754,16,0
20401,2755,17,0
20401,3356,18,0
20401,3357,19,0
20401,3198,20,0
20401,3199,21,0
20401,1716,22,0
20401,1654,23,0
20401,1314,24,0
20401,2672,25,0
20401,1203,26,0
20401,1101,27,0
20401,4000,28,1
20500,1675,1,0
20500,4096,2,0
20500,4094,3,0
20500,4092,4,0
20500,2906,5,0
20500,2907,6,0
20500,1440,7,0
20500,2748,8,0
20500,1391,9,0
20500,1939,10,0
20500,2851,11,0
20500,1953,12,0
20500,4098,13,0
20500,1671,14,0
20500,1277,15,1
20501,1057,1,0
20501,1690,2,0
20501,4097,3,0
20501,1940,4,0
20501,2633,5,0
20501,2635,6,0
20501,1390,7,0
20501,1481,8,0
20501,1434,9,0
20501,2937,10,0
20501,3229,11,0
20501,4091,12,0
20501,4299,13,0
20501,4095,14,0
20501,1675,15,1
20600,2250,1,0
20600,4105,2,0
20600,4106,3,0
20600,2134,4,0
20600,2136,5,0
20600,2267,6,0
20600,3861,7,0
20600,3862,8,0
20600,1515,9,0
20600,1605,10,0
20600,1608,11,0
20600,1612,12,0
20600,1615,13,0
20600,1622,14,0
20600,1624,15,0
20600,1455,16,0
20600,1627,17,0
20600,1635,18,0
20600,1636,19,0
20600,1638,20,0
20600,1590,21,0
20600,1640,22,0
20600,1043,23,0
20600,3488,24,1
20601,3488,1,0
20601,1567,2,0
20601,1569,3,0
20601,1573,4,0
20601,1574,5,0
20601,4223,6,0
20601,4104,7,0
20601,1585,8,0
20601,1587,9,0
20601,1589,10,0
20601,1591,11,0
20601,1597,12,0
20601,1600,13,0
20601,1603,14,0
20601,3536,15,0
20601,1521,16,0
20601,3863,17,0
20601,3864,18,0
20601,2249,19,0
20601,2290,20,0
20601,2250,21,1
30200,6101,1,0
30200,6102,2,0
30200,6103,3,0
30200,6104,4,0
30200,6105,5,0
30200,6107,6,0
30200,6024,7,1
30201,6024,1,0
30201,6017,2,0
30201,6019,3,0
30201,6020,4,0
30201,6021,5,0
30201,6022,6,0
30201,6101,7,1
