1300,'13-Holiday1-10000001',800,,13685,1,,,1,100,,13686,1,,,1,100,,13687,1,,,1,100,,13688,1,,,1,100,,13689,1,,,1,100,,13690,1,,,1,100,,13691,1,,,1,100,,13692,1,,,1,100,,13693,1,,,1,100,,13694,1,,,1,100,,13695,1,,,1,100,,13696,1,,,1,100,,13697,1,,,1,100,,13698,1,,,1,100,,13699,1,,,1,100,,13700,1,,,1
1300,'13-Saturday-10000010',700,,13702,1,,,1,30,,13703,1,,,1,70,,13704,1,,,1,30,,13705,1,,,1,70,,13706,1,,,1,30,,13707,1,,,1,70,,13708,1,,,1,30,,13709,1,,,1,70,,13710,1,,,1,30,,13711,1,,,1,70,,13712,1,,,1,30,,13713,1,,,1,70,,13714,1,,,1,30,,13715,1,,,1,70,,13701,1,,,1,30,,13716,1,,,1,70,,13717,1,,,1,30,,13718,1,,,1,70,,13719,1,,,1,30,,13720,1,,,1,70,,13721,1,,,1,30,,13722,1,,,1,70,,13723,1,,,1,30,,13724,1,,,1,70,,13725,1,,,1,30,,13726,1,,,1,70,,13727,1,,,1,30,,13728,1,,,1,70,,13729,1,,,1,30,,13730,1,,,1,70,,13731,1,,,1,30,,13732,1,,,1,70,,13733,1,,,1,30,,13734,1,,,1,70,,13735,1,,,1
1300,'13-Sunday-10000001',800,,13737,1,,,1,30,,13736,1,,,1,70,,13738,1,,,1,30,,13739,1,,,1,70,,13740,1,,,1,30,,13741,1,,,1,70,,13742,1,,,1,30,,13743,1,,,1,70,,13744,1,,,1,30,,13745,1,,,1,70,,13746,1,,,1,30,,13747,1,,,1,70,,13748,1,,,1,30,,13749,1,,,1,70,,13750,1,,,1,30,,13751,1,,,1,70,,13752,1,,,1,30,,13753,1,,,1,70,,13754,1,,,1,30,,13755,1,,,1,70,,13756,1,,,1,30,,13757,1,,,1,70,,13758,1,,,1,30,,13759,1,,,1,70,,13760,1,,,1,30,,13761,1,,,1,70,,13762,1,,,1,30,,13763,1,,,1,70,,13764,1,,,1,30,,13765,1,,,1,70,,13766,1,,,1
1300,'13-Weekday-11111100',530,,13792,1,,,1,70,,13767,1,,,1,30,,13768,1,,,1,70,,13769,1,,,1,30,,13770,1,,,1,15,,13805,1,,,1,55,,13771,1,,,1,30,,13772,1,,,1,70,,13773,1,,,1,30,,13774,1,,,1,70,,13775,1,,,1,30,,13776,1,,,1,70,,13777,1,,,1,30,,13778,1,,,1,70,,13779,1,,,1,30,,13780,1,,,1,70,,13781,1,,,1,30,,13782,1,,,1,70,,13783,1,,,1,30,,13784,1,,,1,70,,13785,1,,,1,30,,13786,1,,,1,70,,13787,1,,,1,30,,13788,1,,,1,70,,13789,1,,,1,30,,13790,1,,,1,70,,13791,1,,,1,30,,13797,1,,,1,70,,13798,1,,,1,30,,13799,1,,,1,70,,13800,1,,,1,30,,13801,1,,,1,70,,13802,1,,,1,30,,13803,1,,,1,70,,13804,1,,,1,30,,13793,1,,,1,70,,13795,1,,,1,30,,13794,1,,,1,70,,13796,1,,,1
1301,'13-Holiday1-10000001',847,,13807,30,4,,1,100,,13808,30,4,,1,102,,13809,30,4,,1,100,,13810,30,4,,1,100,,13811,30,4,,1,100,,13812,30,4,,1,100,,13813,30,4,,1,100,,13814,30,4,,1,100,,13815,30,4,,1,100,,13816,30,4,,1,98,,13817,30,4,,1,100,,13818,30,4,,1,100,,13819,30,4,,1,100,,13820,30,4,,1,100,,13821,30,4,,1,100,,13822,30,4,,1
1301,'13-Saturday-10000010',719,,13824,30,4,,1,30,,13825,30,4,,1,70,,13826,30,4,,1,30,,13827,30,4,,1,70,,13828,30,4,,1,31,,13829,30,4,,1,70,,13830,30,4,,1,30,,13831,30,4,,1,70,,13832,30,4,,1,30,,13833,30,4,,1,70,,13823,30,4,,1,30,,13834,30,4,,1,70,,13835,30,4,,1,30,,13836,30,4,,1,70,,13837,30,4,,1,30,,13838,30,4,,1,70,,13839,30,4,,1,30,,13840,30,4,,1,70,,13841,30,4,,1,30,,13842,30,4,,1,70,,13843,30,4,,1,30,,13844,30,4,,1,70,,13845,30,4,,1,29,,13846,30,4,,1,70,,13847,30,4,,1,30,,13848,30,4,,1,70,,13856,30,4,,1,30,,13849,30,4,,1,70,,13850,30,4,,1,30,,13851,30,4,,1,70,,13852,30,4,,1,30,,13853,30,4,,1,70,,13854,30,4,,1,30,,13855,30,4,,1,70,,13857,30,4,,1
1301,'13-Sunday-10000001',817,,13890,30,4,,1,30,,13858,30,4,,1,70,,13859,30,4,,1,30,,13860,30,4,,1,72,,13861,30,4,,1,30,,13862,30,4,,1,70,,13863,30,4,,1,30,,13864,30,4,,1,70,,13865,30,4,,1,30,,13866,30,4,,1,70,,13867,30,4,,1,30,,13868,30,4,,1,70,,13869,30,4,,1,30,,13870,30,4,,1,70,,13871,30,4,,1,30,,13872,30,4,,1,70,,13873,30,4,,1,30,,13874,30,4,,1,70,,13875,30,4,,1,30,,13876,30,4,,1,68,,13877,30,4,,1,30,,13878,30,4,,1,70,,13879,30,4,,1,30,,13880,30,4,,1,70,,13881,30,4,,1,30,,13882,30,4,,1,70,,13883,30,4,,1,30,,13884,30,4,,1,70,,13885,30,4,,1,30,,13886,30,4,,1,70,,13887,30,4,,1,30,,13888,30,4,,1,70,,13889,30,4,,1
1301,'13-Weekday-11111100',616,,13921,30,4,,1,28,,13924,30,4,,1,14,,13927,30,4,,1,75,,13916,30,4,,1,75,,13915,30,4,,1,36,,13891,30,4,,1,72,,13892,30,4,,1,28,,13893,30,4,,1,73,,13894,30,4,,1,28,,13895,30,4,,1,68,,13896,30,4,,1,32,,13897,30,4,,1,68,,13898,30,4,,1,32,,13899,30,4,,1,68,,13900,30,4,,1,32,,13901,30,4,,1,68,,13902,30,4,,1,35,,13903,30,4,,1,10,,13928,17,4,,1,44,,13929,30,4,,1,16,,13904,30,4,,1,32,,13905,30,4,,1,70,,13917,30,4,,1,33,,13906,30,4,,1,67,,13907,30,4,,1,33,,13914,30,4,,1,63,,13908,30,4,,1,29,,13909,30,4,,1,80,,13910,30,4,,1,30,,13911,30,4,,1,70,,13923,30,4,,1,30,,13922,30,4,,1,70,,13912,30,4,,1,30,,13913,30,4,,1,69,,13918,30,4,,1,27,,13926,30,4,,1,70,,13919,30,4,,1,30,,13920,30,4,,1,70,,13925,30,4,,1
7700,'77-Weekday-11111100',655,,19148,17,4,,1,80,,19149,17,4,,1,80,,19150,17,4,,1,40,,19151,17,4,,1,80,,19152,17,4,,1,80,,19153,17,4,,1,40,,19154,17,4,,1,80,,19155,17,4,,1,80,,19156,17,4,,1,200,,19157,17,4,,1,40,,19158,17,4,,1,80,,19159,17,4,,1,80,,19160,17,4,,1,40,,19161,17,4,,1,80,,19162,17,4,,1,80,,19163,17,4,,1,40,,19164,17,4,,1
7701,'77-Weekday-11111100',700,,19166,1,,,1,40,,19167,1,,,1,80,,19168,1,,,1,80,,19165,1,,,1,40,,19169,1,,,1,80,,19170,1,,,1,80,,19171,1,,,1,40,,19172,1,,,1,80,,19173,1,,,1,200,,19174,1,,,1,80,,19175,1,,,1,40,,19176,1,,,1,80,,19177,1,,,1,80,,19178,1,,,1,40,,19179,1,,,1,80,,19180,1,,,1,80,,19181,1,,,1
