100,'1-Saturday-10000010',647,,27,54,,,1,70,,28,54,,,1,30,,29,54,,,1,70,,30,54,,,1,30,,31,54,,,1,72,,32,54,,,1,31,,33,54,,,1,70,,34,54,,,1,30,,35,54,,,1,70,,36,54,,,1,30,,37,54,,,1,70,,38,54,,,1,30,,39,54,,,1,70,,40,54,,,1,30,,41,54,,,1,70,,42,54,,,1,30,,43,54,,,1,70,,44,54,,,1,30,,45,54,,,1,70,,46,54,,,1,30,,47,54,,,1,70,,48,54,,,1,30,,49,54,,,1,68,,50,54,,,1,29,,51,54,,,1,70,,52,54,,,1,30,,53,54,,,1,70,,54,54,,,1,30,,55,54,,,1,70,,56,54,,,1,30,,57,54,,,1,70,,58,54,,,1,30,,59,54,,,1,70,,60,54,,,1,30,,61,54,,,1,100,,62,54,,,1
100,'1-Sunday-10000001',847,,63,54,,,1,100,,64,54,,,1,72,,65,54,,,1,31,,66,54,,,1,70,,67,54,,,1,30,,68,54,,,1,70,,69,54,,,1,30,,70,54,,,1,70,,71,54,,,1,30,,72,54,,,1,70,,73,54,,,1,30,,74,54,,,1,70,,75,54,,,1,30,,76,54,,,1,70,,77,54,,,1,30,,78,54,,,1,70,,79,54,,,1,30,,80,54,,,1,68,,81,54,,,1,29,,82,54,,,1,100,,83,54,,,1,100,,84,54,,,1,100,,85,54,,,1,100,,86,54,,,1,100,,87,54,,,1,100,,88,54,,,1
100,'1-Weekday-21111100',618,,125,54,,,1,30,,122,54,,,1,69,,123,54,,,1,17,,126,54,,,1,18,,89,54,,,1,70,,90,54,,,1,30,,91,54,,,1,70,,92,54,,,1,30,,93,54,,,1,70,,94,54,,,1,30,,103,54,,,1,70,,104,54,,,1,30,,105,54,,,1,70,,106,54,,,1,30,,107,54,,,1,70,,108,54,,,1,30,,109,54,,,1,70,,110,54,,,1,32,,111,54,,,1,70,,95,54,,,1,30,,96,54,,,1,70,,97,54,,,1,30,,98,54,,,1,70,,99,54,,,1,30,,100,54,,,1,67,,101,54,,,1,28,,102,54,,,1,70,,112,54,,,1,30,,113,54,,,1,70,,114,54,,,1,30,,115,54,,,1,70,,116,54,,,1,30,,117,54,,,1,67,,118,54,,,1,28,,119,54,,,1,70,,120,54,,,1,30,,121,54,,,1,100,,124,54,,,1
801,'8-Saturday-10000010',645,,1773,32,,,1,70,,1774,32,,,1,29,,1739,32,,,1,70,,1740,32,,,1,30,,1741,32,,,1,72,,1742,32,,,1,34,,1743,32,,,1,71,,1744,32,,,1,30,,1745,32,,,1,70,,1746,32,,,1,30,,1747,32,,,1,70,,1748,32,,,1,30,,1749,32,,,1,70,,1750,32,,,1,30,,1751,32,,,1,70,,1752,32,,,1,30,,1753,32,,,1,70,,1754,32,,,1,30,,1755,32,,,1,70,,1756,32,,,1,30,,1757,32,,,1,70,,1758,32,,,1,30,,1759,32,,,1,67,,1760,32,,,1,28,,1761,32,,,1,70,,1762,32,,,1,30,,1763,32,,,1,70,,1764,32,,,1,30,,1765,32,,,1,70,,1766,32,,,1,30,,1767,32,,,1,70,,1768,32,,,1,28,,1769,32,,,1,70,,1770,32,,,1,30,,1771,32,,,1,70,,1772,32,,,1
801,'8-Sunday-10000001',744,,1808,18,,,1,69,,1807,32,,,1,31,,1775,32,,,1,70,,1776,32,,,1,30,,1777,32,,,1,72,,1778,32,,,1,35,,1779,32,,,1,70,,1780,32,,,1,30,,1781,32,,,1,70,,1782,32,,,1,30,,1783,32,,,1,70,,1784,32,,,1,30,,1785,32,,,1,70,,1786,32,,,1,30,,1787,32,,,1,70,,1788,32,,,1,30,,1789,32,,,1,70,,1790,32,,,1,30,,1791,32,,,1,70,,1792,32,,,1,30,,1793,32,,,1,67,,1794,32,,,1,26,,1795,32,,,1,70,,1796,32,,,1,30,,1797,32,,,1,70,,1798,32,,,1,30,,1799,32,,,1,70,,1800,32,,,1,30,,1801,32,,,1,70,,1802,32,,,1,30,,1803,32,,,1,70,,1804,32,,,1,30,,1805,32,,,1,70,,1806,32,,,1
801,'8-Weekday-11111100',555,,1862,18,,,1,70,,1861,32,,,1,20,,1809,32,,,1,10,,1857,18,,,1,59,,1810,32,,,1,18,,1811,32,,,1,4,,1812,32,,,1,13,,1813,32,,,1,58,,1814,32,,,1,15,,1815,32,,,1,15,,1816,32,,,1,15,,1817,32,,,1,55,,1818,32,,,1,15,,1819,32,,,1,15,,1820,32,,,1,16,,1821,32,,,1,55,,1822,32,,,1,14,,1864,32,,,1,14,,1823,32,,,1,14,,1824,32,,,1,55,,1866,32,,,1,15,,1825,32,,,1,15,,1867,32,,,1,15,,1826,32,,,1,55,,1868,32,,,1,15,,1827,32,,,1,15,,1869,32,,,1,15,,1828,32,,,1,55,,1870,32,,,1,15,,1829,32,,,1,15,,1871,32,,,1,15,,1830,32,,,1,55,,1872,32,,,1,15,,1831,32,,,1,16,,1873,32,,,1,1,,1863,11,,,1,4,,1860,11,,,1,11,,1832,32,,,1,57,,1833,32,,,1,15,,1858,32,,,1,16,,1834,32,,,1,17,,1859,32,,,1,55,,1835,32,,,1,15,,1836,32,,,1,15,,1837,32,,,1,15,,1838,32,,,1,55,,1839,32,,,1,15,,1840,32,,,1,15,,1841,32,,,1,15,,1842,32,,,1,53,,1843,32,,,1,13,,1844,32,,,1,14,,1845,32,,,1,14,,1865,32,,,1,54,,1874,32,,,1,14,,1846,32,,,1,15,,1875,32,,,1,15,,1847,32,,,1,55,,1876,32,,,1,15,,1848,32,,,1,15,,1877,32,,,1,15,,1849,32,,,1,55,,1878,32,,,1,15,,1850,32,,,1,15,,1879,32,,,1,15,,1851,32,,,1,69,,1852,32,,,1,28,,1853,32,,,1,66,,1854,32,,,1,30,,1855,32,,,1,70,,1856,32,,,1
2301,'23-Saturday-10000010',735,,4571,26,,,1,70,,4572,26,,,1,30,,4573,26,,,1,70,,4574,26,,,1,31,,4575,26,,,1,70,,4576,26,,,1,30,,4577,26,,,1,70,,4578,26,,,1,30,,4579,26,,,1,70,,4580,26,,,1,30,,4581,26,,,1,70,,4582,26,,,1,30,,4583,26,,,1,70,,4584,26,,,1,30,,4585,26,,,1,70,,4586,26,,,1,30,,4587,26,,,1,70,,4588,26,,,1,30,,4589,26,,,1,70,,4590,26,,,1,30,,4591,26,,,1,70,,4592,26,,,1,29,,4593,26,,,1,70,,4594,26,,,1,30,,4595,26,,,1,70,,4599,26,,,1,30,,4596,26,,,1,70,,4597,26,,,1,30,,4598,26,,,1
2301,'23-Sunday-10000001',804,,4604,26,,,1,30,,4605,26,,,1,70,,4606,26,,,1,31,,4607,26,,,1,70,,4608,26,,,1,30,,4609,26,,,1,70,,4610,26,,,1,30,,4611,26,,,1,70,,4612,26,,,1,30,,4602,26,,,1,70,,4613,26,,,1,30,,4614,26,,,1,70,,4615,26,,,1,30,,4616,26,,,1,70,,4617,26,,,1,30,,4618,26,,,1,70,,4619,26,,,1,30,,4620,26,,,1,70,,4621,26,,,1,30,,4622,26,,,1,70,,4623,26,,,1,30,,4624,26,,,1,70,,4625,26,,,1,30,,4626,26,,,1,70,,4627,26,,,1,30,,4601,26,,,1,70,,4603,26,,,1,30,,4600,26,,,1
2301,'23-Weekday-11111100',550,,4661,26,,,1,85,,4660,26,,,1,71,,4659,26,,,1,31,,4658,26,,,1,70,,4657,26,,,1,30,,4656,26,,,1,70,,4655,26,,,1,31,,4654,26,,,1,69,,4653,26,,,1,30,,4652,26,,,1,70,,4651,26,,,1,30,,4650,26,,,1,70,,4649,26,,,1,30,,4648,26,,,1,70,,4647,26,,,1,30,,4646,26,,,1,70,,4645,26,,,1,30,,4644,26,,,1,72,,4643,26,,,1,30,,4642,26,,,1,70,,4641,26,,,1,30,,4640,26,,,1,70,,4639,26,,,1,30,,4638,26,,,1,68,,4637,26,,,1,28,,4636,26,,,1,70,,4635,26,,,1,30,,4634,26,,,1,70,,4633,26,,,1,30,,4632,26,,,1,70,,4631,26,,,1,30,,4630,26,,,1,69,,4628,26,,,1,29,,4629,26,,,1
2701,'27-Saturday-10000010',658,,4809,12,,,1,75,,4780,12,,,1,75,,4804,12,,,1,35,,4781,12,,,1,76,,4782,12,,,1,36,,4783,12,,,1,75,,4784,12,,,1,75,,4785,12,,,1,35,,4786,12,,,1,75,,4787,12,,,1,35,,4788,12,,,1,75,,4789,12,,,1,75,,4790,12,,,1,35,,4791,12,,,1,75,,4792,12,,,1,35,,4793,12,,,1,75,,4794,12,,,1,35,,4795,12,,,1,75,,4796,12,,,1,74,,4797,12,,,1,34,,4798,12,,,1,75,,4799,12,,,1,35,,4800,12,,,1,75,,4801,12,,,1,35,,4802,12,,,1,75,,4803,12,,,1,75,,4805,12,,,1,35,,4806,12,,,1,75,,4807,12,,,1,35,,4808,12,,,1
2701,'27-Sunday-10000001',733,,4810,12,,,1,75,,4811,12,,,1,35,,4812,12,,,1,75,,4813,12,,,1,35,,4814,12,,,1,75,,4815,12,,,1,75,,4816,12,,,1,35,,4817,12,,,1,75,,4818,12,,,1,35,,4819,12,,,1,75,,4820,12,,,1,35,,4821,12,,,1,75,,4822,12,,,1,75,,4823,12,,,1,35,,4824,12,,,1,75,,4825,12,,,1,35,,4826,12,,,1,75,,4827,12,,,1,75,,4828,12,,,1,35,,4829,12,,,1,75,,4830,12,,,1,35,,4831,12,,,1,75,,4832,12,,,1,35,,4833,12,,,1,75,,4834,12,,,1,75,,4835,12,,,1,35,,4836,12,,,1,75,,4837,12,,,1
2701,'27-Weekday-11111100',553,,4865,12,,,1,70,,4838,12,,,1,35,,4839,12,,,1,78,,4840,12,,,1,75,,4841,12,,,1,35,,4842,12,,,1,75,,4843,12,,,1,34,,4844,12,,,1,75,,4845,12,,,1,75,,4846,12,,,1,35,,4847,12,,,1,75,,4848,12,,,1,35,,4849,12,,,1,75,,4850,12,,,1,75,,4851,12,,,1,34,,4852,12,,,1,76,,4853,12,,,1,35,,4854,12,,,1,75,,4855,12,,,1,35,,4856,12,,,1,75,,4857,12,,,1,76,,4858,12,,,1,34,,4859,12,,,1,75,,4860,12,,,1,35,,4861,12,,,1,75,,4862,12,,,1,75,,4863,12,,,1,35,,4864,12,,,1,74,,4866,12,,,1,35,,4867,12,,,1,75,,4868,12,,,1,35,,4869,12,,,1
