'56-Holiday1-1-20255-1111111',5600,82000,4,'',1,8500,4,'',1,4500,4,'',1,8600,4,'',1,8500,4,'',1,8500,4,'',1,4500,4,'',1,8500,4,'',1,8500,4,'',1,8500,4,'',1,4500,4,'',1,8500,4,'',1,8500,4,'',1,8500,4,'',1,4400,4,'',1,8500,4,'',1,8500,4,'',1,8500,4,'',1,4500,4,'',1,8500,4,'',1,8500,4,'',1
'56-Holiday1-1-20255-1111111',5601,82000,,'',1,8500,,'',1,4500,,'',1,8600,,'',1,8500,,'',1,8500,,'',1,4500,,'',1,8500,,'',1,8500,,'',1,8500,,'',1,4500,,'',1,8500,,'',1,8500,,'',1,8500,,'',1,4400,,'',1,8500,,'',1,8500,,'',1,8500,,'',1,4500,,'',1,8500,,'',1,8500,,'',1
'56-Holiday3-1-20255-1111111',5600,82000,4,'',1,8500,4,'',1,4500,4,'',1,8600,4,'',1,8500,4,'',1,8500,4,'',1,4500,4,'',1,8500,4,'',1,8500,4,'',1,8500,4,'',1,4500,4,'',1,8500,4,'',1,8500,4,'',1,8500,4,'',1,4400,4,'',1,8500,4,'',1,8500,4,'',1,8500,4,'',1,4500,4,'',1,8500,4,'',1,8500,4,'',1
'56-Holiday3-1-20255-1111111',5601,82000,,'',1,8500,,'',1,4500,,'',1,8600,,'',1,8500,,'',1,8500,,'',1,4500,,'',1,8500,,'',1,8500,,'',1,8500,,'',1,4500,,'',1,8500,,'',1,8500,,'',1,8500,,'',1,4400,,'',1,8500,,'',1,8500,,'',1,8500,,'',1,4500,,'',1,8500,,'',1,8500,,'',1
'56-Saturday-1-20255-0000010',5600,70600,4,'',1,4500,4,'',1,7000,4,'',1,3000,4,'',1,7000,4,'',1,3000,4,'',1,7000,4,'',1,3000,4,'',1,7000,4,'',1,3000,4,'',1,7000,4,'',1,3000,4,'',1,7000,4,'',1,3000,4,'',1,7000,4,'',1,3000,4,'',1,7000,4,'',1,3000,4,'',1,7000,4,'',1,3000,4,'',1,7000,4,'',1,3000,4,'',1,7000,4,'',1,8500,4,'',1,4500,4,'',1,8500,4,'',1,8500,4,'',1,8500,4,'',1,4500,4,'',1,8500,4,'',1
'56-Saturday-1-20255-0000010',5601,70600,,'',1,4500,,'',1,7000,,'',1,3000,,'',1,7000,,'',1,3000,,'',1,7000,,'',1,3000,,'',1,7000,,'',1,3000,,'',1,7000,,'',1,3000,,'',1,7000,,'',1,3000,,'',1,7000,,'',1,3000,,'',1,7000,,'',1,3000,,'',1,7000,,'',1,3000,,'',1,7000,,'',1,3000,,'',1,7000,,'',1,8500,,'',1,4500,,'',1,8500,,'',1,8500,,'',1,8500,,'',1,4500,,'',1,8500,,'',1
'56-Sunday-1-20255-0000001',5600,85000,4,'',1,7000,4,'',1,3000,4,'',1,7100,4,'',1,3000,4,'',1,7000,4,'',1,3000,4,'',1,7000,4,'',1,3000,4,'',1,7000,4,'',1,3000,4,'',1,7000,4,'',1,3000,4,'',1,7000,4,'',1,3000,4,'',1,7000,4,'',1,3000,4,'',1,7000,4,'',1,3000,4,'',1,6900,4,'',1,8500,4,'',1,4500,4,'',1,8500,4,'',1,8500,4,'',1,8500,4,'',1,4500,4,'',1,8500,4,'',1
'56-Sunday-1-20255-0000001',5601,85000,,'',1,7000,,'',1,3000,,'',1,7100,,'',1,3000,,'',1,7000,,'',1,3000,,'',1,7000,,'',1,3000,,'',1,7000,,'',1,3000,,'',1,7000,,'',1,3000,,'',1,7000,,'',1,3000,,'',1,7000,,'',1,3000,,'',1,7000,,'',1,3000,,'',1,6900,,'',1,8500,,'',1,4500,,'',1,8500,,'',1,8500,,'',1,8500,,'',1,4500,,'',1,8500,,'',1
'56-Weekday-1-20255-1111100',5600,55000,4,'',1,7000,4,'',1,3000,4,'',1,7000,4,'',1,3000,4,'',1,7000,4,'',1,3000,4,'',1,7000,4,'',1,3100,4,'',1,7000,4,'',1,3000,4,'',1,7000,4,'',1,3000,4,'',1,7000,4,'',1,3000,4,'',1,7000,4,'',1,3000,4,'',1,7000,4,'',1,3300,4,'',1,7000,4,'',1,3000,4,'',1,7000,4,'',1,3000,4,'',1,7000,4,'',1,3000,4,'',1,6700,4,'',1,3000,4,'',1,7000,4,'',1,3000,4,'',1,7000,4,'',1,3000,4,'',1,7000,4,'',1,3000,4,'',1,6800,4,'',1,3000,4,'',1,7000,4,'',1,3000,4,'',1
'56-Weekday-1-20255-1111100',5601,55000,,'',1,7000,,'',1,3000,,'',1,7000,,'',1,3000,,'',1,7000,,'',1,3000,,'',1,7000,,'',1,3100,,'',1,7000,,'',1,3000,,'',1,7000,,'',1,3000,,'',1,7000,,'',1,3000,,'',1,7000,,'',1,3000,,'',1,7600,,'',1,2700,,'',1,7000,,'',1,3000,,'',1,7000,,'',1,3000,,'',1,7000,,'',1,3000,,'',1,6700,,'',1,3000,,'',1,7000,,'',1,3000,,'',1,7000,,'',1,3000,,'',1,7000,,'',1,3000,,'',1,6800,,'',1,3000,,'',1,7000,,'',1,3000,,'',1
