1301,'13-Holiday1-10000001',823,,24597,2,,,1,100,,24598,2,,,1,100,,24599,2,,,1,100,,24600,2,,,1,100,,24601,2,,,1,100,,24602,2,,,1,100,,24603,2,,,1,100,,24604,2,,,1,100,,24605,2,,,1,100,,24606,2,,,1,100,,24607,2,,,1,100,,24608,2,,,1,100,,24609,2,,,1,100,,24610,2,,,1,100,,24611,2,,,1,100,,24612,2,,,1
1301,'13-Saturday-10000010',653,,24614,2,,,1,70,,24615,2,,,1,30,,24616,2,,,1,70,,24617,2,,,1,30,,24618,2,,,1,71,,24619,2,,,1,30,,24620,2,,,1,70,,24621,2,,,1,30,,24622,2,,,1,70,,24623,2,,,1,30,,24613,2,,,1,70,,24624,2,,,1,30,,24625,2,,,1,70,,24626,2,,,1,30,,24627,2,,,1,70,,24628,2,,,1,30,,24629,2,,,1,70,,24630,2,,,1,30,,24631,2,,,1,70,,24632,2,,,1,30,,24633,2,,,1,70,,24634,2,,,1,30,,24635,2,,,1,69,,24636,2,,,1,30,,24637,2,,,1,70,,24638,2,,,1,30,,24646,2,,,1,70,,24639,2,,,1,30,,24640,2,,,1,70,,24641,2,,,1,30,,24642,2,,,1,70,,24643,2,,,1,30,,24644,2,,,1,70,,24645,2,,,1,30,,24647,2,,,1
1301,'13-Sunday-10000001',753,,24680,2,,,1,70,,24648,2,,,1,30,,24649,2,,,1,70,,24650,2,,,1,30,,24651,2,,,1,70,,24652,2,,,1,30,,24653,2,,,1,70,,24654,2,,,1,30,,24655,2,,,1,70,,24656,2,,,1,30,,24657,2,,,1,70,,24658,2,,,1,30,,24659,2,,,1,70,,24660,2,,,1,30,,24661,2,,,1,70,,24662,2,,,1,30,,24663,2,,,1,70,,24664,2,,,1,30,,24665,2,,,1,70,,24666,2,,,1,30,,24667,2,,,1,70,,24668,2,,,1,30,,24669,2,,,1,70,,24670,2,,,1,30,,24671,2,,,1,70,,24672,2,,,1,30,,24673,2,,,1,70,,24674,2,,,1,30,,24675,2,,,1,70,,24676,2,,,1,30,,24677,2,,,1,70,,24678,2,,,1,30,,24679,2,,,1
1301,'13-Weekday-11111100',554,,24711,2,,,1,68,,24714,2,,,1,14,,24717,2,,,1,72,,24706,2,,,1,35,,24705,2,,,1,76,,24681,2,,,1,32,,24682,2,,,1,68,,24683,2,,,1,33,,24684,2,,,1,68,,24685,2,,,1,28,,24686,2,,,1,72,,24687,2,,,1,28,,24688,2,,,1,72,,24689,2,,,1,28,,24690,2,,,1,72,,24691,2,,,1,28,,24692,2,,,1,72,,24693,2,,,1,28,,24694,2,,,1,72,,24695,2,,,1,30,,24707,2,,,1,73,,24696,2,,,1,27,,24697,2,,,1,73,,24704,2,,,1,27,,24698,2,,,1,71,,24699,2,,,1,80,,24700,2,,,1,30,,24701,2,,,1,70,,24713,2,,,1,30,,24712,2,,,1,70,,24702,2,,,1,30,,24703,2,,,1,70,,24708,2,,,1,27,,24716,2,,,1,30,,24709,2,,,1,70,,24710,2,,,1,30,,24715,2,,,1
3101,'31-Saturday-10000010',728,,26963,33,,,1,30,,26964,33,,,1,70,,26965,33,,,1,30,,26966,33,,,1,72,,26967,33,,,1,70,,26968,33,,,1,30,,26969,33,,,1,70,,26970,33,,,1,30,,26971,33,,,1,70,,26972,33,,,1,30,,26973,33,,,1,70,,26974,33,,,1,30,,26975,33,,,1,70,,26976,33,,,1,30,,26977,33,,,1,70,,26978,33,,,1,30,,26979,33,,,1,70,,26980,33,,,1,30,,26981,33,,,1,70,,26982,33,,,1,30,,26983,33,,,1,70,,26984,33,,,1,28,,26985,33,,,1,30,,26986,33,,,1,70,,26987,33,,,1
3101,'31-Sunday-10000001',828,,26988,33,,,1,30,,26989,33,,,1,70,,26990,33,,,1,30,,26991,33,,,1,70,,26992,33,,,1,30,,26993,33,,,1,70,,26994,33,,,1,30,,26995,33,,,1,70,,26996,33,,,1,30,,26997,33,,,1,70,,26998,33,,,1,30,,26999,33,,,1,70,,27000,33,,,1,30,,27001,33,,,1,70,,27002,33,,,1,30,,27003,33,,,1,70,,27004,33,,,1,30,,27005,33,,,1,70,,27006,33,,,1,30,,27007,33,,,1,70,,27008,33,,,1,30,,27009,33,,,1,70,,27010,33,,,1
3101,'31-Weekday-11111100',559,,27043,15,,,1,70,,27044,15,,,1,71,,27012,33,,,1,35,,27031,33,,,1,70,,27032,33,,,1,30,,27033,33,,,1,70,,27034,33,,,1,30,,27045,33,,,1,67,,27035,33,,,1,30,,27036,33,,,1,70,,27037,33,,,1,30,,27038,33,,,1,70,,27039,33,,,1,30,,27040,33,,,1,70,,27041,33,,,1,30,,27042,33,,,1,70,,27030,33,,,1,30,,27029,33,,,1,73,,27028,33,,,1,30,,27027,33,,,1,70,,27026,33,,,1,30,,27025,33,,,1,70,,27024,33,,,1,30,,27023,33,,,1,70,,27022,33,,,1,26,,27021,33,,,1,70,,27020,33,,,1,30,,27019,33,,,1,70,,27018,33,,,1,30,,27017,33,,,1,70,,27016,33,,,1,30,,27015,33,,,1,69,,27014,33,,,1,25,,27013,33,,,1,30,,27011,33,,,1
20101,'201-Holiday1-10000001',714,,30169,8,,,1,30,,30170,8,,,1,70,,30171,8,,,1,30,,30172,8,,,1,70,,30173,8,,,1,30,,30174,8,,,1,71,,30175,8,,,1,30,,30176,8,,,1,70,,30177,8,,,1,30,,30178,8,,,1,70,,30168,8,,,1,30,,30179,8,,,1,70,,30180,8,,,1,30,,30181,8,,,1,70,,30182,8,,,1,30,,30183,8,,,1,70,,30184,8,,,1,30,,30185,8,,,1,70,,30186,8,,,1,30,,30187,8,,,1,70,,30188,8,,,1,30,,30189,8,,,1,69,,30190,8,,,1,30,,30191,8,,,1,70,,30192,8,,,1,30,,30193,8,,,1,70,,30194,8,,,1,30,,30195,8,,,1,70,,30196,8,,,1,30,,30197,8,,,1,70,,30198,8,,,1,30,,30199,8,,,1,70,,30200,8,,,1,30,,30201,8,,,1,70,,30202,8,,,1
20101,'201-Saturday-10000010',644,,30238,8,,,1,70,,30203,8,,,1,30,,30204,8,,,1,70,,30205,8,,,1,30,,30206,8,,,1,71,,30207,8,,,1,30,,30208,8,,,1,70,,30209,8,,,1,30,,30210,8,,,1,70,,30211,8,,,1,30,,30212,8,,,1,70,,30213,8,,,1,30,,30214,8,,,1,70,,30215,8,,,1,30,,30216,8,,,1,70,,30217,8,,,1,30,,30218,8,,,1,70,,30219,8,,,1,30,,30220,8,,,1,70,,30221,8,,,1,30,,30222,8,,,1,70,,30223,8,,,1,30,,30224,8,,,1,69,,30225,8,,,1,30,,30226,8,,,1,70,,30227,8,,,1,30,,30228,8,,,1,70,,30229,8,,,1,30,,30230,8,,,1,70,,30231,8,,,1,30,,30232,8,,,1,70,,30233,8,,,1,30,,30234,8,,,1,70,,30235,8,,,1,30,,30236,8,,,1,70,,30237,8,0,13 14 7,1
20101,'201-Sunday-10000001',714,,30240,8,,,1,30,,30241,8,,,1,70,,30242,8,,,1,30,,30243,8,,,1,70,,30244,8,,,1,30,,30245,8,,,1,71,,30246,8,,,1,30,,30247,8,,,1,70,,30248,8,,,1,30,,30249,8,,,1,70,,30239,8,,,1,30,,30250,8,,,1,70,,30251,8,,,1,30,,30252,8,,,1,70,,30253,8,,,1,30,,30254,8,,,1,70,,30255,8,,,1,30,,30256,8,,,1,70,,30257,8,,,1,30,,30258,8,,,1,70,,30259,8,,,1,30,,30260,8,,,1,69,,30261,8,,,1,30,,30262,8,,,1,70,,30263,8,,,1,30,,30264,8,,,1,70,,30265,8,,,1,30,,30266,8,,,1,70,,30267,8,,,1,30,,30268,8,,,1,70,,30269,8,,,1,30,,30270,8,,,1,70,,30271,8,,,1,30,,30272,8,,,1,70,,30273,8,,,1
20101,'201-Weekday-11111100',528,,30348,8,,,1,30,,30349,8,,,1,55,,30307,8,,,1,15,,30310,8,,,1,15,,30308,8,,,1,16,,30311,8,,,1,57,,30305,8,,,1,10,,30312,8,,,1,10,,30334,8,,,1,10,,30304,8,,,1,10,,30313,8,,,1,50,,30335,8,,,1,10,,30274,8,,,1,10,,30314,8,,,1,10,,30336,8,,,1,10,,30309,8,,,1,10,,30315,8,,,1,50,,30337,8,,,1,10,,30306,8,,,1,10,,30316,8,,,1,10,,30338,8,,,1,12,,30275,8,,,1,10,,30317,8,,,1,50,,30351,8,,,1,10,,30276,8,,,1,10,,30318,8,,,1,10,,30352,8,,,1,10,,30277,8,,,1,10,,30319,8,,,1,50,,30353,8,,,1,10,,30278,8,,,1,10,,30320,8,,,1,10,,30354,8,,,1,10,,30279,8,,,1,10,,30321,8,,,1,50,,30355,8,,,1,10,,30280,8,,,1,10,,30322,8,,,1,10,,30356,8,,,1,10,,30281,8,,,1,10,,30323,8,,,1,50,,30357,8,,,1,10,,30282,8,,,1,10,,30324,8,,,1,10,,30358,8,,,1,10,,30283,8,,,1,10,,30325,8,,,1,50,,30359,8,,,1,10,,30284,8,,,1,10,,30360,8,,,1,10,,30326,8,,,1,10,,30285,8,,,1,10,,30327,8,,,1,50,,30339,8,,,1,10,,30286,8,,,1,10,,30328,8,,,1,10,,30340,8,,,1,10,,30287,8,,,1,10,,30329,8,,,1,50,,30341,8,,,1,10,,30292,8,,,1,10,,30330,8,,,1,10,,30343,8,,,1,10,,30288,8,,,1,10,,30331,8,,,1,50,,30342,8,,,1,10,,30289,8,,,1,10,,30332,8,,,1,10,,30344,8,,,1,10,,30290,8,,,1,10,,30333,8,,,1,49,,30345,8,,,1,9,,30291,8,,,1,15,,30293,8,,,1,15,,30361,8,,,1,55,,30294,8,,,1,15,,30362,8,,,1,15,,30295,8,,,1,15,,30363,8,,,1,55,,30296,8,,,1,15,,30364,8,,,1,15,,30297,8,,,1,15,,30365,8,,,1,55,,30298,8,,,1,15,,30366,8,,,1,15,,30299,8,,,1,15,,30367,8,,,1,55,,30300,8,,,1,43,,30301,8,,,1,70,,30302,8,,,1,35,,30303,8,,,1,70,,30350,8,,,1
