700,'7-Holiday1-10000001',826,,1048,,,1,30,,1049,,,1,70,,1050,,,1,30,,1051,,,1,70,,1052,,,1,30,,1053,,,1,70,,1054,,,1,30,,1055,,,1,70,,1056,,,1,30,,1057,,,1,70,,1058,,,1,30,,1059,,,1,70,,1060,,,1,30,,1061,,,1,70,,1062,,,1,30,,1063,,,1,70,,1064,,,1,30,,1065,,,1,70,,1066,,,1,30,,1067,,,1,70,,1068,,,1,30,,1069,,,1,70,,1070,,,1,30,,1071,,,1,70,,1072,,,1,30,,1073,,,1,70,,1074,,,1,30,,1075,,,1,70,,1077,,,1,30,,1079,,,1,70,,1080,,,1,30,,1078,,,1,70,,1076,,,1
700,'7-Saturday-10000010',556,,1081,,,1,70,,1083,,,1,30,,1082,,,1,70,,1084,,,1,15,,1085,,,1,15,,1086,,,1,55,,1087,,,1,15,,1088,,,1,15,,1089,,,1,15,,1090,,,1,57,,1091,,,1,18,,1092,,,1,15,,1093,,,1,55,,1094,,,1,15,,1095,,,1,15,,1096,,,1,15,,1097,,,1,55,,1098,,,1,15,,1099,,,1,15,,1100,,,1,15,,1101,,,1,55,,1102,,,1,15,,1103,,,1,15,,1104,,,1,15,,1105,,,1,55,,1106,,,1,15,,1107,,,1,15,,1108,,,1,15,,1109,,,1,55,,1110,,,1,15,,1111,,,1,15,,1112,,,1,15,,1113,,,1,55,,1114,,,1,15,,1115,,,1,15,,1116,,,1,15,,1117,,,1,55,,1118,,,1,15,,1119,,,1,15,,1120,,,1,15,,1121,,,1,55,,1122,,,1,15,,1123,,,1,15,,1124,,,1,15,,1125,,,1,55,,1126,,,1,12,,1127,,,1,13,,1128,,,1,15,,1129,,,1,15,,1130,,,1,55,,1131,,,1,15,,1132,,,1,15,,1133,,,1,15,,1134,,,1,55,,1135,,,1,15,,1136,,,1,15,,1137,,,1,15,,1138,,,1,55,,1139,,,1,15,,1140,,,1,15,,1141,,,1,15,,1142,,,1,55,,1143,,,1,15,,1144,,,1,15,,1145,,,1,15,,1146,,,1,55,,1147,,,1,15,,1148,,,1,15,,1149,,,1,15,,1150,,,1,70,,1151,,,1
700,'7-Sunday-10000001',826,,1152,,,1,30,,1153,,,1,70,,1154,,,1,15,,1155,,,1,15,,1156,,,1,58,,1157,,,1,16,,1158,,,1,15,,1159,,,1,55,,1160,,,1,15,,1161,,,1,15,,1162,,,1,15,,1163,,,1,55,,1164,,,1,15,,1165,,,1,15,,1166,,,1,15,,1167,,,1,55,,1168,,,1,15,,1169,,,1,15,,1170,,,1,15,,1171,,,1,55,,1172,,,1,15,,1173,,,1,15,,1174,,,1,15,,1175,,,1,55,,1176,,,1,15,,1177,,,1,15,,1178,,,1,15,,1179,,,1,55,,1180,,,1,15,,1181,,,1,15,,1182,,,1,15,,1183,,,1,55,,1184,,,1,15,,1185,,,1,15,,1186,,,1,15,,1187,,,1,55,,1188,,,1,13,,1189,,,1,13,,1190,,,1,15,,1191,,,1,15,,1192,,,1,55,,1193,,,1,15,,1194,,,1,15,,1195,,,1,15,,1196,,,1,55,,1197,,,1,15,,1198,,,1,15,,1199,,,1,15,,1200,,,1,55,,1201,,,1,15,,1202,,,1,15,,1203,,,1,15,,1204,,,1,55,,1210,,,1,15,,1206,,,1,15,,1211,,,1,15,,1208,,,1,55,,1212,,,1,15,,1209,,,1,15,,1213,,,1,15,,1207,,,1,70,,1205,,,1
700,'7-Weekday-11111100',541,,1287,,,1,15,,1288,,,1,55,,1214,,,1,15,,1215,,,1,15,,1216,,,1,15,,1217,,,1,59,,1218,,,1,17,,1219,,,1,15,,1220,,,1,55,,1221,,,1,15,,1222,,,1,15,,1223,,,1,15,,1224,,,1,55,,1225,,,1,15,,1226,,,1,15,,1227,,,1,16,,1228,,,1,55,,1229,,,1,15,,1230,,,1,15,,1231,,,1,15,,1232,,,1,55,,1233,,,1,15,,1234,,,1,15,,1235,,,1,15,,1236,,,1,55,,1237,,,1,15,,1238,,,1,15,,1239,,,1,15,,1240,,,1,55,,1241,,,1,15,,1242,,,1,15,,1243,,,1,15,,1244,,,1,55,,1245,,,1,15,,1246,,,1,15,,1247,,,1,16,,1248,,,1,56,,1249,,,1,15,,1250,,,1,15,,1251,,,1,15,,1252,,,1,55,,1253,,,1,15,,1254,,,1,15,,1255,,,1,15,,1256,,,1,55,,1257,,,1,15,,1258,,,1,15,,1259,,,1,15,,1260,,,1,55,,1261,,,1,12,,1262,,,1,13,,1263,,,1,15,,1264,,,1,55,,1265,,,1,15,,1266,,,1,15,,1267,,,1,15,,1268,,,1,55,,1269,,,1,15,,1270,,,1,15,,1271,,,1,15,,1272,,,1,55,,1273,,,1,15,,1274,,,1,15,,1275,,,1,15,,1276,,,1,55,,1277,,,1,12,,1278,,,1,13,,1279,,,1,15,,1280,,,1,15,,1281,,,1,55,,1282,,,1,15,,1283,,,1,15,,1284,,,1,15,,1285,,,1,70,,1286,,,1
1600,'16-Holiday1-10000001',813,,3146,,,1,100,,3130,,,1,102,,3131,,,1,100,,3132,,,1,100,,3133,,,1,100,,3134,,,1,100,,3135,,,1,100,,3136,,,1,100,,3137,,,1,100,,3138,,,1,98,,3139,,,1,101,,3140,,,1,100,,3141,,,1,100,,3142,,,1,100,,3143,,,1,100,,3144,,,1,100,,3145,,,1
1600,'16-Saturday-10000010',644,,3181,,,1,70,,3182,,,1,30,,3180,,,1,70,,3147,,,1,30,,3148,,,1,72,,3149,,,1,33,,3150,,,1,70,,3151,,,1,30,,3152,,,1,70,,3153,,,1,30,,3154,,,1,70,,3155,,,1,30,,3156,,,1,70,,3157,,,1,30,,3158,,,1,70,,3159,,,1,30,,3160,,,1,70,,3161,,,1,30,,3162,,,1,70,,3163,,,1,30,,3164,,,1,70,,3165,,,1,30,,3166,,,1,68,,3167,,,1,28,,3168,,,1,70,,3169,,,1,30,,3170,,,1,70,,3171,,,1,30,,3172,,,1,70,,3173,,,1,30,,3174,,,1,70,,3175,,,1,30,,3176,,,1,70,,3177,,,1,30,,3178,,,1,70,,3179,,,1
1600,'16-Sunday-10000001',813,,3215,,,1,30,,3183,,,1,70,,3184,,,1,30,,3185,,,1,72,,3186,,,1,30,,3187,,,1,70,,3188,,,1,30,,3189,,,1,70,,3190,,,1,30,,3191,,,1,70,,3192,,,1,30,,3193,,,1,70,,3194,,,1,30,,3195,,,1,70,,3196,,,1,30,,3197,,,1,70,,3198,,,1,30,,3199,,,1,70,,3200,,,1,30,,3201,,,1,68,,3202,,,1,31,,3203,,,1,70,,3204,,,1,30,,3205,,,1,70,,3206,,,1,30,,3207,,,1,70,,3208,,,1,30,,3209,,,1,70,,3210,,,1,30,,3211,,,1,70,,3212,,,1,30,,3213,,,1,70,,3214,,,1
1600,'16-Weekday-11111100',542,,3254,,,1,70,,3250,,,1,29,,3253,,,1,17,,3251,,,1,54,,3252,,,1,17,,3255,,,1,16,,3216,,,1,55,,3256,,,1,15,,3217,,,1,15,,3257,,,1,15,,3218,,,1,55,,3258,,,1,15,,3219,,,1,15,,3283,,,1,16,,3220,,,1,55,,3278,,,1,14,,3221,,,1,16,,3279,,,1,15,,3222,,,1,55,,3280,,,1,15,,3223,,,1,15,,3281,,,1,15,,3224,,,1,55,,3282,,,1,15,,3225,,,1,15,,3274,,,1,15,,3226,,,1,55,,3277,,,1,15,,3227,,,1,15,,3276,,,1,15,,3228,,,1,55,,3275,,,1,15,,3229,,,1,15,,3273,,,1,15,,3230,,,1,57,,3272,,,1,15,,3231,,,1,16,,3259,,,1,15,,3232,,,1,55,,3260,,,1,15,,3233,,,1,15,,3261,,,1,15,,3234,,,1,55,,3262,,,1,15,,3235,,,1,15,,3263,,,1,15,,3236,,,1,55,,3264,,,1,13,,3237,,,1,13,,3265,,,1,15,,3238,,,1,14,,3239,,,1,55,,3266,,,1,15,,3240,,,1,15,,3267,,,1,15,,3241,,,1,55,,3268,,,1,15,,3242,,,1,15,,3269,,,1,15,,3243,,,1,55,,3270,,,1,15,,3244,,,1,15,,3271,,,1,15,,3245,,,1,52,,3284,,,1,14,,3246,,,1,18,,3247,,,1,70,,3248,,,1,30,,3249,,,1
9100,'91-Saturday-10000010',2410,,8392,0,25 26 27,1,30,,8393,0,25 26 27,1,70,,8394,0,25 26 27,1,30,,8395,0,25 26 27,1,70,,8396,0,25 26 27,1
9100,'91-Weekday-10001100',2410,,8397,0,25 26 27,1,30,,8398,0,25 26 27,1,70,,8399,0,25 26 27,1,30,,8400,0,25 26 27,1,70,,8401,0,25 26 27,1
