1000,'10-Holiday1-10000001',817,,2155,2,,,1,100,,2156,2,,,1,100,,2157,2,,,1,100,,2158,2,,,1,100,,2159,2,,,1,100,,2160,2,,,1,100,,2161,2,,,1,100,,2162,2,,,1,100,,2163,2,,,1,100,,2164,2,,,1,100,,2165,2,,,1,100,,2166,2,,,1,100,,2167,2,,,1,100,,2168,2,,,1,100,,2169,2,,,1,100,,2170,2,,,1
1000,'10-Saturday-10000010',632,,2171,2,,,1,70,,2172,2,,,1,30,,2173,2,,,1,70,,2174,2,,,1,30,,2175,2,,,1,70,,2176,2,,,1,30,,2177,2,,,1,70,,2178,2,,,1,30,,2179,2,,,1,70,,2180,2,,,1,30,,2181,2,,,1,70,,2182,2,,,1,30,,2183,2,,,1,70,,2184,2,,,1,30,,2185,2,,,1,70,,2186,2,,,1,30,,2187,2,,,1,70,,2188,2,,,1,30,,2189,2,,,1,70,,2190,2,,,1,30,,2191,2,,,1,70,,2192,2,,,1,30,,2193,2,,,1,70,,2194,2,,,1,30,,2195,2,,,1,70,,2196,2,,,1,30,,2197,2,,,1,70,,2198,2,,,1,30,,2199,2,,,1,70,,2200,2,,,1,30,,2201,2,,,1,70,,2202,2,,,1,30,,2203,2,,,1,70,,2204,2,,,1,30,,2205,2,,,1
1000,'10-Sunday-10000001',752,,2237,2,,,1,70,,2206,2,,,1,30,,2207,2,,,1,70,,2208,2,,,1,30,,2209,2,,,1,70,,2210,2,,,1,30,,2211,2,,,1,70,,2212,2,,,1,30,,2213,2,,,1,70,,2214,2,,,1,30,,2215,2,,,1,70,,2216,2,,,1,30,,2217,2,,,1,70,,2218,2,,,1,30,,2219,2,,,1,70,,2220,2,,,1,30,,2221,2,,,1,70,,2222,2,,,1,30,,2223,2,,,1,70,,2224,2,,,1,30,,2225,2,,,1,70,,2226,2,,,1,30,,2227,2,,,1,70,,2228,2,,,1,30,,2229,2,,,1,70,,2230,2,,,1,30,,2231,2,,,1,70,,2232,2,,,1,30,,2233,2,,,1,70,,2234,2,,,1,30,,2235,2,,,1,70,,2236,2,,,1
1000,'10-Weekday-11111100',532,,2238,2,,,1,70,,2239,2,,,1,30,,2240,2,,,1,70,,2241,2,,,1,15,,2297,2,0,39 6,1,15,,2242,2,,,1,15,,2273,2,0,39 6,1,55,,2243,2,,,1,15,,2274,2,0,39 6,1,15,,2244,2,,,1,15,,2275,2,0,39 6,1,55,,2245,2,,,1,15,,2276,2,0,39 6,1,15,,2246,2,,,1,15,,2277,2,0,39 6,1,55,,2247,2,,,1,15,,2278,2,0,39 6,1,15,,2248,2,,,1,15,,2279,2,0,39 6,1,55,,2249,2,,,1,15,,2280,2,0,39 6,1,15,,2250,2,,,1,15,,2281,2,0,39 6,1,55,,2251,2,,,1,15,,2282,2,0,39 6,1,15,,2252,2,,,1,15,,2283,2,0,39 6,1,55,,2253,2,,,1,15,,2284,2,0,39 6,1,15,,2254,2,,,1,15,,2285,2,0,39 6,1,55,,2255,2,,,1,15,,2265,2,0,39 6,1,15,,2256,2,,,1,15,,2266,2,0,39 6,1,55,,2257,2,,,1,15,,2267,2,0,39 6,1,15,,2258,2,,,1,15,,2268,2,0,39 6,1,55,,2259,2,,,1,15,,2269,2,0,39 6,1,15,,2260,2,,,1,15,,2270,2,0,39 6,1,55,,2261,2,,,1,15,,2271,2,0,39 6,1,15,,2262,2,,,1,15,,2272,2,0,39 6,1,55,,2263,2,,,1,14,,2296,2,0,39 6,1,16,,2264,2,,,1,70,,2293,2,,,1,30,,2294,2,,,1,70,,2295,2,,,1,30,,2292,2,,,1,70,,2291,2,,,1,30,,2290,2,,,1,70,,2289,2,,,1,30,,2288,2,,,1,70,,2287,2,,,1,35,,2286,2,,,1
1600,'16-Holiday1-10000001',831,,3130,2,,,1,100,,3131,2,,,1,101,,3132,2,,,1,100,,3133,2,,,1,100,,3134,2,,,1,100,,3135,2,,,1,100,,3136,2,,,1,100,,3137,2,,,1,100,,3138,2,,,1,100,,3139,2,,,1,100,,3140,2,,,1,100,,3141,2,,,1,100,,3142,2,,,1,100,,3143,2,,,1,100,,3144,2,,,1,100,,3145,2,,,1
1600,'16-Saturday-10000010',701,,3180,2,,,1,30,,3147,2,,,1,70,,3148,2,,,1,30,,3149,2,,,1,71,,3150,2,,,1,30,,3151,2,,,1,70,,3152,2,,,1,30,,3153,2,,,1,70,,3154,2,,,1,30,,3155,2,,,1,70,,3156,2,,,1,30,,3157,2,,,1,70,,3158,2,,,1,30,,3159,2,,,1,70,,3160,2,,,1,30,,3161,2,,,1,70,,3162,2,,,1,30,,3163,2,,,1,70,,3164,2,,,1,30,,3165,2,,,1,70,,3166,2,,,1,30,,3167,2,,,1,70,,3168,2,,,1,30,,3169,2,,,1,70,,3170,2,,,1,30,,3171,2,,,1,70,,3172,2,,,1,30,,3173,2,,,1,70,,3174,2,,,1,30,,3175,2,,,1,70,,3176,2,,,1,30,,3177,2,,,1,70,,3178,2,,,1,30,,3179,2,,,1
1600,'16-Sunday-10000001',801,,3183,2,,,1,30,,3184,2,,,1,70,,3185,2,,,1,30,,3186,2,,,1,71,,3187,2,,,1,30,,3188,2,,,1,70,,3189,2,,,1,30,,3190,2,,,1,70,,3191,2,,,1,30,,3192,2,,,1,70,,3193,2,,,1,30,,3194,2,,,1,70,,3195,2,,,1,30,,3196,2,,,1,70,,3197,2,,,1,30,,3198,2,,,1,70,,3199,2,,,1,30,,3200,2,,,1,70,,3201,2,,,1,30,,3202,2,,,1,70,,3203,2,,,1,30,,3204,2,,,1,70,,3205,2,,,1,30,,3206,2,,,1,70,,3207,2,,,1,30,,3208,2,,,1,70,,3209,2,,,1,30,,3210,2,,,1,70,,3211,2,,,1,30,,3212,2,,,1,70,,3213,2,,,1,30,,3214,2,,,1
1600,'16-Weekday-11111100',557,,3253,2,,,1,70,,3252,2,,,1,15,,3255,2,,,1,15,,3216,2,,,1,55,,3256,2,,,1,15,,3217,2,,,1,15,,3257,2,,,1,15,,3218,2,,,1,55,,3258,2,,,1,15,,3219,2,,,1,15,,3283,2,,,1,15,,3220,2,,,1,55,,3278,2,,,1,15,,3221,2,,,1,15,,3279,2,,,1,15,,3222,2,,,1,55,,3280,2,,,1,15,,3223,2,,,1,15,,3281,2,,,1,15,,3224,2,,,1,55,,3282,2,,,1,15,,3225,2,,,1,15,,3274,2,,,1,15,,3226,2,,,1,55,,3277,2,,,1,15,,3227,2,,,1,15,,3276,2,,,1,15,,3228,2,,,1,55,,3275,2,,,1,15,,3229,2,,,1,15,,3273,2,,,1,15,,3230,2,,,1,55,,3272,2,,,1,15,,3231,2,,,1,15,,3259,2,,,1,15,,3232,2,,,1,55,,3260,2,,,1,15,,3233,2,,,1,15,,3261,2,,,1,15,,3234,2,,,1,55,,3262,2,,,1,15,,3235,2,,,1,15,,3263,2,,,1,15,,3236,2,,,1,55,,3264,2,,,1,15,,3237,2,,,1,15,,3265,2,,,1,15,,3238,2,,,1,55,,3239,2,,,1,15,,3266,2,,,1,15,,3240,2,,,1,15,,3267,2,,,1,55,,3241,2,,,1,15,,3268,2,,,1,15,,3242,2,,,1,15,,3269,2,,,1,55,,3243,2,,,1,15,,3270,2,,,1,15,,3244,2,,,1,15,,3271,2,,,1,55,,3245,2,,,1,15,,3284,2,,,1,15,,3246,2,,,1,60,,3247,2,,,1,30,,3248,2,,,1,70,,3249,2,,,1
3601,'36-Saturday-10000010',716,,5885,2,,,1,30,,5897,2,,,1,70,,5886,2,,,1,30,,5898,2,,,1,70,,5887,2,,,1,30,,5899,2,,,1,70,,5888,2,,,1,30,,5900,2,,,1,70,,5889,2,,,1,30,,5901,2,,,1,70,,5890,2,,,1,30,,5902,2,,,1,70,,5891,2,,,1,30,,5903,2,,,1,70,,5892,2,,,1,30,,5904,2,,,1,70,,5893,2,,,1,30,,5905,2,,,1,70,,5894,2,,,1,30,,5906,2,,,1,70,,5895,2,,,1,30,,5907,2,,,1,70,,5896,2,,,1,30,,5908,2,,,1,70,,5909,2,,,1
3601,'36-Sunday-10000001',816,,5910,2,,,1,30,,5911,2,,,1,70,,5912,2,,,1,30,,5913,2,,,1,70,,5914,2,,,1,35,,5915,2,,,1,70,,5916,2,,,1,30,,5917,2,,,1,70,,5918,2,,,1,30,,5919,2,,,1,70,,5920,2,,,1,30,,5921,2,,,1,70,,5922,2,,,1,30,,5923,2,,,1,70,,5924,2,,,1,30,,5925,2,,,1,70,,5926,2,,,1,30,,5927,2,,,1,70,,5928,2,,,1,25,,5929,2,,,1,70,,5930,2,,,1,30,,5931,2,,,1
3601,'36-Weekday-11111100',701,,5956,2,,,1,30,,5932,2,,,1,70,,5933,2,,,1,30,,5934,2,,,1,70,,5935,2,,,1,30,,5936,2,,,1,70,,5937,2,,,1,30,,5938,2,,,1,70,,5939,2,,,1,30,,5940,2,,,1,70,,5941,2,,,1,30,,5942,2,,,1,70,,5943,2,,,1,30,,5944,2,,,1,70,,5945,2,,,1,30,,5946,2,,,1,70,,5947,2,,,1,30,,5948,2,,,1,70,,5949,2,,,1,30,,5950,2,,,1,70,,5951,2,,,1,30,,5952,2,,,1,70,,5953,2,,,1,30,,5954,2,,,1,70,,5955,2,,,1,30,,5957,2,,,1,70,,5958,2,,,1,30,,5959,2,,,1,70,,5960,2,,,1,30,,5961,2,,,1,70,,5962,2,,,1,30,,5963,2,,,1
5700,'57-Saturday-10000010',702,,7197,2,,,1,100,,7185,2,,,1,100,,7186,2,,,1,100,,7187,2,,,1,100,,7188,2,,,1,100,,7189,2,,,1,100,,7190,2,,,1,100,,7191,2,,,1,100,,7192,2,,,1,100,,7193,2,,,1,100,,7194,2,,,1,100,,7195,2,,,1,100,,7196,2,,,1
5700,'57-Weekday-11111100',632,,7199,2,,,1,70,,7225,2,,,1,30,,7200,2,,,1,70,,7201,2,,,1,30,,7202,2,,,1,70,,7203,2,,,1,30,,7204,2,,,1,70,,7205,2,,,1,30,,7206,2,,,1,70,,7207,2,,,1,30,,7208,2,,,1,70,,7209,2,,,1,30,,7210,2,,,1,70,,7211,2,,,1,30,,7212,2,,,1,70,,7213,2,,,1,35,,7215,2,,,1,70,,7216,2,,,1,30,,7217,2,,,1,70,,7218,2,,,1,30,,7219,2,,,1,70,,7220,2,,,1,30,,7221,2,,,1,70,,7214,2,,,1,25,,7226,2,,,1,70,,7222,2,,,1,30,,7227,2,,,1,70,,7223,2,,,1,30,,7228,2,,,1,70,,7224,2,,,1,30,,7230,2,,,1,70,,7229,2,,,1,30,,7231,2,,,1
6100,'61-Holiday1-11111111',822,,7624,2,,,1,30,,7596,2,,,1,70,,7597,2,,,1,30,,7598,2,,,1,71,,7599,2,,,1,30,,7600,2,,,1,70,,7601,2,,,1,30,,7602,2,,,1,70,,7603,2,,,1,30,,7604,2,,,1,70,,7605,2,,,1,30,,7606,2,,,1,70,,7607,2,,,1,30,,7608,2,,,1,70,,7609,2,,,1,30,,7610,2,,,1,70,,7611,2,,,1,30,,7612,2,,,1,70,,7613,2,,,1,30,,7614,2,,,1,64,,7615,2,,,1,30,,7616,2,,,1,70,,7617,2,,,1,30,,7618,2,,,1,70,,7619,2,,,1,30,,7620,2,,,1,70,,7621,2,,,1,30,,7622,2,,,1,70,,7623,2,,,1
6100,'61-Saturday-10000010',723,,7649,2,,,1,30,,7650,2,,,1,70,,7651,2,,,1,30,,7652,2,,,1,70,,7653,2,,,1,30,,7654,2,,,1,70,,7656,2,,,1,30,,7655,2,,,1,70,,7635,2,,,1,30,,7636,2,,,1,70,,7637,2,,,1,30,,7638,2,,,1,70,,7639,2,,,1,30,,7640,2,,,1,70,,7641,2,,,1,30,,7642,2,,,1,70,,7643,2,,,1,30,,7644,2,,,1,70,,7645,2,,,1,30,,7646,2,,,1,70,,7647,2,,,1,30,,7648,2,,,1,70,,7626,2,,,1,30,,7627,2,,,1,70,,7628,2,,,1,30,,7629,2,,,1,70,,7630,2,,,1,30,,7631,2,,,1,70,,7632,2,,,1,30,,7657,2,,,1,70,,7633,2,,,1,30,,7634,2,,,1,70,,7658,2,,,1
6100,'61-Sunday-10000001',822,,7664,2,,,1,30,,7663,2,,,1,70,,7662,2,,,1,30,,7661,2,,,1,71,,7660,2,,,1,30,,7659,2,,,1,70,,7673,2,,,1,30,,7672,2,,,1,70,,7671,2,,,1,30,,7670,2,,,1,70,,7669,2,,,1,30,,7668,2,,,1,70,,7667,2,,,1,30,,7666,2,,,1,70,,7665,2,,,1,30,,7687,2,,,1,70,,7685,2,,,1,30,,7686,2,,,1,70,,7684,2,,,1,30,,7683,2,,,1,64,,7682,2,,,1,30,,7681,2,,,1,70,,7680,2,,,1,30,,7678,2,,,1,70,,7677,2,,,1,30,,7676,2,,,1,70,,7675,2,,,1,30,,7674,2,,,1,70,,7679,2,,,1
6100,'61-Weekday-11111100',622,,7700,2,,,1,30,,7701,2,,,1,70,,7708,2,,,1,15,,7722,2,,,1,15,,7709,2,,,1,55,,7723,2,,,1,15,,7705,2,,,1,15,,7724,2,,,1,15,,7702,2,,,1,55,,7725,2,,,1,15,,7704,2,,,1,16,,7726,2,,,1,15,,7703,2,,,1,55,,7727,2,,,1,15,,7710,2,,,1,15,,7728,2,,,1,15,,7688,2,,,1,55,,7729,2,,,1,15,,7711,2,,,1,15,,7730,2,,,1,15,,7712,2,,,1,55,,7731,2,,,1,15,,7689,2,,,1,15,,7732,2,,,1,15,,7690,2,,,1,55,,7733,2,,,1,15,,7691,2,,,1,15,,7734,2,,,1,15,,7750,2,,,1,55,,7735,2,,,1,15,,7692,2,,,1,15,,7736,2,,,1,15,,7693,2,,,1,55,,7737,2,,,1,15,,7694,2,,,1,15,,7738,2,,,1,15,,7695,2,,,1,55,,7739,2,,,1,15,,7696,2,,,1,15,,7740,2,,,1,15,,7697,2,,,1,55,,7741,2,,,1,15,,7698,2,,,1,15,,7742,2,,,1,15,,7699,2,,,1,55,,7743,2,,,1,15,,7707,2,,,1,15,,7744,2,,,1,15,,7706,2,,,1,55,,7745,2,,,1,15,,7720,2,,,1,15,,7749,2,,,1,15,,7719,2,,,1,55,,7746,2,,,1,15,,7718,2,,,1,15,,7747,2,,,1,15,,7717,2,,,1,55,,7748,2,,,1,15,,7716,2,,,1,15,,7751,2,,,1,15,,7752,2,,,1,54,,7753,2,,,1,15,,7715,2,,,1,30,,7714,2,,,1,70,,7713,2,,,1
7600,'76-Weekday-11111100',647,,8420,2,,,1,70,,8421,2,,,1,30,,8422,2,,,1,70,,8423,2,,,1,30,,8424,2,,,1,70,,8425,2,,,1,30,,8426,2,,,1,470,,8427,2,,,1,30,,8428,2,,,1,70,,8429,2,,,1,30,,8430,2,,,1,70,,8431,2,,,1,30,,8432,2,,,1,70,,8433,2,,,1,30,,8434,2,,,1,70,,8435,2,,,1,30,,8436,2,,,1
