2201,'22-Saturday-10000010',633,,4400,3,,,1,70,,4401,3,,,1,30,,4402,3,,,1,70,,4403,3,,,1,30,,4404,3,,,1,70,,4405,3,,,1,30,,4406,3,,,1,70,,4407,3,,,1,30,,4408,3,,,1,70,,4409,3,,,1,30,,4410,3,,,1,70,,4411,3,,,1,30,,4412,3,,,1,70,,4413,3,,,1,30,,4414,3,,,1,70,,4415,3,,,1,30,,4416,3,,,1,70,,4417,3,,,1,30,,4418,3,,,1,70,,4419,3,,,1,30,,4420,3,,,1,70,,4421,3,,,1,30,,4422,3,,,1,70,,4423,3,,,1,30,,4424,3,,,1,70,,4425,3,,,1,30,,4426,3,,,1,70,,4427,3,,,1,30,,4428,3,,,1,70,,4429,3,,,1,30,,4430,3,,,1,70,,4431,3,,,1,100,,4432,3,,,1
2201,'22-Sunday-10000001',903,,4442,3,,,1,100,,4433,3,,,1,100,,4434,3,,,1,100,,4435,3,,,1,100,,4436,3,,,1,100,,4437,3,,,1,100,,4438,3,,,1,100,,4439,3,,,1,100,,4440,3,,,1,100,,4441,3,,,1,100,,4443,3,,,1
2201,'22-Weekday-11111100',600,,4474,3,,,1,30,,4444,3,,,1,70,,4445,3,,,1,34,,4446,3,,,1,74,,4447,3,,,1,30,,4448,3,,,1,70,,4449,3,,,1,28,,4450,3,,,1,68,,4451,3,,,1,30,,4452,3,,,1,70,,4453,3,,,1,30,,4454,3,,,1,70,,4455,3,,,1,30,,4456,3,,,1,70,,4457,3,,,1,30,,4458,3,,,1,70,,4459,3,,,1,32,,4460,3,,,1,71,,4461,3,,,1,31,,4462,3,,,1,70,,4463,3,,,1,30,,4464,3,,,1,70,,4465,3,,,1,30,,4466,3,,,1,69,,4467,3,,,1,27,,4468,3,,,1,70,,4469,3,,,1,30,,4470,3,,,1,70,,4471,3,,,1,30,,4475,3,,,1,70,,4472,3,,,1,30,,4476,3,,,1,69,,4473,3,,,1,28,,4478,3,,,1,70,,4477,3,,,1
3301,'33-Saturday-10000010',657,,5660,6,,,1,70,,5661,6,,,1,30,,5662,6,,,1,70,,5663,6,,,1,30,,5664,6,,,1,70,,5665,6,,,1,30,,5666,6,,,1,70,,5667,6,,,1,30,,5668,6,,,1,70,,5669,6,,,1,30,,5670,6,,,1,70,,5671,6,,,1,30,,5672,6,,,1,70,,5673,6,,,1,30,,5674,6,,,1,70,,5675,6,,,1,30,,5676,6,,,1,70,,5677,6,,,1,30,,5678,6,,,1,70,,5679,6,,,1,30,,5680,6,,,1,70,,5681,6,,,1,30,,5682,6,,,1,70,,5683,6,,,1,30,,5684,6,,,1
3301,'33-Sunday-10000001',757,,5685,6,,,1,70,,5686,6,,,1,30,,5687,6,,,1,70,,5688,6,,,1,30,,5689,6,,,1,70,,5690,6,,,1,30,,5691,6,,,1,70,,5692,6,,,1,30,,5693,6,,,1,70,,5694,6,,,1,30,,5695,6,,,1,70,,5696,6,,,1,30,,5697,6,,,1,70,,5698,6,,,1,30,,5699,6,,,1,70,,5700,6,,,1,30,,5701,6,,,1,70,,5702,6,,,1,30,,5703,6,,,1,70,,5704,6,,,1,30,,5705,6,,,1,70,,5706,6,,,1,30,,5707,6,,,1
3301,'33-Weekday-11111100',546,,5708,6,,,1,70,,5709,6,,,1,30,,5710,6,,,1,72,,5711,6,,,1,34,,5712,6,,,1,70,,5713,6,,,1,30,,5714,6,,,1,70,,5715,6,,,1,28,,5716,6,,,1,68,,5717,6,,,1,30,,5718,6,,,1,70,,5719,6,,,1,31,,5720,6,,,1,70,,5721,6,,,1,30,,5722,6,,,1,70,,5723,6,,,1,30,,5724,6,,,1,70,,5725,6,,,1,32,,5726,6,,,1,71,,5727,6,,,1,30,,5728,6,,,1,70,,5729,6,,,1,30,,5730,6,,,1,70,,5731,6,,,1,30,,5732,6,,,1,67,,5733,6,,,1,28,,5734,6,,,1,70,,5740,6,,,1,30,,5735,6,,,1,70,,5736,6,,,1,30,,5741,6,,,1,70,,5737,6,,,1,30,,5742,6,,,1,70,,5738,6,,,1,28,,5739,6,,,1,70,,5743,6,,,1
20100,'201-Holiday1-10000001',702,,8545,10,,,1,30,,8546,10,,,1,70,,8547,10,,,1,30,,8548,10,,,1,70,,8549,10,,,1,30,,8550,10,,,1,70,,8551,10,,,1,31,,8552,10,,,1,70,,8544,10,,,1,30,,8553,10,,,1,70,,8554,10,,,1,30,,8555,10,,,1,70,,8556,10,,,1,30,,8557,10,,,1,70,,8558,10,,,1,30,,8559,10,,,1,70,,8560,10,,,1,30,,8561,10,,,1,70,,8562,10,,,1,30,,8563,10,,,1,70,,8564,10,,,1,30,,8565,10,,,1,70,,8566,10,,,1,29,,8567,10,,,1,70,,8568,10,,,1,30,,8569,10,,,1,70,,8570,10,,,1,30,,8571,10,,,1,70,,8572,10,,,1,30,,8573,10,,,1,70,,8574,10,,,1,30,,8575,10,,,1,70,,8576,10,,,1,30,,8577,10,,,1,70,,8578,10,,,1
20100,'201-Saturday-10000010',638,,8614,3,,,1,65,,8579,10,,,1,30,,8580,10,,,1,70,,8581,10,,,1,30,,8582,10,,,1,70,,8583,10,,,1,31,,8584,10,,,1,70,,8585,10,,,1,30,,8586,10,,,1,70,,8587,10,,,1,30,,8588,10,,,1,70,,8589,10,,,1,30,,8590,10,,,1,70,,8591,10,,,1,30,,8592,10,,,1,70,,8593,10,,,1,30,,8594,10,,,1,70,,8595,10,,,1,30,,8596,10,,,1,70,,8597,10,,,1,30,,8598,10,,,1,70,,8599,10,,,1,30,,8600,10,,,1,70,,8601,10,,,1,29,,8602,10,,,1,70,,8603,10,,,1,30,,8604,10,,,1,70,,8605,10,,,1,30,,8606,10,,,1,70,,8607,10,,,1,30,,8608,10,,,1,70,,8609,10,,,1,30,,8610,10,,,1,70,,8611,10,,,1,30,,8612,10,,,1,70,,8613,10,,,1
20100,'201-Sunday-10000001',702,,8616,10,,,1,30,,8617,10,,,1,70,,8618,10,,,1,30,,8619,10,,,1,70,,8620,10,,,1,30,,8621,10,,,1,70,,8622,10,,,1,31,,8623,10,,,1,70,,8615,10,,,1,30,,8624,10,,,1,70,,8625,10,,,1,30,,8626,10,,,1,70,,8627,10,,,1,30,,8628,10,,,1,70,,8629,10,,,1,30,,8630,10,,,1,70,,8631,10,,,1,30,,8632,10,,,1,70,,8633,10,,,1,30,,8634,10,,,1,70,,8635,10,,,1,30,,8636,10,,,1,70,,8637,10,,,1,29,,8638,10,,,1,70,,8639,10,,,1,30,,8640,10,,,1,70,,8641,10,,,1,30,,8642,10,,,1,70,,8643,10,,,1,30,,8644,10,,,1,70,,8645,10,,,1,30,,8646,10,,,1,70,,8647,10,,,1,30,,8648,10,,,1,70,,8649,10,,,1
20100,'201-Weekday-11111100',518,,8684,3,,,1,20,,8725,3,,,1,16,,8685,10,,,1,55,,8686,10,,,1,15,,8683,10,,,1,15,,8687,10,,,1,15,,8682,10,,,1,55,,8688,10,,,1,15,,8681,10,,,1,10,,8713,10,,,1,10,,8689,10,,,1,10,,8677,10,,,1,50,,8714,10,,,1,10,,8690,10,,,1,10,,8678,10,,,1,10,,8715,10,,,1,10,,8691,10,,,1,10,,8675,10,,,1,50,,8716,10,,,1,10,,8692,10,,,1,10,,8674,10,,,1,10,,8717,10,,,1,11,,8693,10,,,1,10,,8650,10,,,1,50,,8729,10,,,1,10,,8694,10,,,1,10,,8651,10,,,1,10,,8730,10,,,1,10,,8695,10,,,1,10,,8652,10,,,1,50,,8731,10,,,1,10,,8696,10,,,1,10,,8653,10,,,1,10,,8732,10,,,1,10,,8697,10,,,1,10,,8654,10,,,1,50,,8733,10,,,1,10,,8698,10,,,1,10,,8655,10,,,1,10,,8734,10,,,1,10,,8699,10,,,1,10,,8656,10,,,1,50,,8735,10,,,1,10,,8700,10,,,1,10,,8657,10,,,1,10,,8736,10,,,1,10,,8701,10,,,1,10,,8658,10,,,1,50,,8737,10,,,1,10,,8702,10,,,1,10,,8659,10,,,1,10,,8738,10,,,1,11,,8703,10,,,1,61,,8676,10,,,1,10,,8718,10,,,1,10,,8712,10,,,1,10,,8704,10,,,1,10,,8719,10,,,1,10,,8680,10,,,1,50,,8660,10,,,1,10,,8720,10,,,1,10,,8705,10,,,1,10,,8706,10,,,1,10,,8721,10,,,1,10,,8661,10,,,1,50,,8707,10,,,1,10,,8722,10,,,1,10,,8679,10,,,1,10,,8708,10,,,1,10,,8723,10,,,1,10,,8662,10,,,1,50,,8709,10,,,1,10,,8724,10,,,1,9,,8663,10,,,1,10,,8710,10,,,1,15,,8743,10,,,1,55,,8711,10,,,1,15,,8726,10,,,1,15,,8664,10,,,1,15,,8727,10,,,1,55,,8665,10,,,1,15,,8728,10,,,1,15,,8666,10,,,1,15,,8739,10,,,1,55,,8667,10,,,1,15,,8740,10,,,1,15,,8668,10,,,1,15,,8741,10,0,5 6,1,55,,8669,10,,,1,13,,8742,10,,,1,30,,8670,10,,,1,70,,8671,10,,,1,35,,8672,10,,,1,70,,8673,10,,,1
