1601,'16-Holiday1-10000001',843,,14123,32,,,1,100,,14124,32,,,1,105,,14125,32,,,1,100,,14126,32,,,1,100,,14127,32,,,1,100,,14128,32,,,1,100,,14129,32,,,1,100,,14130,32,,,1,100,,14131,32,,,1,100,,14132,32,,,1,98,,14133,32,,,1,101,,14134,32,,,1,100,,14135,32,,,1,100,,14136,32,,,1,100,,14137,32,,,1,100,,14138,32,,,1
1601,'16-Saturday-10000010',647,,14139,5,,,1,70,,14140,32,,,1,30,,14141,32,,,1,70,,14142,32,,,1,30,,14143,32,,,1,71,,14144,32,,,1,34,,14145,32,,,1,73,,14146,32,,,1,30,,14147,32,,,1,70,,14148,32,,,1,30,,14149,32,,,1,70,,14150,32,,,1,30,,14151,32,,,1,70,,14152,32,,,1,30,,14153,32,,,1,70,,14154,32,,,1,30,,14155,32,,,1,70,,14156,32,,,1,30,,14157,32,,,1,70,,14158,32,,,1,30,,14159,32,,,1,70,,14160,32,,,1,30,,14161,32,,,1,68,,14162,32,,,1,28,,14163,32,,,1,68,,14164,32,,,1,30,,14165,32,,,1,70,,14166,32,,,1,30,,14167,32,,,1,70,,14168,32,,,1,30,,14169,32,,,1,70,,14170,32,,,1,30,,14171,32,,,1,70,,14172,32,,,1,30,,14174,32,,,1
1601,'16-Sunday-10000001',813,,14175,32,,,1,30,,14176,32,,,1,70,,14177,32,,,1,30,,14178,32,,,1,71,,14179,32,,,1,34,,14180,32,,,1,70,,14181,32,,,1,30,,14182,32,,,1,70,,14183,32,,,1,30,,14184,32,,,1,70,,14185,32,,,1,30,,14186,32,,,1,70,,14187,32,,,1,30,,14188,32,,,1,70,,14189,32,,,1,30,,14190,32,,,1,70,,14191,32,,,1,30,,14192,32,,,1,70,,14193,32,,,1,30,,14194,32,,,1,71,,14195,32,,,1,27,,14196,32,,,1,71,,14197,32,,,1,30,,14198,32,,,1,70,,14199,32,,,1,30,,14200,32,,,1,70,,14201,32,,,1,30,,14202,32,,,1,70,,14203,32,,,1,30,,14204,32,,,1,70,,14205,32,,,1,30,,14206,32,,,1
1601,'16-Weekday-11111100',612,,14208,32,,,1,32,,14209,32,,,1,12,,14245,32,,,1,59,,14210,32,,,1,20,,14249,32,,,1,15,,14211,32,,,1,57,,14246,32,,,1,16,,14212,32,,,1,15,,14247,32,,,1,15,,14213,32,,,1,55,,14248,32,,,1,15,,14214,32,,,1,16,,14258,32,,,1,15,,14215,32,,,1,56,,14264,32,,,1,16,,14216,32,,,1,15,,14265,32,,,1,14,,14217,32,,,1,56,,14266,32,,,1,15,,14218,32,,,1,15,,14267,32,,,1,15,,14219,32,,,1,55,,14268,32,,,1,15,,14220,32,,,1,15,,14269,32,,,1,15,,14221,32,,,1,55,,14270,32,,,1,15,,14222,32,,,1,15,,14271,32,,,1,15,,14223,32,,,1,55,,14272,32,,,1,15,,14224,32,,,1,15,,14273,32,,,1,17,,14225,32,,,1,55,,14255,32,,,1,15,,14226,32,,,1,17,,14250,32,,,1,55,,14227,32,,,1,16,,14251,32,,,1,15,,14228,32,,,1,15,,14252,32,,,1,55,,14229,32,,,1,15,,14253,32,,,1,15,,14230,32,,,1,15,,14254,32,,,1,55,,14231,32,,,1,13,,14244,32,,,1,13,,14232,32,,,1,14,,14256,32,,,1,13,,14233,32,,,1,53,,14259,32,,,1,15,,14234,32,,,1,14,,14235,32,,,1,15,,14260,32,,,1,55,,14236,32,,,1,15,,14263,32,,,1,15,,14237,32,,,1,15,,14261,32,,,1,55,,14238,32,,,1,15,,14262,32,,,1,15,,14239,32,,,1,15,,14274,32,,,1,54,,14240,32,,,1,31,,14241,32,,,1,67,,14242,32,,,1,13,,14243,32,,,1
2200,'22-Saturday-10000010',646,,14968,23,,,1,70,,14969,23,,,1,30,,14970,23,,,1,70,,14971,23,,,1,30,,14972,23,,,1,71,,14973,23,,,1,30,,14974,23,,,1,70,,14975,23,,,1,30,,14976,23,,,1,70,,14977,23,,,1,30,,14978,23,,,1,70,,14979,23,,,1,30,,14980,23,,,1,70,,14981,23,,,1,30,,14982,23,,,1,70,,14983,23,,,1,30,,14984,23,,,1,70,,14985,23,,,1,30,,14986,23,,,1,70,,14987,23,,,1,30,,14988,23,,,1,70,,14989,23,,,1,30,,14990,23,,,1,69,,14991,23,,,1,30,,14992,23,,,1,70,,14993,23,,,1,30,,14994,23,,,1,70,,14995,23,,,1,30,,14996,23,,,1,70,,14997,23,,,1,30,,14998,23,,,1,100,,14999,23,,,1,100,,15000,23,,,1
2200,'22-Sunday-10000001',846,,15011,23,,,1,100,,15001,23,,,1,100,,15002,23,,,1,100,,15003,23,,,1,100,,15004,23,,,1,100,,15005,23,,,1,100,,15006,23,,,1,100,,15007,23,,,1,100,,15008,23,,,1,100,,15009,23,,,1,100,,15010,23,,,1
2200,'22-Weekday-11111100',618,,15012,23,,,1,30,,15013,23,,,1,73,,15014,23,,,1,30,,15015,23,,,1,70,,15016,23,,,1,30,,15017,23,,,1,70,,15018,23,,,1,28,,15019,23,,,1,70,,15020,23,,,1,30,,15021,23,,,1,70,,15022,23,,,1,30,,15023,23,,,1,70,,15024,23,,,1,30,,15025,23,,,1,70,,15026,23,,,1,30,,15027,23,,,1,70,,15028,23,,,1,31,,15029,23,,,1,70,,15030,23,,,1,30,,15031,23,,,1,70,,15032,23,,,1,30,,15033,23,,,1,70,,15034,23,,,1,30,,15035,23,,,1,68,,15036,23,,,1,30,,15037,23,,,1,70,,15038,23,,,1,30,,15039,23,,,1,70,,15040,23,,,1,30,,15041,23,,,1,70,,15045,23,,,1,30,,15042,23,,,1,69,,15046,23,,,1,30,,15043,23,,,1,100,,15044,23,,,1
3301,'33-Saturday-10000010',658,,16353,9,,,1,70,,16354,9,,,1,30,,16355,9,,,1,70,,16356,9,,,1,31,,16357,9,,,1,71,,16358,9,,,1,70,,16359,9,,,1,30,,16360,9,,,1,70,,16361,9,,,1,30,,16362,9,,,1,70,,16363,9,,,1,30,,16364,9,,,1,70,,16365,9,,,1,30,,16366,9,,,1,70,,16367,9,,,1,30,,16368,9,,,1,70,,16369,9,,,1,30,,16370,9,,,1,70,,16371,9,,,1,30,,16372,9,,,1,70,,16373,9,,,1,30,,16374,9,,,1,29,,16375,9,,,1,69,,16376,9,,,1,30,,16377,9,,,1
3301,'33-Sunday-10000001',758,,16378,9,,,1,70,,16379,9,,,1,30,,16380,9,,,1,70,,16381,9,,,1,30,,16382,9,,,1,70,,16383,9,,,1,30,,16384,9,,,1,70,,16385,9,,,1,30,,16386,9,,,1,70,,16387,9,,,1,30,,16388,9,,,1,70,,16389,9,,,1,30,,16390,9,,,1,70,,16391,9,,,1,30,,16392,9,,,1,70,,16393,9,,,1,30,,16394,9,,,1,70,,16395,9,,,1,30,,16396,9,,,1,70,,16397,9,,,1,30,,16398,9,,,1,70,,16399,9,,,1,30,,16400,9,,,1
3301,'33-Weekday-11111100',547,,16401,9,,,1,70,,16402,9,,,1,30,,16403,9,,,1,73,,16404,9,,,1,34,,16405,9,,,1,70,,16406,9,,,1,30,,16407,9,,,1,70,,16408,9,,,1,28,,16409,9,,,1,68,,16410,9,,,1,30,,16411,9,,,1,70,,16412,9,,,1,31,,16413,9,,,1,70,,16414,9,,,1,30,,16415,9,,,1,70,,16416,9,,,1,30,,16417,9,,,1,70,,16418,9,,,1,32,,16419,9,,,1,71,,16420,9,,,1,30,,16421,9,,,1,70,,16422,9,,,1,30,,16423,9,,,1,70,,16424,9,,,1,30,,16425,9,,,1,66,,16426,9,,,1,28,,16427,9,,,1,70,,16433,9,,,1,30,,16428,9,,,1,70,,16429,9,,,1,30,,16434,9,,,1,70,,16430,9,,,1,30,,16435,9,,,1,70,,16431,9,,,1,28,,16432,9,,,1,70,,16436,9,,,1
