6001,'60-Saturday-10000010',720,,18233,6,,,1,30,,18234,6,,,1,70,,18235,6,,,1,30,,18236,6,,,1,70,,18237,6,,,1,30,,18238,6,,,1,70,,18239,6,,,1,30,,18240,6,,,1,70,,18241,6,,,1,30,,18242,6,,,1,70,,18243,6,,,1,30,,18244,6,,,1,70,,18245,6,,,1,30,,18246,6,,,1,70,,18247,6,,,1,30,,18248,6,,,1,70,,18249,6,,,1,30,,18250,6,,,1,70,,18251,6,,,1,30,,18252,6,,,1,70,,18253,6,,,1,30,,18254,6,,,1,70,,18255,6,,,1,30,,18256,6,,,1
6001,'60-Weekday-11111100',620,,18258,6,,,1,30,,18259,6,,,1,73,,18260,6,,,1,30,,18261,6,,,1,70,,18262,6,,,1,30,,18263,6,,,1,70,,18264,6,,,1,28,,18265,6,,,1,70,,18266,6,,,1,30,,18267,6,,,1,70,,18268,6,,,1,30,,18269,6,,,1,70,,18270,6,,,1,30,,18271,6,,,1,70,,18272,6,,,1,30,,18273,6,,,1,70,,18274,6,,,1,33,,18275,6,,,1,60,,18276,6,,,1,30,,18277,6,,,1,70,,18278,6,,,1,30,,18279,6,,,1,70,,18280,6,,,1,30,,18281,6,,,1,68,,18282,6,,,1,38,,18283,6,,,1,70,,18284,6,,,1,30,,18285,6,,,1,70,,18286,6,,,1,30,,18287,6,,,1,70,,18288,6,,,1,30,,18257,6,,,1
6501,'65-Holiday1-10000001',834,,18959,13,,,1,81,,18960,13,,,1,85,,18961,13,,,1,46,,18962,13,,,1,85,,18963,13,,,1,85,,18964,13,,,1,85,,18965,13,,,1,45,,18966,13,,,1,85,,18967,13,,,1,85,,18968,13,,,1,85,,18969,13,,,1,45,,18970,13,,,1,85,,18971,13,,,1,85,,18972,13,,,1,85,,18973,13,,,1,45,,18974,13,,,1,85,,18975,13,,,1,85,,18976,13,,,1,85,,18977,13,,,1
6501,'65-Saturday-10000010',715,,18978,13,,,1,30,,18979,13,,,1,70,,18980,13,,,1,30,,18981,13,,,1,72,,18982,13,,,1,31,,18983,13,,,1,70,,18984,13,,,1,30,,18985,13,,,1,70,,18986,13,,,1,30,,18987,13,,,1,70,,18988,13,,,1,30,,18989,13,,,1,70,,18990,13,,,1,30,,18991,13,,,1,70,,18992,13,,,1,30,,18993,13,,,1,70,,18994,13,,,1,30,,18995,13,,,1,70,,18996,13,,,1,30,,18997,13,,,1,70,,18998,13,,,1,30,,18999,13,,,1,69,,19000,13,,,1,29,,19001,13,,,1,85,,19002,13,,,1,85,,19003,13,,,1,85,,19004,13,,,1,45,,19005,13,,,1,85,,19006,13,,,1,85,,19007,13,,,1
6501,'65-Sunday-10000001',845,,19008,13,,,1,70,,19009,13,,,1,30,,19041,13,,,1,71,,19010,13,,,1,22,,19033,13,,,1,8,,19011,13,,,1,70,,19012,13,,,1,22,,19034,13,,,1,8,,19013,13,,,1,70,,19014,13,,,1,22,,19035,13,,,1,8,,19015,13,,,1,70,,19016,13,,,1,22,,19036,13,,,1,8,,19017,13,,,1,70,,19018,13,,,1,22,,19037,13,,,1,8,,19019,13,,,1,70,,19020,13,,,1,22,,19038,13,,,1,8,,19021,13,,,1,70,,19022,13,,,1,22,,19039,13,,,1,8,,19023,13,,,1,70,,19024,13,,,1,22,,19040,13,,,1,8,,19025,13,,,1,70,,19026,13,,,1,30,,19027,13,,,1,85,,19028,13,,,1,85,,19029,13,,,1,85,,19030,13,,,1,45,,19031,13,,,1,85,,19032,13,,,1
6501,'65-Weekday-11111100',545,,19042,13,,,1,70,,19043,13,,,1,30,,19044,13,,,1,72,,19045,13,,,1,32,,19046,13,,,1,70,,19047,13,,,1,30,,19048,13,,,1,70,,19049,13,,,1,29,,19050,13,,,1,70,,19051,13,,,1,30,,19052,13,,,1,70,,19053,13,,,1,30,,19054,13,,,1,70,,19055,13,,,1,30,,19056,13,,,1,70,,19057,13,,,1,30,,19058,13,,,1,70,,19059,13,,,1,38,,19060,13,,,1,72,,19061,13,,,1,30,,19062,13,,,1,70,,19063,13,,,1,30,,19064,13,,,1,70,,19065,13,,,1,30,,19066,13,,,1,66,,19067,13,,,1,22,,19068,13,,,1,70,,19069,13,,,1,30,,19070,13,,,1,70,,19071,13,,,1,30,,19072,13,,,1,70,,19073,13,,,1,30,,19074,13,,,1,69,,19075,13,,,1,28,,19076,13,,,1,70,,19077,13,,,1,30,,19078,13,,,1
20301,'203-Holiday1-10000001',1004,,20072,21,,,1,101,,20080,21,,,1,100,,20079,21,,,1,100,,20078,21,,,1,100,,20077,21,,,1,100,,20076,21,,,1,100,,20075,21,,,1,100,,20074,21,,,1,100,,20073,21,,,1,99,,20071,21,,,1,100,,20083,21,,,1,100,,20082,21,,,1,100,,20081,21,,,1
20301,'203-Saturday-10000010',735,,20087,21,,,1,100,,20088,21,,,1,101,,20089,21,,,1,100,,20090,21,,,1,70,,20091,21,,,1,30,,20092,21,,,1,70,,20093,21,,,1,30,,20094,21,,,1,70,,20095,21,,,1,30,,20096,21,,,1,70,,20097,21,,,1,30,,20098,21,,,1,70,,20099,21,,,1,30,,20100,21,,,1,70,,20101,21,,,1,30,,20102,21,,,1,70,,20103,21,,,1,30,,20084,21,,,1,69,,20086,21,,,1,30,,20085,21,,,1,70,,20104,21,,,1,95,,20105,21,,,1,100,,20106,21,,,1,100,,20107,21,,,1
20301,'203-Sunday-10000001',1004,,20109,21,,,1,101,,20117,21,,,1,100,,20116,21,,,1,100,,20115,21,,,1,100,,20114,21,,,1,100,,20113,21,,,1,100,,20112,21,,,1,100,,20111,21,,,1,100,,20110,21,,,1,49,,20108,21,,,1,100,,20120,21,,,1,100,,20119,21,,,1,100,,20118,21,,,1
20301,'203-Weekday-11111100',706,,20121,26,,,1,30,,20122,26,,,1,78,,20123,26,,,1,30,,20124,26,,,1,70,,20125,26,,,1,29,,20126,26,,,1,76,,20127,26,,,1,30,,20136,26,,,1,70,,20137,26,,,1,30,,20138,26,,,1,70,,20139,26,,,1,30,,20140,26,,,1,70,,20141,26,,,1,30,,20142,26,,,1,70,,20143,26,,,1,32,,20144,26,,,1,68,,20145,26,,,1,29,,20146,26,,,1,70,,20147,26,,,1,30,,20148,26,,,1,70,,20149,26,,,1,30,,20150,26,,,1,67,,20151,26,,,1,30,,20152,26,,,1,71,,20153,26,,,1,30,,20135,26,,,1,70,,20128,26,,,1,30,,20129,26,,,1,70,,20130,26,,,1,30,,20131,26,,,1,69,,20132,26,,,1,27,,20133,26,,,1,65,,20134,26,,,1,30,,20154,26,,,1
