2300,'23-Saturday-10000010',645,,25904,1,,,1,70,,25905,1,,,1,30,,25906,1,,,1,70,,25907,1,,,1,30,,25908,1,,,1,70,,25909,1,,,1,30,,25910,1,,,1,70,,25911,1,,,1,30,,25912,1,,,1,70,,25913,1,,,1,30,,25914,1,,,1,70,,25915,1,,,1,30,,25916,1,,,1,70,,25917,1,,,1,30,,25918,1,,,1,70,,25919,1,,,1,30,,25920,1,,,1,70,,25921,1,,,1,30,,25922,1,,,1,70,,25923,1,,,1,30,,25924,1,,,1,70,,25925,1,,,1,30,,25926,1,,,1,70,,25927,1,,,1,30,,25928,1,,,1,70,,25929,1,,,1,30,,25930,1,,,1,70,,25931,1,,,1,30,,25932,1,,,1,70,,25933,1,,,1
2300,'23-Sunday-10000001',715,,25935,1,,,1,30,,25936,1,,,1,70,,25937,1,,,1,30,,25938,1,,,1,70,,25939,1,,,1,30,,25940,1,,,1,70,,25941,1,,,1,30,,25942,1,,,1,70,,25943,1,,,1,30,,25934,1,,,1,70,,25944,1,,,1,30,,25945,1,,,1,70,,25946,1,,,1,30,,25947,1,,,1,70,,25948,1,,,1,30,,25949,1,,,1,70,,25950,1,,,1,30,,25951,1,,,1,70,,25952,1,,,1,30,,25953,1,,,1,70,,25954,1,,,1,30,,25955,1,,,1,70,,25956,1,,,1,30,,25957,1,,,1,70,,25958,1,,,1,30,,25959,1,,,1,70,,25960,1,,,1,30,,25961,1,,,1
2300,'23-Weekday-11111100',545,,25994,1,,,1,70,,25993,1,,,1,30,,25992,1,,,1,70,,25991,1,,,1,30,,25990,1,,,1,70,,25989,1,,,1,30,,25988,1,,,1,70,,25987,1,,,1,30,,25986,1,,,1,70,,25985,1,,,1,30,,25984,1,,,1,70,,25983,1,,,1,30,,25982,1,,,1,70,,25981,1,,,1,30,,25980,1,,,1,70,,25979,1,,,1,30,,25978,1,,,1,70,,25977,1,,,1,30,,25976,1,,,1,70,,25975,1,,,1,30,,25974,1,,,1,70,,25973,1,,,1,30,,25972,1,,,1,70,,25971,1,,,1,30,,25970,1,,,1,70,,25969,1,,,1,30,,25968,1,,,1,70,,25967,1,,,1,30,,25966,1,,,1,70,,25965,1,,,1,30,,25964,1,,,1,70,,25963,1,,,1,30,,25995,1,,,1,70,,25962,1,,,1
2301,'23-Saturday-10000010',737,,25996,27,4,,1,70,,25997,27,4,,1,30,,25998,27,4,,1,70,,25999,27,4,,1,31,,26000,27,4,,1,70,,26001,27,4,,1,30,,26002,27,4,,1,70,,26003,27,4,,1,30,,26004,27,4,,1,70,,26005,27,4,,1,30,,26006,27,4,,1,70,,26007,27,4,,1,30,,26008,27,4,,1,70,,26009,27,4,,1,30,,26010,27,4,,1,70,,26011,27,4,,1,30,,26012,27,4,,1,70,,26013,27,4,,1,30,,26014,27,4,,1,70,,26015,27,4,,1,30,,26016,27,4,,1,70,,26017,27,4,,1,29,,26018,27,4,,1,70,,26019,27,4,,1,30,,26020,27,4,,1,70,,26024,27,4,,1,30,,26021,27,4,,1,70,,26022,27,4,,1,30,,26023,27,4,,1
2301,'23-Sunday-10000001',806,,26029,27,4,,1,30,,26030,27,4,,1,70,,26031,27,4,,1,31,,26032,27,4,,1,70,,26033,27,4,,1,30,,26034,27,4,,1,70,,26035,27,4,,1,30,,26036,27,4,,1,70,,26037,27,4,,1,30,,26027,27,4,,1,70,,26038,27,4,,1,30,,26039,27,4,,1,70,,26040,27,4,,1,30,,26041,27,4,,1,70,,26042,27,4,,1,30,,26043,27,4,,1,70,,26044,27,4,,1,30,,26045,27,4,,1,70,,26046,27,4,,1,30,,26047,27,4,,1,70,,26048,27,4,,1,30,,26049,27,4,,1,70,,26050,27,4,,1,30,,26051,27,4,,1,70,,26052,27,4,,1,30,,26026,27,4,,1,70,,26028,27,4,,1,30,,26025,27,4,,1
2301,'23-Weekday-11111100',552,,26086,27,4,,1,85,,26085,27,4,,1,71,,26084,27,4,,1,31,,26083,27,4,,1,70,,26082,27,4,,1,30,,26081,27,4,,1,70,,26080,27,4,,1,31,,26079,27,4,,1,69,,26078,27,4,,1,30,,26077,27,4,,1,70,,26076,27,4,,1,30,,26075,27,4,,1,70,,26074,27,4,,1,30,,26073,27,4,,1,70,,26072,27,4,,1,30,,26071,27,4,,1,70,,26070,27,4,,1,30,,26069,27,4,,1,72,,26068,27,4,,1,30,,26067,27,4,,1,70,,26066,27,4,,1,30,,26065,27,4,,1,70,,26064,27,4,,1,30,,26063,27,4,,1,68,,26062,27,4,,1,28,,26061,27,4,,1,70,,26060,27,4,,1,30,,26059,27,4,,1,70,,26058,27,4,,1,30,,26057,27,4,,1,70,,26056,27,4,,1,30,,26055,27,4,,1,69,,26053,27,4,,1,29,,26054,27,4,,1
2700,'27-Holiday1-10000001',730,,26142,1,,,1,70,,26143,1,,,1,30,,26144,1,,,1,70,,26145,1,,,1,30,,26140,1,,,1,70,,26128,1,,,1,30,,26138,1,,,1,70,,26127,1,,,1,30,,26131,1,,,1,70,,26126,1,,,1,30,,26139,1,,,1,70,,26125,1,,,1,30,,26130,1,,,1,70,,26124,1,,,1,30,,26137,1,,,1,70,,26123,1,,,1,30,,26115,1,,,1,70,,26122,1,,,1,30,,26129,1,,,1,70,,26121,1,,,1,30,,26134,1,,,1,70,,26120,1,,,1,30,,26136,1,,,1,70,,26119,1,,,1,30,,26132,1,,,1,70,,26118,1,,,1,30,,26135,1,,,1,70,,26116,1,,,1,30,,26133,1,,,1,70,,26141,1,,,1,30,,26117,1,,,1
2700,'27-Saturday-10000010',635,,26175,1,,,1,75,,26146,1,,,1,35,,26149,1,,,1,75,,26147,1,,,1,35,,26148,1,,,1,75,,26150,1,,,1,75,,26151,1,,,1,35,,26152,1,,,1,75,,26153,1,,,1,35,,26154,1,,,1,75,,26155,1,,,1,75,,26156,1,,,1,35,,26157,1,,,1,75,,26158,1,,,1,35,,26159,1,,,1,75,,26160,1,,,1,35,,26161,1,,,1,75,,26162,1,,,1,75,,26163,1,,,1,35,,26164,1,,,1,75,,26165,1,,,1,35,,26166,1,,,1,75,,26167,1,,,1,75,,26168,1,,,1,35,,26169,1,,,1,75,,26170,1,,,1,35,,26171,1,,,1,75,,26172,1,,,1,35,,26173,1,,,1,75,,26174,1,,,1
2700,'27-Sunday-10000001',710,,26176,1,,,1,35,,26177,1,,,1,75,,26178,1,,,1,35,,26179,1,,,1,75,,26180,1,,,1,75,,26181,1,,,1,35,,26182,1,,,1,75,,26183,1,,,1,35,,26184,1,,,1,75,,26185,1,,,1,75,,26186,1,,,1,35,,26187,1,,,1,75,,26188,1,,,1,35,,26189,1,,,1,75,,26190,1,,,1,35,,26191,1,,,1,75,,26192,1,,,1,75,,26193,1,,,1,35,,26194,1,,,1,75,,26195,1,,,1,35,,26196,1,,,1,75,,26197,1,,,1,75,,26198,1,,,1,35,,26199,1,,,1,75,,26200,1,,,1,35,,26201,1,,,1,75,,26202,1,,,1,35,,26203,1,,,1
2700,'27-Weekday-11111100',530,,26231,1,,,1,70,,26204,1,,,1,35,,26205,1,,,1,75,,26206,1,,,1,35,,26207,1,,,1,75,,26208,1,,,1,35,,26209,1,,,1,75,,26210,1,,,1,75,,26211,1,,,1,35,,26212,1,,,1,75,,26213,1,,,1,35,,26214,1,,,1,75,,26215,1,,,1,75,,26216,1,,,1,35,,26217,1,,,1,75,,26218,1,,,1,35,,26219,1,,,1,75,,26220,1,,,1,35,,26221,1,,,1,75,,26222,1,,,1,75,,26223,1,,,1,35,,26224,1,,,1,75,,26225,1,,,1,35,,26226,1,,,1,75,,26227,1,,,1,75,,26228,1,,,1,35,,26229,1,,,1,75,,26230,1,,,1,35,,26232,1,,,1,75,,26233,1,,,1,35,,26234,1,,,1,75,,26235,1,,,1
2701,'27-Holiday1-10000001',755,,26238,13,4,,1,70,,26239,13,4,,1,30,,26240,13,4,,1,70,,26241,13,4,,1,30,,26242,13,4,,1,70,,26243,13,4,,1,30,,26244,13,4,,1,70,,26245,13,4,,1,30,,26246,13,4,,1,70,,26247,13,4,,1,30,,26248,13,4,,1,70,,26249,13,4,,1,30,,26250,13,4,,1,70,,26251,13,4,,1,30,,26252,13,4,,1,70,,26253,13,4,,1,30,,26254,13,4,,1,70,,26255,13,4,,1,30,,26256,13,4,,1,70,,26257,13,4,,1,30,,26258,13,4,,1,70,,26259,13,4,,1,30,,26260,13,4,,1,70,,26261,13,4,,1,30,,26262,13,4,,1,70,,26263,13,4,,1,30,,26264,13,4,,1,70,,26265,13,4,,1,30,,26266,13,4,,1,70,,26236,13,4,,1,30,,26237,13,4,,1
2701,'27-Saturday-10000010',700,,26296,13,4,,1,35,,26267,13,4,,1,75,,26291,13,4,,1,35,,26268,13,4,,1,76,,26269,13,4,,1,36,,26270,13,4,,1,75,,26271,13,4,,1,75,,26272,13,4,,1,35,,26273,13,4,,1,75,,26274,13,4,,1,35,,26275,13,4,,1,75,,26276,13,4,,1,75,,26277,13,4,,1,35,,26278,13,4,,1,75,,26279,13,4,,1,35,,26280,13,4,,1,75,,26281,13,4,,1,35,,26282,13,4,,1,75,,26283,13,4,,1,74,,26284,13,4,,1,34,,26285,13,4,,1,75,,26286,13,4,,1,35,,26287,13,4,,1,75,,26288,13,4,,1,75,,26289,13,4,,1,35,,26290,13,4,,1,75,,26292,13,4,,1,35,,26293,13,4,,1,75,,26294,13,4,,1,35,,26295,13,4,,1
2701,'27-Sunday-10000001',735,,26297,13,4,,1,75,,26298,13,4,,1,35,,26299,13,4,,1,75,,26300,13,4,,1,35,,26301,13,4,,1,75,,26302,13,4,,1,75,,26303,13,4,,1,35,,26304,13,4,,1,75,,26305,13,4,,1,35,,26306,13,4,,1,75,,26307,13,4,,1,75,,26308,13,4,,1,35,,26309,13,4,,1,75,,26310,13,4,,1,35,,26311,13,4,,1,75,,26312,13,4,,1,35,,26313,13,4,,1,75,,26314,13,4,,1,75,,26315,13,4,,1,35,,26316,13,4,,1,75,,26317,13,4,,1,35,,26318,13,4,,1,75,,26319,13,4,,1,75,,26320,13,4,,1,35,,26321,13,4,,1,75,,26322,13,4,,1,35,,26323,13,4,,1,75,,26324,13,4,,1
2701,'27-Weekday-11111100',555,,26352,13,4,,1,70,,26325,13,4,,1,75,,26326,13,4,,1,38,,26327,13,4,,1,75,,26328,13,4,,1,35,,26329,13,4,,1,75,,26330,13,4,,1,34,,26331,13,4,,1,75,,26332,13,4,,1,75,,26333,13,4,,1,35,,26334,13,4,,1,75,,26335,13,4,,1,35,,26336,13,4,,1,75,,26337,13,4,,1,75,,26338,13,4,,1,34,,26339,13,4,,1,76,,26340,13,4,,1,35,,26341,13,4,,1,75,,26342,13,4,,1,35,,26343,13,4,,1,75,,26344,13,4,,1,76,,26345,13,4,,1,34,,26346,13,4,,1,75,,26347,13,4,,1,35,,26348,13,4,,1,75,,26349,13,4,,1,75,,26350,13,4,,1,35,,26351,13,4,,1,74,,26353,13,4,,1,35,,26354,13,4,,1,75,,26355,13,4,,1,35,,26356,13,4,,1
