5300,'53-Holiday1-10000001',850,,17230,30,,,1,100,,17231,30,,,1,104,,17232,30,,,1,100,,17233,30,,,1,100,,17234,30,,,1,100,,17235,30,,,1,100,,17236,30,,,1,100,,17237,30,,,1,100,,17238,30,,,1,100,,17239,30,,,1,96,,17240,30,,,1,100,,17241,30,,,1,100,,17242,30,,,1,100,,17243,30,,,1,100,,17244,30,,,1,100,,17245,30,,,1
5300,'53-Saturday-10000010',724,,17246,30,,,1,30,,17247,30,,,1,70,,17248,30,,,1,30,,17249,30,,,1,72,,17250,30,,,1,30,,17251,30,,,1,70,,17252,30,,,1,30,,17253,30,,,1,70,,17254,30,,,1,30,,17255,30,,,1,70,,17256,30,,,1,30,,17257,30,,,1,70,,17258,30,,,1,30,,17259,30,,,1,70,,17260,30,,,1,30,,17261,30,,,1,70,,17262,30,,,1,30,,17263,30,,,1,70,,17264,30,,,1,30,,17265,30,,,1,70,,17266,30,,,1,30,,17267,30,,,1,68,,17268,30,,,1,30,,17269,30,,,1,100,,17270,30,,,1,100,,17271,30,,,1,100,,17272,30,,,1,100,,17273,30,,,1,100,,17274,30,,,1
5300,'53-Sunday-10000001',820,,17275,30,,,1,100,,17276,30,,,1,104,,17277,30,,,1,30,,17278,30,,,1,70,,17279,30,,,1,30,,17280,30,,,1,70,,17281,30,,,1,30,,17282,30,,,1,70,,17283,30,,,1,30,,17284,30,,,1,70,,17285,30,,,1,30,,17286,30,,,1,70,,17287,30,,,1,30,,17288,30,,,1,70,,17289,30,,,1,30,,17290,30,,,1,70,,17291,30,,,1,30,,17292,30,,,1,96,,17293,30,,,1,100,,17294,30,,,1,100,,17295,30,,,1,100,,17296,30,,,1,100,,17297,30,,,1,100,,17298,30,,,1
5300,'53-Weekday-11111100',628,,17326,35,,,1,30,,17327,35,,,1,70,,17328,35,,,1,30,,17329,35,,,1,70,,17330,35,,,1,27,,17315,30,,,1,70,,17316,30,,,1,29,,17317,30,,,1,70,,17308,30,,,1,30,,17309,30,,,1,70,,17310,30,,,1,30,,17311,30,,,1,70,,17312,30,,,1,30,,17313,30,,,1,70,,17314,30,,,1,30,,17333,30,,,1,81,,17318,35,,,1,74,,17334,35,,,1,30,,17321,35,,,1,70,,17325,35,,,1,30,,17324,35,,,1,70,,17323,35,,,1,30,,17322,35,,,1,69,,17331,35,,,1,19,,17332,35,,,1,25,,17307,30,,,1,70,,17301,30,,,1,30,,17302,30,,,1,70,,17303,30,,,1,30,,17304,30,,,1,70,,17300,30,,,1,30,,17299,30,,,1,72,,17320,35,,,1,30,,17319,35,,,1,64,,17305,30,,,1,30,,17306,30,,,1
5800,'58-Holiday1-11111111',834,,17984,21,,,1,100,,17983,21,,,1,100,,17982,21,,,1,100,,17981,21,,,1,100,,17980,21,,,1,100,,17979,21,,,1,100,,17978,21,,,1,100,,17977,21,,,1,100,,17976,21,,,1,100,,17975,21,,,1,99,,17974,21,,,1,100,,17973,21,,,1,100,,17972,21,,,1,100,,17971,21,,,1,100,,17970,21,,,1,100,,17969,21,,,1
5800,'58-Saturday-10000010',734,,17991,21,,,1,70,,17990,21,,,1,30,,17989,21,,,1,71,,17988,21,,,1,29,,17987,21,,,1,70,,17986,21,,,1,30,,17985,21,,,1,70,,18006,21,,,1,30,,18005,21,,,1,70,,18004,21,,,1,30,,18003,21,,,1,70,,18002,21,,,1,30,,18001,21,,,1,70,,18000,21,,,1,30,,17999,21,,,1,70,,17998,21,,,1,30,,17997,21,,,1,70,,17996,21,,,1,30,,17995,21,,,1,70,,17994,21,,,1,30,,17993,21,,,1,69,,17992,21,,,1,31,,18012,21,,,1,100,,18011,21,,,1,100,,18010,21,,,1,100,,18009,21,,,1,100,,18008,21,,,1,100,,18007,21,,,1
5800,'58-Sunday-10000001',904,,18013,21,,,1,99,,18015,21,,,1,101,,18014,21,,,1,30,,18030,21,,,1,70,,18029,21,,,1,30,,18028,21,,,1,70,,18027,21,,,1,30,,18026,21,,,1,70,,18025,21,,,1,30,,18024,21,,,1,70,,18023,21,,,1,30,,18022,21,,,1,70,,18021,21,,,1,30,,18020,21,,,1,70,,18019,21,,,1,30,,18018,21,,,1,70,,18017,21,,,1,29,,18016,21,,,1,100,,18035,21,,,1,100,,18034,21,,,1,100,,18033,21,,,1,100,,18032,21,,,1,100,,18031,21,,,1
5800,'58-Weekday-11111100',552,,18036,21,,,1,70,,18037,21,,,1,25,,18038,21,,,1,70,,18039,21,,,1,31,,18040,21,,,1,70,,18041,21,,,1,30,,18042,21,,,1,70,,18043,21,,,1,30,,18044,21,,,1,70,,18045,21,,,1,30,,18046,21,,,1,70,,18047,21,,,1,30,,18048,21,,,1,70,,18049,21,,,1,30,,18050,21,,,1,70,,18051,21,,,1,30,,18052,21,,,1,70,,18072,21,,,1,87,,18053,21,,,1,30,,18054,21,,,1,70,,18055,21,,,1,30,,18056,21,,,1,70,,18057,21,,,1,30,,18058,21,,,1,69,,18059,21,,,1,13,,18060,21,,,1,30,,18061,21,,,1,70,,18062,21,,,1,30,,18063,21,,,1,70,,18064,21,,,1,30,,18065,21,,,1,70,,18066,21,,,1,30,,18067,21,,,1,68,,18068,21,,,1,15,,18069,21,,,1,70,,18070,21,,,1,30,,18071,21,,,1
6501,'65-Holiday1-10000001',838,,18959,14,,,1,81,,18960,14,,,1,85,,18961,14,,,1,46,,18962,14,,,1,85,,18963,14,,,1,85,,18964,14,,,1,85,,18965,14,,,1,45,,18966,14,,,1,85,,18967,14,,,1,85,,18968,14,,,1,85,,18969,14,,,1,45,,18970,14,,,1,85,,18971,14,,,1,84,,18972,14,,,1,85,,18973,14,,,1,45,,18974,14,,,1,85,,18975,14,,,1,85,,18976,14,,,1,85,,18977,14,,,1
6501,'65-Saturday-10000010',719,,18978,14,,,1,30,,18979,14,,,1,70,,18980,14,,,1,30,,18981,14,,,1,72,,18982,14,,,1,31,,18983,14,,,1,70,,18984,14,,,1,30,,18985,14,,,1,70,,18986,14,,,1,30,,18987,14,,,1,70,,18988,14,,,1,30,,18989,14,,,1,70,,18990,14,,,1,30,,18991,14,,,1,70,,18992,14,,,1,30,,18993,14,,,1,70,,18994,14,,,1,30,,18995,14,,,1,70,,18996,14,,,1,30,,18997,14,,,1,70,,18998,14,,,1,30,,18999,14,,,1,68,,19000,14,,,1,29,,19001,14,,,1,85,,19002,14,,,1,85,,19003,14,,,1,85,,19004,14,,,1,45,,19005,14,,,1,85,,19006,14,,,1,85,,19007,14,,,1
6501,'65-Sunday-10000001',849,,19008,14,,,1,70,,19009,14,,,1,30,,19041,14,,,1,71,,19010,14,,,1,22,,19033,14,,,1,8,,19011,14,,,1,70,,19012,14,,,1,22,,19034,14,,,1,8,,19013,14,,,1,70,,19014,14,,,1,22,,19035,14,,,1,8,,19015,14,,,1,70,,19016,14,,,1,22,,19036,14,,,1,8,,19017,14,,,1,70,,19018,14,,,1,22,,19037,14,,,1,8,,19019,14,,,1,70,,19020,14,,,1,22,,19038,14,,,1,8,,19021,14,,,1,70,,19022,14,,,1,22,,19039,14,,,1,8,,19023,14,,,1,70,,19024,14,,,1,22,,19040,14,,,1,8,,19025,14,,,1,69,,19026,14,,,1,30,,19027,14,,,1,85,,19028,14,,,1,85,,19029,14,,,1,85,,19030,14,,,1,45,,19031,14,,,1,85,,19032,14,,,1
6501,'65-Weekday-11111100',549,,19042,14,,,1,70,,19043,14,,,1,30,,19044,14,,,1,72,,19045,14,,,1,32,,19046,14,,,1,70,,19047,14,,,1,30,,19048,14,,,1,70,,19049,14,,,1,29,,19050,14,,,1,70,,19051,14,,,1,30,,19052,14,,,1,70,,19053,14,,,1,30,,19054,14,,,1,70,,19055,14,,,1,30,,19056,14,,,1,70,,19057,14,,,1,30,,19058,14,,,1,70,,19059,14,,,1,78,,19060,14,,,1,32,,19061,14,,,1,70,,19062,14,,,1,30,,19063,14,,,1,70,,19064,14,,,1,30,,19065,14,,,1,70,,19066,14,,,1,26,,19067,14,,,1,22,,19068,14,,,1,70,,19069,14,,,1,30,,19070,14,,,1,70,,19071,14,,,1,30,,19072,14,,,1,70,,19073,14,,,1,30,,19074,14,,,1,68,,19075,14,,,1,28,,19076,14,,,1,70,,19077,14,,,1,30,,19078,14,,,1
6701,'67-Weekday-11111100',648,,19109,40,,,1,70,,19100,40,,,1,30,,19099,40,,,1,70,,19097,40,,,1,30,,19112,40,,,1,70,,19098,40,,,1,533,,19105,40,,,1,70,,19104,40,,,1,30,,19103,40,,,1,70,,19102,40,,,1,30,,19101,40,,,1,70,,19110,40,,,1,30,,19106,40,,,1,70,,19113,40,,,1,429,,19108,40,,,1,70,,19111,40,,,1,30,,19107,40,,,1
