1300,'13-Holiday1-10000001',802,,13685,4,,,1,100,,13686,4,,,1,101,,13687,4,,,1,100,,13688,4,,,1,100,,13689,4,,,1,100,,13690,4,,,1,100,,13691,4,,,1,100,,13692,4,,,1,100,,13693,4,,,1,100,,13694,4,,,1,99,,13695,4,,,1,100,,13696,4,,,1,100,,13697,4,,,1,100,,13698,4,,,1,100,,13699,4,,,1,100,,13700,4,,,1
1300,'13-Saturday-10000010',703,,13702,4,,,1,30,,13703,4,,,1,70,,13704,4,,,1,30,,13705,4,,,1,70,,13706,4,,,1,30,,13707,4,,,1,70,,13708,4,,,1,30,,13709,4,,,1,70,,13710,4,,,1,30,,13711,4,,,1,70,,13712,4,,,1,30,,13713,4,,,1,70,,13714,4,,,1,30,,13715,4,,,1,70,,13701,4,,,1,30,,13716,4,,,1,70,,13717,4,,,1,30,,13718,4,,,1,70,,13719,4,,,1,30,,13720,4,,,1,70,,13721,4,,,1,30,,13722,4,,,1,70,,13723,4,,,1,30,,13724,4,,,1,70,,13725,4,,,1,30,,13726,4,,,1,70,,13727,4,,,1,30,,13728,4,,,1,70,,13729,4,,,1,30,,13730,4,,,1,70,,13731,4,,,1,30,,13732,4,,,1,70,,13733,4,,,1,30,,13734,4,,,1,70,,13735,4,,,1
1300,'13-Sunday-10000001',802,,13737,4,,,1,30,,13736,4,,,1,70,,13738,4,,,1,30,,13739,4,,,1,71,,13740,4,,,1,30,,13741,4,,,1,70,,13742,4,,,1,30,,13743,4,,,1,70,,13744,4,,,1,30,,13745,4,,,1,70,,13746,4,,,1,30,,13747,4,,,1,70,,13748,4,,,1,30,,13749,4,,,1,70,,13750,4,,,1,30,,13751,4,,,1,70,,13752,4,,,1,30,,13753,4,,,1,70,,13754,4,,,1,30,,13755,4,,,1,69,,13756,4,,,1,30,,13757,4,,,1,70,,13758,4,,,1,30,,13759,4,,,1,70,,13760,4,,,1,30,,13761,4,,,1,70,,13762,4,,,1,30,,13763,4,,,1,70,,13764,4,,,1,30,,13765,4,,,1,70,,13766,4,,,1
1300,'13-Weekday-11111100',532,,13792,4,,,1,70,,13767,4,,,1,30,,13768,4,,,1,71,,13769,4,,,1,30,,13770,4,,,1,15,,13805,4,,,1,55,,13771,4,,,1,30,,13772,4,,,1,70,,13773,4,,,1,30,,13774,4,,,1,70,,13775,4,,,1,30,,13776,4,,,1,70,,13777,4,,,1,30,,13778,4,,,1,70,,13779,4,,,1,30,,13780,4,,,1,70,,13781,4,,,1,30,,13782,4,,,1,70,,13783,4,,,1,30,,13784,4,,,1,70,,13785,4,,,1,30,,13786,4,,,1,70,,13787,4,,,1,30,,13788,4,,,1,70,,13789,4,,,1,30,,13790,4,,,1,70,,13791,4,,,1,30,,13797,4,,,1,70,,13798,4,,,1,30,,13799,4,,,1,70,,13800,4,,,1,30,,13801,4,,,1,70,,13802,4,,,1,30,,13803,4,,,1,69,,13804,4,,,1,30,,13793,4,,,1,70,,13795,4,,,1,30,,13794,4,,,1,70,,13796,4,,,1
2900,'29-Saturday-10000010',658,,15776,4,,,1,70,,15777,4,,,1,30,,15778,4,,,1,70,,15779,4,,,1,30,,15780,4,,,1,70,,15781,4,,,1,30,,15782,4,,,1,70,,15783,4,,,1,30,,15784,4,,,1,70,,15785,4,,,1,30,,15786,4,,,1,70,,15787,4,,,1,30,,15788,4,,,1,70,,15789,4,,,1,30,,15790,4,,,1,70,,15791,4,,,1,30,,15792,4,,,1,70,,15793,4,,,1,30,,15794,4,,,1,70,,15795,4,,,1,30,,15796,4,,,1,70,,15797,4,,,1,30,,15798,4,,,1,70,,15799,4,,,1,30,,15800,4,,,1,70,,15801,4,,,1,30,,15802,4,,,1,70,,15803,4,,,1,30,,15804,4,,,1,70,,15805,4,,,1,30,,15806,4,,,1,70,,15807,4,,,1,30,,15808,4,,,1,70,,15809,4,,,1,100,,15810,4,,,1
2900,'29-Sunday-10000001',858,,15811,4,,,1,70,,15812,4,,,1,30,,15813,4,,,1,70,,15814,4,,,1,30,,15815,4,,,1,70,,15816,4,,,1,30,,15817,4,,,1,70,,15818,4,,,1,30,,15819,4,,,1,70,,15820,4,,,1,30,,15821,4,,,1,70,,15822,4,,,1,30,,15823,4,,,1,70,,15824,4,,,1,30,,15825,4,,,1,70,,15826,4,,,1,30,,15827,4,,,1,70,,15828,4,,,1,30,,15829,4,,,1,70,,15830,4,,,1,30,,15831,4,,,1,70,,15832,4,,,1,30,,15833,4,,,1,70,,15834,4,,,1,30,,15835,4,,,1,70,,15836,4,,,1,30,,15837,4,,,1,70,,15838,4,,,1,30,,15839,4,,,1,70,,15840,4,,,1,100,,15841,4,,,1
2900,'29-Weekday-11111100',547,,15878,4,,,1,80,,15875,4,,,1,25,,15877,4,,,1,81,,15876,4,,,1,70,,15851,4,,,1,30,,15852,4,,,1,70,,15853,4,,,1,30,,15854,4,,,1,70,,15855,4,,,1,30,,15856,4,,,1,70,,15857,4,,,1,30,,15858,4,,,1,70,,15859,4,,,1,30,,15860,4,,,1,70,,15861,4,,,1,30,,15862,4,,,1,70,,15863,4,,,1,30,,15864,4,,,1,70,,15865,4,,,1,30,,15866,4,,,1,70,,15867,4,,,1,30,,15868,4,,,1,70,,15869,4,,,1,30,,15870,4,,,1,70,,15871,4,,,1,30,,15872,4,,,1,70,,15873,4,,,1,30,,15874,4,,,1,70,,15850,4,,,1,30,,15849,4,,,1,70,,15848,4,,,1,30,,15842,4,,,1,70,,15847,4,,,1,25,,15845,4,,,1,25,,15846,4,,,1,70,,15844,4,,,1,30,,15843,4,,,1
20200,'202-Holiday1-10000001',717,,19640,2,,,1,30,,19641,2,,,1,70,,19642,2,,,1,30,,19643,2,,,1,70,,19644,2,,,1,30,,19645,2,,,1,71,,19646,2,,,1,30,,19647,2,,,1,70,,19648,2,,,1,30,,19649,2,,,1,70,,19639,2,,,1,30,,19650,2,,,1,70,,19651,2,,,1,30,,19652,2,,,1,70,,19653,2,,,1,30,,19654,2,,,1,70,,19655,2,,,1,30,,19656,2,,,1,70,,19657,2,,,1,30,,19658,2,,,1,70,,19659,2,,,1,30,,19660,2,,,1,69,,19661,2,,,1,30,,19662,2,,,1,70,,19663,2,,,1,30,,19664,2,,,1,70,,19665,2,,,1,30,,19666,2,,,1,70,,19667,2,,,1,30,,19668,2,,,1,70,,19669,2,,,1,30,,19670,2,,,1,70,,19671,2,,,1,30,,19672,2,,,1
20200,'202-Saturday-10000010',617,,19708,2,,,1,30,,19673,2,,,1,70,,19674,2,,,1,30,,19675,2,,,1,70,,19676,2,,,1,30,,19677,2,,,1,71,,19678,2,,,1,30,,19679,2,,,1,70,,19680,2,,,1,30,,19681,2,,,1,70,,19682,2,,,1,30,,19683,2,,,1,70,,19684,2,,,1,30,,19685,2,,,1,70,,19686,2,,,1,30,,19687,2,,,1,70,,19688,2,,,1,30,,19689,2,,,1,70,,19690,2,,,1,30,,19691,2,,,1,70,,19692,2,,,1,30,,19693,2,,,1,70,,19694,2,,,1,30,,19695,2,,,1,69,,19696,2,,,1,30,,19697,2,,,1,70,,19698,2,,,1,30,,19699,2,,,1,70,,19700,2,,,1,30,,19701,2,,,1,70,,19702,2,,,1,30,,19703,2,,,1,70,,19704,2,,,1,30,,19705,2,,,1,70,,19706,2,,,1,30,,19707,2,,,1
20200,'202-Sunday-10000001',717,,19710,2,,,1,30,,19711,2,,,1,70,,19712,2,,,1,30,,19713,2,,,1,70,,19714,2,,,1,30,,19715,2,,,1,71,,19716,2,,,1,30,,19717,2,,,1,70,,19718,2,,,1,30,,19719,2,,,1,70,,19709,2,,,1,30,,19720,2,,,1,70,,19721,2,,,1,30,,19722,2,,,1,70,,19723,2,,,1,30,,19724,2,,,1,70,,19725,2,,,1,30,,19726,2,,,1,70,,19727,2,,,1,30,,19728,2,,,1,70,,19729,2,,,1,30,,19730,2,,,1,69,,19731,2,,,1,30,,19732,2,,,1,70,,19733,2,,,1,30,,19734,2,,,1,70,,19735,2,,,1,30,,19736,2,,,1,70,,19737,2,,,1,30,,19738,2,,,1,70,,19739,2,,,1,30,,19740,2,,,1,70,,19741,2,,,1,30,,19742,2,,,1
20200,'202-Weekday-11111100',552,,19777,2,,,1,70,,19778,2,,,1,30,,19779,2,,,1,60,,19744,2,,,1,10,,19780,2,,,1,10,,19802,2,,,1,10,,19745,2,,,1,10,,19781,2,,,1,50,,19803,2,,,1,10,,19743,2,,,1,10,,19782,2,,,1,10,,19804,2,,,1,10,,19746,2,,,1,10,,19783,2,,,1,50,,19805,2,,,1,10,,19747,2,,,1,10,,19784,2,,,1,10,,19806,2,,,1,10,,19748,2,,,1,65,,19785,2,,,1,15,,19749,2,,,1,15,,19786,2,,,1,15,,19750,2,,,1,55,,19787,2,,,1,15,,19751,2,,,1,15,,19788,2,,,1,15,,19752,2,,,1,55,,19789,2,,,1,15,,19753,2,,,1,15,,19790,2,,,1,15,,19754,2,,,1,55,,19791,2,,,1,15,,19755,2,,,1,15,,19792,2,,,1,15,,19756,2,,,1,55,,19793,2,,,1,15,,19757,2,,,1,15,,19794,2,,,1,10,,19758,2,,,1,10,,19795,2,,,1,50,,19807,2,,,1,10,,19759,2,,,1,10,,19796,2,,,1,10,,19808,2,,,1,10,,19760,2,,,1,10,,19797,2,,,1,50,,19809,2,,,1,10,,19761,2,,,1,10,,19798,2,,,1,10,,19810,2,,,1,10,,19762,2,,,1,10,,19799,2,,,1,50,,19811,2,,,1,10,,19763,2,,,1,10,,19800,2,,,1,10,,19812,2,,,1,10,,19764,2,,,1,10,,19801,2,,,1,50,,19813,2,,,1,10,,19765,2,,,1,30,,19766,2,,,1,70,,19767,2,,,1,30,,19768,2,,,1,70,,19769,2,,,1,30,,19770,2,,,1,70,,19771,2,,,1,30,,19772,2,,,1,70,,19773,2,,,1,30,,19774,2,,,1,70,,19775,2,,,1,30,,19776,2,,,1
