101,'1-Holiday1-10000001',824,,127,24,,,1,100,,128,24,,,1,30,,129,24,,,1,72,,130,24,,,1,30,,131,24,,,1,70,,132,24,,,1,30,,133,24,,,1,70,,134,24,,,1,30,,135,24,,,1,70,,136,24,,,1,30,,137,24,,,1,70,,138,24,,,1,30,,139,24,,,1,70,,140,24,,,1,30,,141,24,,,1,70,,142,24,,,1,30,,143,24,,,1,70,,144,24,,,1,30,,145,24,,,1,68,,146,24,,,1,100,,147,24,,,1,100,,148,24,,,1,100,,149,24,,,1,100,,150,24,,,1,100,,151,24,,,1,100,,152,24,,,1
101,'1-Saturday-10000010',624,,153,24,,,1,30,,154,24,,,1,70,,155,24,,,1,30,,156,24,,,1,70,,157,24,,,1,30,,158,24,,,1,72,,159,24,,,1,30,,160,24,,,1,70,,161,24,,,1,30,,162,24,,,1,70,,163,24,,,1,30,,164,24,,,1,70,,165,24,,,1,30,,166,24,,,1,70,,167,24,,,1,30,,168,24,,,1,70,,169,24,,,1,30,,170,24,,,1,70,,171,24,,,1,30,,172,24,,,1,70,,173,24,,,1,30,,174,24,,,1,70,,175,24,,,1,30,,176,24,,,1,68,,177,24,,,1,30,,178,24,,,1,70,,179,24,,,1,30,,180,24,,,1,70,,181,24,,,1,30,,182,24,,,1,70,,183,24,,,1,30,,184,24,,,1,70,,185,24,,,1,30,,186,24,,,1,70,,187,24,,,1,100,,188,24,,,1
101,'1-Sunday-10000001',824,,189,24,,,1,100,,190,24,,,1,30,,191,24,,,1,72,,192,24,,,1,30,,193,24,,,1,70,,194,24,,,1,30,,195,24,,,1,70,,196,24,,,1,30,,197,24,,,1,70,,198,24,,,1,30,,199,24,,,1,70,,200,24,,,1,30,,201,24,,,1,70,,202,24,,,1,30,,203,24,,,1,70,,204,24,,,1,30,,205,24,,,1,70,,206,24,,,1,30,,207,24,,,1,68,,208,24,,,1,100,,209,24,,,1,100,,210,24,,,1,100,,211,24,,,1,100,,212,24,,,1,100,,213,24,,,1,100,,214,24,,,1
101,'1-Weekday-21111100',609,,251,24,,,1,15,,249,24,,,1,15,,253,14,,,1,15,,250,24,,,1,56,,252,14,,,1,16,,215,24,,,1,30,,216,24,,,1,70,,217,24,,,1,30,,218,24,,,1,70,,219,24,,,1,30,,220,24,,,1,70,,229,24,,,1,30,,230,24,,,1,70,,231,24,,,1,30,,232,24,,,1,70,,233,24,,,1,30,,234,24,,,1,70,,235,24,,,1,30,,236,24,,,1,70,,237,24,,,1,31,,221,24,,,1,70,,222,24,,,1,30,,223,24,,,1,70,,224,24,,,1,30,,225,24,,,1,70,,226,24,,,1,30,,227,24,,,1,69,,228,24,,,1,30,,238,24,,,1,70,,239,24,,,1,30,,240,24,,,1,70,,241,24,,,1,30,,242,24,,,1,70,,243,24,,,1,30,,244,24,,,1,68,,245,24,,,1,30,,246,24,,,1,70,,247,24,,,1,100,,248,24,,,1
9100,'91-Saturday-10000010',2400,,8528,1,0,25 26 27,1,30,,8529,1,0,25 26 27,1,70,,8530,1,0,25 26 27,1,30,,8531,1,0,25 26 27,1,70,,8532,1,0,25 26 27,1
9100,'91-Weekday-10001100',2400,,8533,1,0,25 26 27,1,30,,8534,1,0,25 26 27,1,70,,8535,1,0,25 26 27,1,30,,8536,1,0,25 26 27,1,70,,8537,1,0,25 26 27,1
9101,'91-Saturday-10000010',2500,,8538,23,4,,1,30,,8539,23,4,,1,70,,8540,23,4,,1
9101,'91-Weekday-10001100',2500,,8541,23,4,,1,30,,8542,23,4,,1,70,,8543,23,4,,1
20401,'204-Holiday1-10000001',746,,9626,15,,,1,70,,9627,15,,,1,30,,9628,15,,,1,70,,9629,15,,,1,30,,9630,15,,,1,70,,9625,15,,,1,30,,9631,15,,,1,70,,9632,15,,,1,30,,9633,15,,,1,70,,9634,15,,,1,30,,9635,15,,,1,70,,9636,15,,,1,30,,9637,15,,,1,70,,9638,15,,,1,30,,9639,15,,,1,70,,9640,15,,,1,30,,9641,15,,,1,70,,9642,15,,,1,30,,9643,15,,,1,70,,9644,15,,,1,30,,9645,15,,,1,70,,9646,15,,,1,30,,9647,15,,,1,70,,9648,15,,,1,30,,9649,15,,,1,70,,9650,15,,,1,30,,9651,15,,,1,70,,9652,15,,,1,30,,9653,15,,,1,70,,9654,15,,,1,30,,9655,15,,,1,70,,9656,15,,,1,30,,9657,15,,,1
20401,'204-Saturday-10000010',646,,9692,15,,,1,70,,9658,15,,,1,30,,9659,15,,,1,70,,9660,15,,,1,30,,9661,15,,,1,70,,9662,15,,,1,30,,9663,15,,,1,70,,9691,15,,,1,30,,9664,15,,,1,70,,9665,15,,,1,30,,9666,15,,,1,70,,9667,15,,,1,30,,9668,15,,,1,70,,9669,15,,,1,30,,9670,15,,,1,70,,9671,15,,,1,30,,9672,15,,,1,70,,9673,15,,,1,30,,9674,15,,,1,70,,9675,15,,,1,30,,9676,15,,,1,70,,9677,15,,,1,30,,9678,15,,,1,70,,9679,15,,,1,30,,9680,15,,,1,70,,9681,15,,,1,30,,9682,15,,,1,70,,9683,15,,,1,30,,9684,15,,,1,70,,9685,15,,,1,30,,9686,15,,,1,70,,9687,15,,,1,30,,9688,15,,,1,70,,9689,15,,,1,30,,9690,15,,,1
20401,'204-Sunday-10000001',744,,9694,15,,,1,70,,9695,15,,,1,30,,9696,15,,,1,70,,9697,15,,,1,30,,9698,15,,,1,70,,9693,15,,,1,34,,9699,15,,,1,70,,9700,15,,,1,30,,9701,15,,,1,70,,9702,15,,,1,30,,9703,15,,,1,70,,9704,15,,,1,30,,9705,15,,,1,70,,9706,15,,,1,30,,9707,15,,,1,70,,9708,15,,,1,30,,9709,15,,,1,70,,9710,15,,,1,30,,9711,15,,,1,70,,9712,15,,,1,30,,9713,15,,,1,70,,9714,15,,,1,27,,9715,15,,,1,70,,9716,15,,,1,30,,9717,15,,,1,70,,9718,15,,,1,30,,9719,15,,,1,70,,9720,15,,,1,30,,9721,15,,,1,70,,9722,15,,,1,30,,9723,15,,,1,70,,9724,15,,,1,30,,9725,15,,,1
20401,'204-Weekday-11111100',611,,9783,15,,,1,31,,9777,15,,,1,71,,9726,15,,,1,16,,9784,15,,,1,15,,9778,15,,,1,15,,9727,15,,,1,55,,9779,15,,,1,15,,9728,15,,,1,15,,9729,15,,,1,15,,9730,15,,,1,55,,9731,15,,,1,15,,9732,15,,,1,15,,9733,15,,,1,15,,9734,15,,,1,59,,9735,15,,,1,15,,9736,15,,,1,15,,9737,15,,,1,55,,9738,15,,,1,15,,9739,15,,,1,15,,9740,15,,,1,15,,9741,15,,,1,55,,9742,15,,,1,15,,9743,15,,,1,15,,9744,15,,,1,15,,9745,15,,,1,55,,9746,15,,,1,15,,9747,15,,,1,15,,9748,15,,,1,15,,9749,15,,,1,55,,9750,15,,,1,15,,9751,15,,,1,15,,9752,15,,,1,16,,9753,15,,,1,56,,9754,15,,,1,10,,9782,15,,,1,13,,9755,15,,,1,20,,9756,15,,,1,55,,9757,15,,,1,15,,9758,15,,,1,15,,9759,15,,,1,15,,9760,15,,,1,55,,9761,15,,,1,15,,9762,15,,,1,15,,9763,15,,,1,15,,9781,15,,,1,55,,9764,15,,,1,13,,9765,15,,,1,14,,9766,15,,,1,27,,9780,15,,,1,50,,9767,15,,,1,40,,9768,15,,,1,70,,9769,15,,,1,30,,9770,15,,,1,70,,9771,15,,,1,30,,9772,15,,,1,69,,9773,15,,,1,28,,9774,15,,,1,70,,9775,15,,,1,30,,9776,15,,,1
