500,'5-Saturday',657,,660,,,1,70,,638,,,1,30,,636,,,1,70,,635,,,1,30,,633,,,1,71,,634,,,1,30,,659,,,1,70,,642,,,1,30,,643,,,1,70,,645,,,1,30,,651,,,1,70,,656,,,1,30,,647,,,1,70,,639,,,1,30,,658,,,1,70,,654,,,1,30,,657,,,1,70,,655,,,1,30,,653,,,1,70,,652,,,1,30,,650,,,1,70,,649,,,1,30,,648,,,1,69,,663,,,1,30,,646,,,1,70,,664,,,1,30,,644,,,1,100,,641,,,1,100,,640,,,1,100,,637,,,1,100,,662,4,,1
500,'5-Sunday',1002,,665,4,,1,46,,675,4,,1,85,,672,4,,1,85,,673,4,,1,85,,674,4,,1,45,,671,4,,1,85,,670,4,,1,85,,669,4,,1,85,,668,4,,1,45,,667,4,,1,85,,666,4,,1,84,,676,4,,1
500,'5-Weekday',557,,679,,,1,70,,703,,,1,30,,704,,,1,73,,705,,,1,70,,706,,,1,30,,707,,,1,70,,708,,,1,30,,709,,,1,20,,710,,,1,70,,678,,,1,30,,682,,,1,70,,683,,,1,30,,684,,,1,70,,685,,,1,30,,686,,,1,70,,687,,,1,30,,688,,,1,70,,689,,,1,31,,690,,,1,70,,691,,,1,30,,692,,,1,70,,693,,,1,30,,694,,,1,70,,695,,,1,30,,696,,,1,67,,697,,,1,30,,713,,,1,70,,698,,,1,30,,699,,,1,70,,700,,,1,30,,714,,,1,70,,701,,,1,30,,702,,,1,78,,677,,,1,30,,712,,,1,70,,681,,,1,30,,711,4,,1
501,'5-Sunday',1006,,748,,,1,46,,749,,,1,85,,750,,,1,85,,751,,,1,85,,752,,,1,45,,753,,,1,85,,754,,,1,85,,755,,,1,85,,756,,,1,45,,757,,,1,85,,747,,,1
700,'7-Holiday1',828,,1048,,,1,30,,1049,,,1,70,,1050,,,1,30,,1051,,,1,70,,1052,,,1,30,,1053,,,1,70,,1054,,,1,30,,1055,,,1,70,,1056,,,1,30,,1057,,,1,70,,1058,,,1,30,,1059,,,1,70,,1060,,,1,30,,1061,,,1,70,,1062,,,1,30,,1063,,,1,70,,1064,,,1,30,,1065,,,1,70,,1066,,,1,30,,1067,,,1,70,,1068,,,1,30,,1069,,,1,70,,1070,,,1,30,,1071,,,1,70,,1072,,,1,30,,1073,,,1,70,,1074,,,1,30,,1075,,,1,70,,1077,,,1,30,,1079,,,1,70,,1080,,,1,30,,1078,,,1,70,,1076,,,1
700,'7-Saturday',558,,1081,,,1,70,,1083,,,1,30,,1082,,,1,70,,1084,,,1,15,,1085,,,1,15,,1086,,,1,55,,1087,,,1,15,,1088,,,1,15,,1089,,,1,15,,1090,,,1,57,,1091,,,1,18,,1092,,,1,15,,1093,,,1,55,,1094,,,1,15,,1095,,,1,15,,1096,,,1,15,,1097,,,1,55,,1098,,,1,15,,1099,,,1,15,,1100,,,1,15,,1101,,,1,55,,1102,,,1,15,,1103,,,1,15,,1104,,,1,15,,1105,,,1,55,,1106,,,1,15,,1107,,,1,15,,1108,,,1,15,,1109,,,1,55,,1110,,,1,15,,1111,,,1,15,,1112,,,1,15,,1113,,,1,55,,1114,,,1,15,,1115,,,1,15,,1116,,,1,15,,1117,,,1,55,,1118,,,1,15,,1119,,,1,15,,1120,,,1,15,,1121,,,1,55,,1122,,,1,15,,1123,,,1,15,,1124,,,1,15,,1125,,,1,55,,1126,,,1,12,,1127,,,1,13,,1128,,,1,15,,1129,,,1,15,,1130,,,1,55,,1131,,,1,15,,1132,,,1,15,,1133,,,1,15,,1134,,,1,55,,1135,,,1,15,,1136,,,1,15,,1137,,,1,15,,1138,,,1,55,,1139,,,1,15,,1140,,,1,15,,1141,,,1,15,,1142,,,1,55,,1143,,,1,15,,1144,,,1,15,,1145,,,1,15,,1146,,,1,55,,1147,,,1,15,,1148,,,1,15,,1149,,,1,15,,1150,,,1,70,,1151,,,1
700,'7-Sunday',828,,1152,,,1,30,,1153,,,1,70,,1154,,,1,15,,1155,,,1,15,,1156,,,1,58,,1157,,,1,16,,1158,,,1,15,,1159,,,1,55,,1160,,,1,15,,1161,,,1,15,,1162,,,1,15,,1163,,,1,55,,1164,,,1,15,,1165,,,1,15,,1166,,,1,15,,1167,,,1,55,,1168,,,1,15,,1169,,,1,15,,1170,,,1,15,,1171,,,1,55,,1172,,,1,15,,1173,,,1,15,,1174,,,1,15,,1175,,,1,55,,1176,,,1,15,,1177,,,1,15,,1178,,,1,15,,1179,,,1,55,,1180,,,1,15,,1181,,,1,15,,1182,,,1,15,,1183,,,1,55,,1184,,,1,15,,1185,,,1,15,,1186,,,1,15,,1187,,,1,55,,1188,,,1,13,,1189,,,1,13,,1190,,,1,15,,1191,,,1,15,,1192,,,1,55,,1193,,,1,15,,1194,,,1,15,,1195,,,1,15,,1196,,,1,55,,1197,,,1,15,,1198,,,1,15,,1199,,,1,15,,1200,,,1,55,,1201,,,1,15,,1202,,,1,15,,1203,,,1,15,,1204,,,1,55,,1210,,,1,15,,1206,,,1,15,,1211,,,1,15,,1208,,,1,55,,1212,,,1,15,,1209,,,1,15,,1213,,,1,15,,1207,,,1,70,,1205,,,1
700,'7-Weekday',543,,1287,,,1,15,,1288,,,1,55,,1214,,,1,15,,1215,,,1,15,,1216,,,1,15,,1217,,,1,59,,1218,,,1,17,,1219,,,1,15,,1220,,,1,55,,1221,,,1,15,,1222,,,1,15,,1223,,,1,15,,1224,,,1,55,,1225,,,1,15,,1226,,,1,15,,1227,,,1,16,,1228,,,1,55,,1229,,,1,15,,1230,,,1,15,,1231,,,1,15,,1232,,,1,55,,1233,,,1,15,,1234,,,1,15,,1235,,,1,15,,1236,,,1,55,,1237,,,1,15,,1238,,,1,15,,1239,,,1,15,,1240,,,1,55,,1241,,,1,15,,1242,,,1,15,,1243,,,1,15,,1244,,,1,55,,1245,,,1,15,,1246,,,1,16,,1247,,,1,16,,1248,,,1,56,,1249,,,1,15,,1250,,,1,15,,1251,,,1,15,,1252,,,1,55,,1253,,,1,15,,1254,,,1,15,,1255,,,1,15,,1256,,,1,55,,1257,,,1,15,,1258,,,1,15,,1259,,,1,15,,1260,,,1,54,,1261,,,1,12,,1262,,,1,13,,1263,,,1,15,,1264,,,1,55,,1265,,,1,15,,1266,,,1,15,,1267,,,1,15,,1268,,,1,55,,1269,,,1,15,,1270,,,1,15,,1271,,,1,15,,1272,,,1,55,,1273,,,1,15,,1274,,,1,15,,1275,,,1,15,,1276,,,1,55,,1277,,,1,12,,1278,,,1,13,,1279,,,1,15,,1280,,,1,15,,1281,,,1,55,,1282,,,1,15,,1283,,,1,15,,1284,,,1,15,,1285,,,1,70,,1286,,,1
1600,'16-Holiday1',815,,3146,4,,1,100,,3130,4,,1,102,,3131,4,,1,100,,3132,4,,1,100,,3133,4,,1,100,,3134,4,,1,100,,3135,4,,1,100,,3136,4,,1,100,,3137,4,,1,100,,3138,4,,1,98,,3139,4,,1,101,,3140,4,,1,100,,3141,4,,1,100,,3142,4,,1,100,,3143,4,,1,100,,3144,4,,1,100,,3145,4,,1
1600,'16-Saturday',646,,3181,4,,1,70,,3182,4,,1,30,,3180,4,,1,70,,3147,4,,1,30,,3148,4,,1,72,,3149,4,,1,33,,3150,4,,1,70,,3151,4,,1,30,,3152,4,,1,70,,3153,4,,1,30,,3154,4,,1,70,,3155,4,,1,30,,3156,4,,1,70,,3157,4,,1,30,,3158,4,,1,70,,3159,4,,1,30,,3160,4,,1,70,,3161,4,,1,30,,3162,4,,1,70,,3163,4,,1,30,,3164,4,,1,70,,3165,4,,1,30,,3166,4,,1,68,,3167,4,,1,28,,3168,4,,1,70,,3169,4,,1,30,,3170,4,,1,70,,3171,4,,1,30,,3172,4,,1,70,,3173,4,,1,30,,3174,4,,1,70,,3175,4,,1,30,,3176,4,,1,70,,3177,4,,1,30,,3178,4,,1,70,,3179,4,,1
1600,'16-Sunday',815,,3215,4,,1,30,,3183,4,,1,70,,3184,4,,1,30,,3185,4,,1,72,,3186,4,,1,30,,3187,4,,1,70,,3188,4,,1,30,,3189,4,,1,70,,3190,4,,1,30,,3191,4,,1,70,,3192,4,,1,30,,3193,4,,1,70,,3194,4,,1,30,,3195,4,,1,70,,3196,4,,1,30,,3197,4,,1,70,,3198,4,,1,30,,3199,4,,1,70,,3200,4,,1,30,,3201,4,,1,68,,3202,4,,1,31,,3203,4,,1,70,,3204,4,,1,30,,3205,4,,1,70,,3206,4,,1,30,,3207,4,,1,70,,3208,4,,1,30,,3209,4,,1,70,,3210,4,,1,30,,3211,4,,1,70,,3212,4,,1,30,,3213,4,,1,70,,3214,4,,1
1600,'16-Weekday',543,,3254,4,,1,70,,3250,4,,1,29,,3253,4,,1,17,,3251,4,,1,55,,3252,4,,1,17,,3255,4,,1,16,,3216,4,,1,55,,3256,4,,1,15,,3217,4,,1,15,,3257,4,,1,15,,3218,4,,1,55,,3258,4,,1,15,,3219,4,,1,15,,3283,4,,1,16,,3220,4,,1,55,,3278,4,,1,14,,3221,4,,1,16,,3279,4,,1,15,,3222,4,,1,55,,3280,4,,1,15,,3223,4,,1,15,,3281,4,,1,15,,3224,4,,1,55,,3282,4,,1,15,,3225,4,,1,15,,3274,4,,1,15,,3226,4,,1,55,,3277,4,,1,15,,3227,4,,1,15,,3276,4,,1,15,,3228,4,,1,55,,3275,4,,1,15,,3229,4,,1,15,,3273,4,,1,15,,3230,4,,1,57,,3272,4,,1,15,,3231,4,,1,16,,3259,4,,1,15,,3232,4,,1,55,,3260,4,,1,15,,3233,4,,1,15,,3261,4,,1,15,,3234,4,,1,55,,3262,4,,1,15,,3235,4,,1,15,,3263,4,,1,15,,3236,4,,1,55,,3264,4,,1,13,,3237,4,,1,13,,3265,4,,1,15,,3238,4,,1,54,,3239,4,,1,15,,3266,4,,1,15,,3240,4,,1,15,,3267,4,,1,55,,3241,4,,1,15,,3268,4,,1,15,,3242,4,,1,15,,3269,4,,1,55,,3243,4,,1,15,,3270,4,,1,15,,3244,4,,1,15,,3271,4,,1,55,,3245,4,,1,11,,3284,4,,1,14,,3246,4,,1,18,,3247,4,,1,70,,3248,4,,1,30,,3249,4,,1
1601,'16-Holiday1',817,,3285,,,1,100,,3286,,,1,102,,3287,,,1,100,,3288,,,1,100,,3289,,,1,100,,3290,,,1,100,,3291,,,1,100,,3292,,,1,100,,3293,,,1,100,,3294,,,1,98,,3295,,,1,101,,3296,,,1,100,,3297,,,1,100,,3298,,,1,100,,3299,,,1,100,,3300,,,1
1601,'16-Saturday',648,,3302,,,1,70,,3303,,,1,30,,3304,,,1,70,,3305,,,1,30,,3306,,,1,72,,3307,,,1,33,,3308,,,1,70,,3309,,,1,30,,3310,,,1,70,,3311,,,1,30,,3312,,,1,70,,3313,,,1,30,,3314,,,1,70,,3315,,,1,30,,3316,,,1,70,,3317,,,1,30,,3318,,,1,70,,3319,,,1,30,,3320,,,1,70,,3321,,,1,30,,3322,,,1,70,,3323,,,1,30,,3324,,,1,68,,3325,,,1,28,,3326,,,1,70,,3327,,,1,30,,3328,,,1,70,,3329,,,1,30,,3330,,,1,70,,3331,,,1,30,,3332,,,1,70,,3333,,,1,30,,3334,,,1,70,,3336,,,1,30,,3335,0,23 1 36,1
1601,'16-Sunday',747,,3337,,,1,70,,3338,,,1,30,,3339,,,1,70,,3340,,,1,30,,3341,,,1,72,,3342,,,1,30,,3343,,,1,70,,3344,,,1,30,,3345,,,1,70,,3346,,,1,30,,3347,,,1,70,,3348,,,1,30,,3349,,,1,70,,3350,,,1,30,,3351,,,1,70,,3352,,,1,30,,3353,,,1,70,,3354,,,1,30,,3355,,,1,70,,3356,,,1,30,,3357,,,1,68,,3358,,,1,31,,3359,,,1,70,,3360,,,1,30,,3361,,,1,70,,3362,,,1,30,,3363,,,1,70,,3364,,,1,30,,3365,,,1,70,,3366,,,1,30,,3367,,,1,70,,3368,,,1,30,,3369,,,1
1601,'16-Weekday',543,,3370,,,1,72,,3371,,,1,12,,3407,,,1,17,,3372,,,1,57,,3411,,,1,15,,3373,,,1,17,,3408,,,1,16,,3374,,,1,55,,3409,,,1,15,,3375,,,1,15,,3410,,,1,15,,3376,,,1,55,,3420,,,1,15,,3377,,,1,15,,3426,,,1,16,,3378,,,1,55,,3427,,,1,14,,3379,,,1,16,,3428,,,1,15,,3380,,,1,55,,3429,,,1,15,,3381,,,1,15,,3430,,,1,15,,3382,,,1,55,,3431,,,1,15,,3383,,,1,15,,3432,,,1,15,,3384,,,1,55,,3433,,,1,15,,3385,,,1,15,,3434,,,1,15,,3386,,,1,55,,3435,,,1,15,,3387,,,1,15,,3417,,,1,15,,3388,,,1,57,,3412,,,1,15,,3389,,,1,16,,3413,,,1,15,,3390,,,1,55,,3414,,,1,15,,3391,,,1,15,,3415,,,1,15,,3392,,,1,55,,3416,,,1,15,,3393,,,1,15,,3406,,,1,15,,3394,,,1,55,,3418,,,1,13,,3395,,,1,13,,3421,,,1,15,,3396,,,1,54,,3397,,,1,15,,3422,,,1,15,,3398,,,1,15,,3425,,,1,55,,3399,,,1,15,,3423,,,1,15,,3400,,,1,15,,3424,,,1,55,,3401,,,1,15,,3436,,,1,15,,3402,,,1,73,,3403,,,1,27,,3404,,,1,13,,3405,,,1,70,,3419,0,23 1 36,1
9100,'91-Saturday',2412,,8392,0,25 26 27,1,30,,8393,0,25 26 27,1,70,,8394,0,25 26 27,1,30,,8395,0,25 26 27,1,70,,8396,0,25 26 27,1
9100,'91-Weekday',2412,,8397,0,25 26 27,1,30,,8398,0,25 26 27,1,70,,8399,0,25 26 27,1,30,,8400,0,25 26 27,1,70,,8401,0,25 26 27,1
