600,'6-Holiday1-10000001',828,,795,51,,,1,100,,796,51,,,1,100,,797,51,,,1,100,,798,51,,,1,100,,799,51,,,1,100,,800,51,,,1,100,,801,51,,,1,100,,802,51,,,1,100,,803,51,,,1,100,,804,51,,,1,100,,805,51,,,1,100,,806,51,,,1,100,,807,51,,,1,100,,808,51,,,1,100,,809,51,,,1,100,,810,51,,,1,100,,811,51,,,1
600,'6-Saturday-10000010',609,,812,36,,,1,49,,813,51,,,1,70,,814,51,,,1,30,,815,51,,,1,70,,816,51,,,1,30,,817,51,,,1,71,,818,51,,,1,72,,819,51,,,1,30,,820,51,,,1,70,,821,51,,,1,30,,822,51,,,1,70,,823,51,,,1,30,,824,51,,,1,70,,825,51,,,1,30,,826,51,,,1,70,,827,51,,,1,30,,828,51,,,1,70,,829,51,,,1,30,,830,51,,,1,70,,831,51,,,1,30,,832,51,,,1,70,,833,51,,,1,30,,834,51,,,1,70,,835,51,,,1,29,,836,51,,,1,28,,837,51,,,1,70,,838,51,,,1,30,,839,51,,,1,70,,840,51,,,1,30,,841,51,,,1,70,,842,51,,,1,30,,843,51,,,1,70,,844,51,,,1,30,,845,51,,,1,70,,846,51,,,1,30,,847,51,,,1,70,,848,51,,,1,30,,849,51,,,1
600,'6-Sunday-10000001',828,,850,51,,,1,30,,851,51,,,1,70,,852,51,,,1,30,,853,51,,,1,70,,854,51,,,1,30,,855,51,,,1,70,,856,51,,,1,30,,857,51,,,1,70,,858,51,,,1,30,,859,51,,,1,70,,860,51,,,1,30,,861,51,,,1,70,,862,51,,,1,30,,863,51,,,1,70,,864,51,,,1,30,,865,51,,,1,70,,866,51,,,1,30,,867,51,,,1,70,,868,51,,,1,30,,869,51,,,1,70,,870,51,,,1,30,,871,51,,,1,70,,872,51,,,1,30,,873,51,,,1,70,,874,51,,,1,30,,875,51,,,1,70,,876,51,,,1,30,,877,51,,,1,70,,878,51,,,1,30,,879,51,,,1,70,,880,51,,,1,30,,881,51,,,1,70,,882,51,,,1
600,'6-Weekday-11111100',559,,920,32,,,1,70,,918,51,,,1,30,,883,51,,,1,73,,884,51,,,1,72,,885,51,,,1,30,,886,51,,,1,70,,887,51,,,1,30,,888,51,,,1,70,,889,51,,,1,29,,890,51,,,1,70,,891,51,,,1,30,,892,51,,,1,70,,893,51,,,1,30,,894,51,,,1,70,,895,51,,,1,30,,896,51,,,1,70,,897,51,,,1,30,,898,51,,,1,74,,899,51,,,1,31,,900,51,,,1,70,,901,51,,,1,30,,902,51,,,1,70,,903,51,,,1,30,,904,51,,,1,70,,905,51,,,1,25,,906,51,,,1,68,,907,51,,,1,30,,908,51,,,1,70,,909,51,,,1,30,,910,51,,,1,70,,911,51,,,1,30,,912,51,,,1,70,,913,51,,,1,27,,914,51,,,1,31,,915,51,,,1,70,,916,51,,,1,30,,917,51,,,1,70,,919,51,,,1
900,'9-Holiday1-10000001',839,,1880,30,,,1,100,,1881,30,,,1,100,,1882,30,,,1,106,,1883,30,,,1,100,,1884,30,,,1,100,,1885,30,,,1,100,,1886,30,,,1,100,,1887,30,,,1,100,,1888,30,,,1,100,,1889,30,,,1,100,,1890,30,,,1,94,,1891,30,,,1,100,,1892,30,,,1,100,,1893,30,,,1,100,,1894,30,,,1,100,,1895,30,,,1
900,'9-Saturday-10000010',713,,1896,30,,,1,29,,1897,30,,,1,70,,1898,30,,,1,30,,1899,30,,,1,71,,1900,30,,,1,30,,1901,30,,,1,73,,1902,30,,,1,30,,1903,30,,,1,70,,1904,30,,,1,30,,1905,30,,,1,70,,1906,30,,,1,30,,1907,30,,,1,70,,1908,30,,,1,30,,1909,30,,,1,70,,1910,30,,,1,30,,1911,30,,,1,70,,1912,30,,,1,30,,1913,30,,,1,70,,1914,30,,,1,30,,1915,30,,,1,70,,1916,30,,,1,30,,1917,30,,,1,69,,1918,30,,,1,30,,1919,30,,,1,69,,1920,30,,,1,28,,1921,30,,,1,70,,1922,30,,,1,30,,1923,30,,,1,70,,1924,30,,,1,30,,1925,30,,,1,70,,1926,30,,,1,30,,1927,30,,,1,70,,1928,30,,,1,30,,1929,30,,,1,70,,1930,30,,,1
900,'9-Sunday-10000001',809,,1962,30,,,1,30,,1931,30,,,1,70,,1932,30,,,1,30,,1933,30,,,1,70,,1934,30,,,1,30,,1935,30,,,1,71,,1936,30,,,1,35,,1937,30,,,1,70,,1938,30,,,1,30,,1939,30,,,1,70,,1940,30,,,1,30,,1941,30,,,1,70,,1942,30,,,1,30,,1943,30,,,1,70,,1944,30,,,1,30,,1945,30,,,1,70,,1946,30,,,1,30,,1947,30,,,1,70,,1948,30,,,1,30,,1949,30,,,1,70,,1950,30,,,1,30,,1951,30,,,1,66,,1952,30,,,1,28,,1953,30,,,1,70,,1954,30,,,1,30,,1955,30,,,1,70,,1956,30,,,1,30,,1957,30,,,1,70,,1958,30,,,1,30,,1959,30,,,1,70,,1960,30,,,1,30,,1961,30,,,1
900,'9-Weekday-11111100',614,,1965,30,,,1,37,,1964,30,,,1,61,,2012,30,,,1,23,,2011,30,,,1,23,,2010,30,,,1,63,,2009,30,,,1,20,,2008,30,,,1,60,,2007,30,,,1,20,,2006,30,,,1,19,,2005,30,,,1,19,,2004,30,,,1,59,,2003,30,,,1,18,,2002,30,,,1,20,,2001,30,,,1,60,,2000,30,,,1,20,,1999,30,,,1,20,,1998,30,,,1,60,,1997,30,,,1,20,,1996,30,,,1,20,,1995,30,,,1,60,,1994,30,,,1,20,,1993,30,,,1,20,,1992,30,,,1,60,,1991,30,,,1,21,,1990,30,,,1,22,,1989,30,,,1,61,,1988,30,,,1,21,,1987,30,,,1,60,,1986,30,,,1,20,,1985,30,,,1,20,,1984,30,,,1,60,,1983,30,,,1,20,,1982,30,,,1,20,,1981,30,,,1,60,,1980,30,,,1,16,,1979,30,,,1,19,,1978,30,,,1,19,,1977,30,,,1,59,,1976,30,,,1,20,,1975,30,,,1,20,,1974,30,,,1,60,,1973,30,,,1,20,,1972,30,,,1,20,,1971,30,,,1,60,,1970,30,,,1,20,,1969,30,,,1,20,,1968,30,,,1,59,,1967,30,,,1,31,,1963,30,,,1,79,,2015,30,,,1,28,,2014,30,,,1,70,,1966,30,,,1,28,,2013,30,,,1
1401,'14-Weekday-11111100',634,,3129,4,,,1,16,,3127,4,,,1,70,,3111,4,,,1,30,,3112,4,,,1,70,,3113,4,,,1,30,,3114,4,,,1,70,,3115,4,,,1,30,,3116,4,,,1,470,,3128,4,,,1,31,,3117,4,,,1,70,,3118,4,,,1,30,,3119,4,,,1,70,,3120,4,,,1,30,,3121,4,,,1,70,,3122,4,,,1,30,,3123,4,,,1,503,,3124,4,,,1,60,,3125,4,,,1,15,,3126,4,,,1
2101,'21-Saturday-10000010',710,,4195,27,,,1,30,,4196,27,,,1,70,,4171,27,,,1,30,,4172,27,,,1,70,,4173,27,,,1,30,,4174,27,,,1,70,,4175,27,,,1,30,,4176,27,,,1,70,,4177,27,,,1,30,,4178,27,,,1,70,,4179,27,,,1,30,,4180,27,,,1,70,,4181,27,,,1,30,,4182,27,,,1,70,,4183,27,,,1,30,,4184,27,,,1,70,,4185,27,,,1,30,,4186,27,,,1,70,,4187,27,,,1,30,,4188,27,,,1,70,,4189,27,,,1,30,,4190,27,,,1,70,,4191,27,,,1,30,,4192,27,,,1,70,,4193,27,,,1,30,,4194,27,,,1
2101,'21-Saturday-20000010',710,,4212,27,,,1,30,,4213,27,,,1,70,,4214,27,,,1,30,,4215,27,,,1,16,,4207,27,,,1,54,,4216,27,,,1,16,,4197,27,,,1,14,,4217,27,,,1,16,,4211,27,,,1,54,,4218,27,,,1,16,,4210,27,,,1,14,,4219,27,,,1,16,,4209,27,,,1,54,,4220,27,,,1,16,,4208,27,,,1,14,,4221,27,,,1,70,,4222,27,,,1,16,,4206,27,,,1,14,,4223,27,,,1,16,,4205,27,,,1,54,,4224,27,,,1,16,,4204,27,,,1,14,,4225,27,,,1,16,,4202,27,,,1,54,,4226,27,,,1,16,,4203,27,,,1,14,,4227,27,,,1,16,,4201,27,,,1,54,,4228,27,,,1,16,,4200,27,,,1,14,,4229,27,,,1,16,,4198,27,,,1,54,,4230,27,,,1,16,,4199,27,,,1,14,,4231,27,,,1,70,,4232,27,,,1,30,,4233,27,,,1,70,,4234,27,,,1,30,,4235,27,,,1,70,,4236,27,,,1,30,,4237,27,,,1
2101,'21-Saturday-30000010',710,,4262,27,,,1,30,,4263,27,,,1,70,,4238,27,,,1,30,,4239,27,,,1,70,,4240,27,,,1,30,,4241,27,,,1,70,,4242,27,,,1,30,,4243,27,,,1,70,,4244,27,,,1,30,,4245,27,,,1,70,,4246,27,,,1,30,,4247,27,,,1,70,,4248,27,,,1,30,,4249,27,,,1,70,,4250,27,,,1,30,,4251,27,,,1,70,,4252,27,,,1,30,,4253,27,,,1,70,,4254,27,,,1,30,,4255,27,,,1,70,,4256,27,,,1,30,,4257,27,,,1,70,,4258,27,,,1,30,,4259,27,,,1,70,,4260,27,,,1,30,,4261,27,,,1,300,,4264,27,,,1
2101,'21-Sunday-10000001',743,,4265,27,,,1,70,,4266,27,,,1,30,,4267,27,,,1,70,,4268,27,,,1,30,,4269,27,,,1,72,,4270,27,,,1,34,,4271,27,,,1,71,,4272,27,,,1,30,,4273,27,,,1,70,,4274,27,,,1,30,,4275,27,,,1,70,,4276,27,,,1,30,,4277,27,,,1,70,,4278,27,,,1,30,,4279,27,,,1,70,,4280,27,,,1,30,,4281,27,,,1,70,,4282,27,,,1,30,,4283,27,,,1,70,,4284,27,,,1,30,,4285,27,,,1,67,,4286,27,,,1,27,,4287,27,,,1,69,,4288,27,,,1
2101,'21-Weekday-11111100',615,,4293,27,,,1,92,,4301,27,,,1,36,,4294,27,,,1,70,,4291,27,,,1,30,,4292,27,,,1,70,,4302,27,,,1,30,,4295,27,,,1,66,,4310,27,,,1,32,,4305,27,,,1,70,,4311,27,,,1,30,,4309,27,,,1,70,,4312,27,,,1,30,,4308,27,,,1,70,,4313,27,,,1,30,,4307,27,,,1,70,,4314,27,,,1,32,,4296,27,,,1,72,,4315,27,,,1,30,,4297,27,,,1,70,,4303,27,,,1,30,,4298,27,,,1,70,,4304,27,,,1,30,,4306,27,,,1,69,,4299,27,,,1,29,,4289,27,,,1,67,,4300,27,,,1,30,,4290,27,,,1,70,,4318,27,,,1,30,,4319,27,,,1,70,,4320,27,,,1,30,,4317,27,,,1,69,,4316,27,,,1
