'204-Holiday1-1-20255-0000001',20400,71500,,'',1,3000,,'',1,7000,,'',1,3000,,'',1,7000,,'',1,3000,,'',1,7000,,'',1,3000,,'',1,7000,,'',1,3000,,'',1,7000,,'',1,3000,,'',1,7000,,'',1,3000,,'',1,7000,,'',1,3000,,'',1,7000,,'',1,3000,,'',1,7000,,'',1,3000,,'',1,7000,,'',1,3000,,'',1,7000,,'',1,3000,,'',1,7000,,'',1,3000,,'',1,7000,,'',1,3000,,'',1,7000,,'',1,3000,,'',1,7000,,'',1,3000,,'',1,7000,,'',1,3000,,'',1
'204-Holiday1-1-20255-0000001',20401,80300,4,'',1,3000,4,'',1,7000,4,'',1,3000,4,'',1,7000,4,'',1,3000,4,'',1,7400,4,'',1,3000,4,'',1,7000,4,'',1,3000,4,'',1,7000,4,'',1,3000,4,'',1,7000,4,'',1,3000,4,'',1,7000,4,'',1,3000,4,'',1,7000,4,'',1,3000,4,'',1,7000,4,'',1,3000,4,'',1,7000,4,'',1,3000,4,'',1,6700,4,'',1,3000,4,'',1,7000,4,'',1,3000,4,'',1,7000,4,'',1,3000,4,'',1,7000,4,'',1,3000,4,'',1,7000,4,'',1,3000,4,'',1,7000,4,'',1
'204-Holiday2-2-20255-0000001',20400,74500,,'',1,10000,,'',1,10000,,'',1,10000,,'',1,10000,,'',1,10000,,'',1,10000,,'',1,10000,,'',1,10000,,'',1,10000,,'',1,10000,,'',1
'204-Holiday2-2-20255-0000001',20401,90300,4,'',1,10000,4,'',1,10400,4,'',1,10000,4,'',1,10000,4,'',1,10000,4,'',1,10000,4,'',1,10000,4,'',1,10000,4,'',1,10000,4,'',1
'204-Holiday3-2-20255-0000001',20400,71500,,'',1,3000,,'',1,7000,,'',1,3000,,'',1,7000,,'',1,3000,,'',1,7000,,'',1,3000,,'',1,7000,,'',1,3000,,'',1,7000,,'',1,3000,,'',1,7000,,'',1,3000,,'',1,7000,,'',1,3000,,'',1,7000,,'',1,3000,,'',1,7000,,'',1,3000,,'',1,7000,,'',1,3000,,'',1,7000,,'',1,3000,,'',1,7000,,'',1,3000,,'',1,7000,,'',1,3000,,'',1,7000,,'',1,3000,,'',1,7000,,'',1,3000,,'',1,7000,,'',1,3000,,'',1
'204-Holiday3-2-20255-0000001',20401,80300,4,'',1,3000,4,'',1,7000,4,'',1,3000,4,'',1,7000,4,'',1,3000,4,'',1,7400,4,'',1,3000,4,'',1,7000,4,'',1,3000,4,'',1,7000,4,'',1,3000,4,'',1,7000,4,'',1,3000,4,'',1,7000,4,'',1,3000,4,'',1,7000,4,'',1,3000,4,'',1,7000,4,'',1,3000,4,'',1,7000,4,'',1,3000,4,'',1,6700,4,'',1,3000,4,'',1,7000,4,'',1,3000,4,'',1,7000,4,'',1,3000,4,'',1,7000,4,'',1,3000,4,'',1,7000,4,'',1,3000,4,'',1,7000,4,'',1
'204-Saturday-1-20254-0000010',20400,61500,,'',1,3000,,'',1,7000,,'',1,3000,,'',1,7000,,'',1,3000,,'',1,7000,,'',1,3000,,'',1,7000,,'',1,3000,,'',1,7000,,'',1,3000,,'',1,7000,,'',1,3000,,'',1,7000,,'',1,3000,,'',1,7000,,'',1,3000,,'',1,7000,,'',1,3000,,'',1,7000,,'',1,3000,,'',1,7000,,'',1,3000,,'',1,7000,,'',1,3000,,'',1,7000,,'',1,3000,,'',1,7000,,'',1,3000,,'',1,7000,,'',1,3000,,'',1,7000,,'',1,3000,,'',1,7000,,'',1,3000,,'',1
'204-Saturday-1-20254-0000010',20401,70400,4,'',1,3000,4,'',1,7000,4,'',1,3000,4,'',1,7000,4,'',1,3000,4,'',1,7300,4,'',1,3000,4,'',1,7000,4,'',1,3000,4,'',1,7000,4,'',1,3000,4,'',1,7000,4,'',1,3000,4,'',1,7000,4,'',1,3000,4,'',1,7000,4,'',1,3000,4,'',1,7000,4,'',1,3000,4,'',1,7000,4,'',1,3000,4,'',1,7000,4,'',1,3000,4,'',1,6800,4,'',1,3000,4,'',1,7000,4,'',1,3000,4,'',1,7000,4,'',1,3000,4,'',1,7000,4,'',1,3000,4,'',1,7000,4,'',1,3000,4,'',1,7000,4,'',1
'204-Saturday-1-20255-0000010',20400,61500,,'',1,3000,,'',1,7000,,'',1,3000,,'',1,7000,,'',1,3000,,'',1,7000,,'',1,3000,,'',1,7000,,'',1,3000,,'',1,7000,,'',1,3000,,'',1,7000,,'',1,3000,,'',1,7000,,'',1,3000,,'',1,7000,,'',1,3000,,'',1,7000,,'',1,3000,,'',1,7000,,'',1,3000,,'',1,7000,,'',1,3000,,'',1,7000,,'',1,3000,,'',1,7000,,'',1,3000,,'',1,7000,,'',1,3000,,'',1,7000,,'',1,3000,,'',1,7000,,'',1,3000,,'',1,7000,,'',1,3000,,'',1
'204-Saturday-1-20255-0000010',20401,70400,4,'',1,3000,4,'',1,7000,4,'',1,3000,4,'',1,7000,4,'',1,3000,4,'',1,7300,4,'',1,3000,4,'',1,7000,4,'',1,3000,4,'',1,7000,4,'',1,3000,4,'',1,7000,4,'',1,3000,4,'',1,7000,4,'',1,3000,4,'',1,7000,4,'',1,3000,4,'',1,7000,4,'',1,3000,4,'',1,7000,4,'',1,3000,4,'',1,7000,4,'',1,3000,4,'',1,6800,4,'',1,3000,4,'',1,7000,4,'',1,3000,4,'',1,7000,4,'',1,3000,4,'',1,7000,4,'',1,3000,4,'',1,7000,4,'',1,3000,4,'',1,7000,4,'',1
'204-Sunday-1-20254-0000001',20400,71500,,'',1,3000,,'',1,7000,,'',1,3000,,'',1,7000,,'',1,3000,,'',1,7000,,'',1,3000,,'',1,7000,,'',1,3000,,'',1,7000,,'',1,3000,,'',1,7000,,'',1,3000,,'',1,7000,,'',1,3000,,'',1,7000,,'',1,3000,,'',1,7000,,'',1,3000,,'',1,7000,,'',1,3000,,'',1,7000,,'',1,3000,,'',1,7000,,'',1,3000,,'',1,7000,,'',1,3000,,'',1,7000,,'',1,3000,,'',1,7000,,'',1,3000,,'',1,7000,,'',1,3000,,'',1
'204-Sunday-1-20254-0000001',20401,80300,4,'',1,3000,4,'',1,7000,4,'',1,3000,4,'',1,7000,4,'',1,3000,4,'',1,7400,4,'',1,3000,4,'',1,7000,4,'',1,3000,4,'',1,7000,4,'',1,3000,4,'',1,7000,4,'',1,3000,4,'',1,7000,4,'',1,3000,4,'',1,7000,4,'',1,3000,4,'',1,7000,4,'',1,3000,4,'',1,7000,4,'',1,3000,4,'',1,6700,4,'',1,3000,4,'',1,7000,4,'',1,3000,4,'',1,7000,4,'',1,3000,4,'',1,7000,4,'',1,3000,4,'',1,7000,4,'',1,3000,4,'',1,7000,4,'',1
'204-Sunday-1-20255-0000001',20400,71500,,'',1,3000,,'',1,7000,,'',1,3000,,'',1,7000,,'',1,3000,,'',1,7000,,'',1,3000,,'',1,7000,,'',1,3000,,'',1,7000,,'',1,3000,,'',1,7000,,'',1,3000,,'',1,7000,,'',1,3000,,'',1,7000,,'',1,3000,,'',1,7000,,'',1,3000,,'',1,7000,,'',1,3000,,'',1,7000,,'',1,3000,,'',1,7000,,'',1,3000,,'',1,7000,,'',1,3000,,'',1,7000,,'',1,3000,,'',1,7000,,'',1,3000,,'',1,7000,,'',1,3000,,'',1
'204-Sunday-1-20255-0000001',20401,80300,4,'',1,3000,4,'',1,7000,4,'',1,3000,4,'',1,7000,4,'',1,3000,4,'',1,7400,4,'',1,3000,4,'',1,7000,4,'',1,3000,4,'',1,7000,4,'',1,3000,4,'',1,7000,4,'',1,3000,4,'',1,7000,4,'',1,3000,4,'',1,7000,4,'',1,3000,4,'',1,7000,4,'',1,3000,4,'',1,7000,4,'',1,3000,4,'',1,6700,4,'',1,3000,4,'',1,7000,4,'',1,3000,4,'',1,7000,4,'',1,3000,4,'',1,7000,4,'',1,3000,4,'',1,7000,4,'',1,3000,4,'',1,7000,4,'',1
'204-Weekday-1-20254-1111100',20400,54500,,'',1,7000,,'',1,3000,,'',1,5500,,'',1,1500,,'',1,1500,,'',1,1500,,'',1,5500,,'',1,1500,,'',1,1500,,'',1,1500,,'',1,5500,,'',1,1500,,'',1,1500,,'',1,1500,,'',1,5500,,'',1,1500,,'',1,1500,,'',1,1500,,'',1,5500,,'',1,1500,,'',1,1500,,'',1,1500,,'',1,5500,,'',1,1500,,'',1,1500,,'',1,1500,,'',1,5500,,'',1,1500,,'',1,1500,,'',1,1500,,'',1,5500,,'',1,1500,,'',1,1500,,'',1,1500,,'',1,5500,,'',1,1500,,'',1,1500,,'',1,1500,,'',1,5500,,'',1,1500,,'',1,1500,,'',1,1500,,'',1,5500,,'',1,1500,,'',1,1500,,'',1,1500,,'',1,5500,,'',1,1500,,'',1,3000,,'',1,7000,,'',1,3000,,'',1,7000,,'',1,3000,,'',1,7000,,'',1,3000,,'',1,7000,,'',1,3000,,'',1,7000,,'',1,3000,,'',1
'204-Weekday-1-20254-1111100',20401,62900,4,'',1,7100,4,'',1,3300,4,'',1,1600,4,'',1,5500,4,'',1,1500,4,'',1,1500,4,'',1,1500,4,'',1,5500,4,'',1,1500,4,'',1,1500,4,'',1,1400,4,'',1,5500,4,'',1,1500,4,'',1,1900,4,'',1,1500,4,'',1,5500,4,'',1,1500,4,'',1,1500,4,'',1,1500,4,'',1,5500,4,'',1,1500,4,'',1,1500,4,'',1,1500,4,'',1,5500,4,'',1,1500,4,'',1,1500,4,'',1,1500,4,'',1,5500,4,'',1,1500,4,'',1,1500,4,'',1,1700,4,'',1,5600,4,'',1,1600,4,'',1,1000,4,'',1,1300,4,'',1,6000,4,'',1,1500,4,'',1,1500,4,'',1,1500,4,'',1,5500,4,'',1,1500,4,'',1,1500,4,'',1,1500,4,'',1,5500,4,'',1,1300,4,'',1,1300,4,'',1,1400,4,'',1,6700,4,'',1,1000,4,'',1,8000,4,'',1,3000,4,'',1,7000,4,'',1,3000,4,'',1,7000,4,'',1,2700,4,'',1,6800,4,'',1,3000,4,'',1,7000,4,'',1
'204-Weekday-1-20255-1111100',20400,54500,,'',1,7000,,'',1,3000,,'',1,5500,,'',1,1500,,'',1,1500,,'',1,1500,,'',1,5500,,'',1,1500,,'',1,1500,,'',1,1500,,'',1,5500,,'',1,1500,,'',1,1500,,'',1,1500,,'',1,5500,,'',1,1500,,'',1,1500,,'',1,1500,,'',1,5500,,'',1,1500,,'',1,1500,,'',1,1500,,'',1,5500,,'',1,1500,,'',1,1500,,'',1,1500,,'',1,5500,,'',1,1500,,'',1,1500,,'',1,1500,,'',1,5500,,'',1,1500,,'',1,1500,,'',1,1500,,'',1,5500,,'',1,1500,,'',1,1500,,'',1,1500,,'',1,5500,,'',1,1500,,'',1,1500,,'',1,1500,,'',1,5500,,'',1,1500,,'',1,1500,,'',1,1500,,'',1,5500,,'',1,1500,,'',1,3000,,'',1,7000,,'',1,3000,,'',1,7000,,'',1,3000,,'',1,7000,,'',1,3000,,'',1,7000,,'',1,3000,,'',1,7000,,'',1,3000,,'',1
'204-Weekday-1-20255-1111100',20401,62900,4,'',1,7100,4,'',1,3300,4,'',1,1600,4,'',1,5500,4,'',1,1500,4,'',1,1500,4,'',1,1500,4,'',1,5500,4,'',1,1500,4,'',1,1500,4,'',1,1400,4,'',1,5500,4,'',1,1500,4,'',1,1900,4,'',1,1500,4,'',1,5500,4,'',1,1500,4,'',1,1500,4,'',1,1500,4,'',1,5500,4,'',1,1500,4,'',1,1500,4,'',1,1500,4,'',1,5500,4,'',1,1500,4,'',1,1500,4,'',1,1500,4,'',1,5500,4,'',1,1500,4,'',1,1500,4,'',1,1700,4,'',1,5600,4,'',1,1600,4,'',1,1000,4,'',1,1300,4,'',1,6000,4,'',1,1500,4,'',1,1500,4,'',1,1500,4,'',1,5500,4,'',1,1500,4,'',1,1500,4,'',1,1500,4,'',1,5500,4,'',1,1300,4,'',1,1300,4,'',1,1400,4,'',1,6700,4,'',1,1000,4,'',1,8000,4,'',1,3000,4,'',1,7000,4,'',1,3000,4,'',1,7000,4,'',1,2700,4,'',1,6800,4,'',1,3000,4,'',1,7000,4,'',1
'204-Weekday-2-20255-1111100',20400,54500,,'',1,7000,,'',1,3000,,'',1,5500,,'',1,1500,,'',1,1500,,'',1,1500,,'',1,5500,,'',1,1500,,'',1,1500,,'',1,1500,,'',1,5500,,'',1,1500,,'',1,1500,,'',1,1500,,'',1,5500,,'',1,1500,,'',1,1500,,'',1,1500,,'',1,5500,,'',1,1500,,'',1,1500,,'',1,1500,,'',1,5500,,'',1,1500,,'',1,1500,,'',1,1500,,'',1,5500,,'',1,1500,,'',1,1500,,'',1,1500,,'',1,5500,,'',1,1500,,'',1,1500,,'',1,1500,,'',1,5500,,'',1,1500,,'',1,1500,,'',1,1500,,'',1,5500,,'',1,1500,,'',1,1500,,'',1,1500,,'',1,5500,,'',1,1500,,'',1,1500,,'',1,1500,,'',1,5500,,'',1,1500,,'',1,3000,,'',1,7000,,'',1,3000,,'',1,7000,,'',1,3000,,'',1,7000,,'',1,3000,,'',1,7000,,'',1,3000,,'',1,7000,,'',1,3000,,'',1,7000,,'',1,3000,0,'Central Sta',1
'204-Weekday-2-20255-1111100',20401,62900,4,'',1,7100,4,'',1,3300,4,'',1,1600,4,'',1,5500,4,'',1,1500,4,'',1,1500,4,'',1,1500,4,'',1,5500,4,'',1,1500,4,'',1,1500,4,'',1,1400,4,'',1,5500,4,'',1,1500,4,'',1,1900,4,'',1,1500,4,'',1,5500,4,'',1,1500,4,'',1,1500,4,'',1,1500,4,'',1,5500,4,'',1,1500,4,'',1,1500,4,'',1,1500,4,'',1,5500,4,'',1,1500,4,'',1,1500,4,'',1,1500,4,'',1,5500,4,'',1,1500,4,'',1,1500,4,'',1,1700,4,'',1,5600,4,'',1,1600,4,'',1,1000,4,'',1,1300,4,'',1,6000,4,'',1,1500,4,'',1,1500,4,'',1,1500,4,'',1,5500,4,'',1,1500,4,'',1,1500,4,'',1,1500,4,'',1,5500,4,'',1,1300,4,'',1,1300,4,'',1,1400,4,'',1,6700,4,'',1,1000,4,'',1,8000,4,'',1,3000,4,'',1,7000,4,'',1,3000,4,'',1,7000,4,'',1,2700,4,'',1,6800,4,'',1,3000,4,'',1,7000,4,'',1,3000,4,'',1,7000,4,'',1
