'65-Holiday1-1-20255-0000001',6500,90500,4,'',1,4500,4,'',1,8500,4,'',1,8500,4,'',1,8500,4,'',1,4500,4,'',1,8500,4,'',1,8500,4,'',1,8500,4,'',1,4500,4,'',1,8500,4,'',1,8500,4,'',1,8500,4,'',1,4500,4,'',1,8500,4,'',1,8500,4,'',1,8500,4,'',1,4500,4,'',1
'65-Holiday1-1-20255-0000001',6501,82400,,'',1,8100,,'',1,4500,,'',1,8500,,'',1,8500,,'',1,8500,,'',1,4500,,'',1,8500,,'',1,8500,,'',1,8500,,'',1,4500,,'',1,8500,,'',1,8500,,'',1,8500,,'',1,4500,,'',1,8500,,'',1,8500,,'',1,8500,,'',1,4500,,'',1
'65-Holiday2-1-20255-0000001',6500,90500,4,'',1,10000,4,'',1,10000,4,'',1,10000,4,'',1,10000,4,'',1,10000,4,'',1,10000,4,'',1,10000,4,'',1,10000,4,'',1,10000,4,'',1
'65-Holiday2-1-20255-0000001',6501,90500,,'',1,10000,,'',1,10000,,'',1,10000,,'',1,10000,,'',1,10000,,'',1,10000,,'',1,10000,,'',1,10000,,'',1,10000,,'',1
'65-Holiday2-1-20255-1111111',6501,82500,,'',1
'65-Holiday3-1-20255-0000001',6500,90500,4,'',1,4500,4,'',1,8500,4,'',1,8500,4,'',1,8500,4,'',1,4500,4,'',1,8500,4,'',1,8500,4,'',1,8500,4,'',1,4500,4,'',1,8500,4,'',1,8500,4,'',1,8500,4,'',1,4500,4,'',1,8500,4,'',1,8500,4,'',1,8500,4,'',1,4500,4,'',1
'65-Holiday3-1-20255-0000001',6501,82400,,'',1,8100,,'',1,4500,,'',1,8500,,'',1,8500,,'',1,8500,,'',1,4500,,'',1,8500,,'',1,8500,,'',1,8500,,'',1,4500,,'',1,8500,,'',1,8500,,'',1,8500,,'',1,4500,,'',1,8500,,'',1,8500,,'',1,8500,,'',1,4500,,'',1
'65-Saturday-1-20254-0000010',6500,73500,4,'',1,7000,4,'',1,3000,4,'',1,7000,4,'',1,3100,4,'',1,7000,4,'',1,3000,4,'',1,7000,4,'',1,3000,4,'',1,7000,4,'',1,3000,4,'',1,7000,4,'',1,3000,4,'',1,7000,4,'',1,3000,4,'',1,7000,4,'',1,3000,4,'',1,7000,4,'',1,3000,4,'',1,7000,4,'',1,3000,4,'',1,7000,4,'',1,2900,4,'',1,8500,4,'',1,8500,4,'',1,4500,4,'',1,8500,4,'',1,8500,4,'',1,8500,4,'',1,4500,4,'',1
'65-Saturday-1-20254-0000010',6501,70500,,'',1,3000,,'',1,7000,,'',1,3000,,'',1,7000,,'',1,3100,,'',1,7000,,'',1,3000,,'',1,7000,,'',1,3000,,'',1,7000,,'',1,3000,,'',1,7000,,'',1,3000,,'',1,7000,,'',1,3000,,'',1,7000,,'',1,3000,,'',1,7000,,'',1,3000,,'',1,7000,,'',1,3000,,'',1,7000,,'',1,2900,,'',1,8500,,'',1,8500,,'',1,4500,,'',1,8500,,'',1,8500,,'',1,8500,,'',1
'65-Saturday-1-20255-0000010',6500,73500,4,'',1,7000,4,'',1,3000,4,'',1,7000,4,'',1,3100,4,'',1,7000,4,'',1,3000,4,'',1,7000,4,'',1,3000,4,'',1,7000,4,'',1,3000,4,'',1,7000,4,'',1,3000,4,'',1,7000,4,'',1,3000,4,'',1,7000,4,'',1,3000,4,'',1,7000,4,'',1,3000,4,'',1,7000,4,'',1,3000,4,'',1,7000,4,'',1,2900,4,'',1,8500,4,'',1,8500,4,'',1,4500,4,'',1,8500,4,'',1,8500,4,'',1,8500,4,'',1,4500,4,'',1
'65-Saturday-1-20255-0000010',6501,70500,,'',1,3000,,'',1,7000,,'',1,3000,,'',1,7000,,'',1,3100,,'',1,7000,,'',1,3000,,'',1,7000,,'',1,3000,,'',1,7000,,'',1,3000,,'',1,7000,,'',1,3000,,'',1,7000,,'',1,3000,,'',1,7000,,'',1,3000,,'',1,7000,,'',1,3000,,'',1,7000,,'',1,3000,,'',1,7000,,'',1,2900,,'',1,8500,,'',1,8500,,'',1,4500,,'',1,8500,,'',1,8500,,'',1,8500,,'',1
'65-Sunday-1-20254-0000001',6500,90500,4,'',1,3000,4,'',1,7000,4,'',1,2200,4,'',1,800,4,'',1,7000,4,'',1,2200,4,'',1,800,4,'',1,7000,4,'',1,2200,4,'',1,800,4,'',1,7000,4,'',1,2200,4,'',1,800,4,'',1,7000,4,'',1,2200,4,'',1,800,4,'',1,7000,4,'',1,2200,4,'',1,800,4,'',1,7000,4,'',1,2200,4,'',1,800,4,'',1,7000,4,'',1,2200,4,'',1,800,4,'',1,7000,4,'',1,3000,4,'',1,8500,4,'',1,8500,4,'',1,4500,4,'',1,8500,4,'',1,8500,4,'',1
'65-Sunday-1-20254-0000001',6501,83500,,'',1,7000,,'',1,3000,,'',1,7000,,'',1,2200,,'',1,800,,'',1,7000,,'',1,2200,,'',1,800,,'',1,7000,,'',1,2200,,'',1,800,,'',1,7000,,'',1,2200,,'',1,800,,'',1,7000,,'',1,2200,,'',1,800,,'',1,7000,,'',1,2200,,'',1,800,,'',1,7000,,'',1,2200,,'',1,800,,'',1,7000,,'',1,2200,,'',1,800,,'',1,7000,,'',1,3000,,'',1,8500,,'',1,8500,,'',1,4500,,'',1,8500,,'',1,8500,,'',1
'65-Sunday-1-20255-0000001',6500,90500,4,'',1,3000,4,'',1,7000,4,'',1,2200,4,'',1,800,4,'',1,7000,4,'',1,2200,4,'',1,800,4,'',1,7000,4,'',1,2200,4,'',1,800,4,'',1,7000,4,'',1,2200,4,'',1,800,4,'',1,7000,4,'',1,2200,4,'',1,800,4,'',1,7000,4,'',1,2200,4,'',1,800,4,'',1,7000,4,'',1,2200,4,'',1,800,4,'',1,7000,4,'',1,2200,4,'',1,800,4,'',1,7000,4,'',1,3000,4,'',1,8500,4,'',1,8500,4,'',1,4500,4,'',1,8500,4,'',1,8500,4,'',1
'65-Sunday-1-20255-0000001',6501,83500,,'',1,7000,,'',1,3000,,'',1,7000,,'',1,2200,,'',1,800,,'',1,7000,,'',1,2200,,'',1,800,,'',1,7000,,'',1,2200,,'',1,800,,'',1,7000,,'',1,2200,,'',1,800,,'',1,7000,,'',1,2200,,'',1,800,,'',1,7000,,'',1,2200,,'',1,800,,'',1,7000,,'',1,2200,,'',1,800,,'',1,7000,,'',1,2200,,'',1,800,,'',1,7000,,'',1,3000,,'',1,8500,,'',1,8500,,'',1,4500,,'',1,8500,,'',1,8500,,'',1
'65-Weekday-1-20255-1111100',6500,63500,4,'',1,7000,4,'',1,3200,4,'',1,7000,4,'',1,3000,4,'',1,7000,4,'',1,2900,4,'',1,6900,4,'',1,3000,4,'',1,7000,4,'',1,3000,4,'',1,7000,4,'',1,3000,4,'',1,7000,4,'',1,3000,4,'',1,7000,4,'',1,3700,4,'',1,7300,4,'',1,3000,4,'',1,7000,4,'',1,3000,4,'',1,7000,4,'',1,3000,4,'',1,6900,4,'',1,2200,4,'',1,7000,4,'',1,3000,4,'',1,7000,4,'',1,3000,4,'',1,7000,4,'',1,3000,4,'',1,7000,4,'',1,2800,4,'',1,7000,4,'',1,3000,4,'',1,7000,4,'',1
'65-Weekday-1-20255-1111100',6501,53500,,'',1,7000,,'',1,3000,,'',1,7000,,'',1,3200,,'',1,7000,,'',1,3000,,'',1,7000,,'',1,2900,,'',1,6900,,'',1,3000,,'',1,7000,,'',1,3000,,'',1,7000,,'',1,3000,,'',1,7000,,'',1,3000,,'',1,7000,,'',1,3700,,'',1,7300,,'',1,3000,,'',1,7000,,'',1,3000,,'',1,7000,,'',1,3000,,'',1,6900,,'',1,2200,,'',1,7000,,'',1,3000,,'',1,7000,,'',1,3000,,'',1,7000,,'',1,3000,,'',1,7000,,'',1,2800,,'',1,7000,,'',1,3000,,'',1
