901,'9-Holiday1-10000001',818,,23721,30,,,1,100,,23722,30,,,1,100,,23723,30,,,1,100,,23724,30,,,1,100,,23725,30,,,1,100,,23726,30,,,1,100,,23727,30,,,1,100,,23728,30,,,1,100,,23729,30,,,1,100,,23730,30,,,1,100,,23731,30,,,1,100,,23732,30,,,1,100,,23733,30,,,1,100,,23734,30,,,1,100,,23735,30,,,1,100,,23736,30,,,1,100,,23720,30,,,1
901,'9-Saturday-10000010',718,,23738,30,,,1,30,,23739,30,,,1,70,,23740,30,,,1,30,,23737,30,,,1,71,,23741,30,,,1,30,,23742,30,,,1,70,,23743,30,,,1,30,,23744,30,,,1,70,,23745,30,,,1,30,,23746,30,,,1,70,,23747,30,,,1,30,,23748,30,,,1,70,,23749,30,,,1,30,,23750,30,,,1,70,,23751,30,,,1,30,,23752,30,,,1,70,,23753,30,,,1,30,,23754,30,,,1,70,,23755,30,,,1,30,,23756,30,,,1,70,,23757,30,,,1,30,,23758,30,,,1,69,,23759,30,,,1,30,,23760,30,,,1,70,,23761,30,,,1,30,,23762,30,,,1,70,,23763,30,,,1,30,,23764,30,,,1,70,,23765,30,,,1,30,,23766,30,,,1,70,,23767,30,,,1,30,,23768,30,,,1,70,,23769,30,,,1,30,,23770,30,,,1,70,,23771,30,,,1
901,'9-Sunday-10000001',818,,23774,30,,,1,30,,23773,30,,,1,70,,23775,30,,,1,30,,23776,30,,,1,70,,23777,30,,,1,30,,23778,30,,,1,70,,23779,30,,,1,30,,23780,30,,,1,70,,23781,30,,,1,30,,23782,30,,,1,70,,23783,30,,,1,30,,23784,30,,,1,70,,23785,30,,,1,30,,23786,30,,,1,70,,23787,30,,,1,30,,23788,30,,,1,70,,23789,30,,,1,30,,23790,30,,,1,70,,23791,30,,,1,30,,23792,30,,,1,70,,23793,30,,,1,30,,23794,30,,,1,70,,23795,30,,,1,30,,23796,30,,,1,70,,23797,30,,,1,30,,23798,30,,,1,70,,23799,30,,,1,30,,23800,30,,,1,70,,23801,30,,,1,30,,23802,30,,,1,70,,23803,30,,,1,30,,23804,30,,,1,70,,23772,30,,,1
901,'9-Weekday-11111100',624,,23807,30,,,1,30,,23806,30,,,1,75,,23841,30,,,1,30,,23840,30,,,1,70,,23839,30,,,1,30,,23838,30,,,1,70,,23837,30,,,1,27,,23836,30,,,1,70,,23835,30,,,1,30,,23834,30,,,1,70,,23833,30,,,1,30,,23832,30,,,1,70,,23831,30,,,1,30,,23830,30,,,1,70,,23829,30,,,1,30,,23828,30,,,1,70,,23827,30,,,1,32,,23826,30,,,1,70,,23825,30,,,1,30,,23824,30,,,1,70,,23823,30,,,1,30,,23822,30,,,1,70,,23821,30,,,1,30,,23820,30,,,1,68,,23819,30,,,1,30,,23818,30,,,1,70,,23817,30,,,1,30,,23816,30,,,1,70,,23815,30,,,1,30,,23814,30,,,1,70,,23813,30,,,1,30,,23812,30,,,1,67,,23805,30,,,1,30,,23842,30,,,1,70,,23809,30,,,1,30,,23808,30,,,1,70,,23810,30,,,1,30,,23811,30,,,1
3101,'31-Saturday-10000010',723,,26963,31,,,1,30,,26964,31,,,1,70,,26965,31,,,1,30,,26966,31,,,1,71,,26967,31,,,1,30,,26968,31,,,1,70,,26969,31,,,1,30,,26970,31,,,1,70,,26971,31,,,1,30,,26972,31,,,1,70,,26973,31,,,1,30,,26974,31,,,1,70,,26975,31,,,1,30,,26976,31,,,1,70,,26977,31,,,1,30,,26978,31,,,1,70,,26979,31,,,1,30,,26980,31,,,1,70,,26981,31,,,1,30,,26982,31,,,1,70,,26983,31,,,1,30,,26984,31,,,1,69,,26985,31,,,1,30,,26986,31,,,1,70,,26987,31,,,1
3101,'31-Sunday-10000001',823,,26988,31,,,1,30,,26989,31,,,1,70,,26990,31,,,1,30,,26991,31,,,1,70,,26992,31,,,1,30,,26993,31,,,1,70,,26994,31,,,1,30,,26995,31,,,1,70,,26996,31,,,1,30,,26997,31,,,1,70,,26998,31,,,1,30,,26999,31,,,1,70,,27000,31,,,1,30,,27001,31,,,1,70,,27002,31,,,1,30,,27003,31,,,1,70,,27004,31,,,1,30,,27005,31,,,1,70,,27006,31,,,1,30,,27007,31,,,1,70,,27008,31,,,1,30,,27009,31,,,1,70,,27010,31,,,1
3101,'31-Weekday-11111100',555,,27043,13,,,1,70,,27044,13,,,1,30,,27012,31,,,1,74,,27031,31,,,1,30,,27032,31,,,1,70,,27033,31,,,1,30,,27034,31,,,1,70,,27045,31,,,1,28,,27035,31,,,1,70,,27036,31,,,1,30,,27037,31,,,1,70,,27038,31,,,1,30,,27039,31,,,1,70,,27040,31,,,1,30,,27041,31,,,1,70,,27042,31,,,1,30,,27030,31,,,1,70,,27029,31,,,1,32,,27028,31,,,1,70,,27027,31,,,1,30,,27026,31,,,1,70,,27025,31,,,1,30,,27024,31,,,1,70,,27023,31,,,1,30,,27022,31,,,1,67,,27021,31,,,1,30,,27020,31,,,1,70,,27019,31,,,1,30,,27018,31,,,1,70,,27017,31,,,1,30,,27016,31,,,1,70,,27015,31,,,1,30,,27014,31,,,1,65,,27013,31,,,1,30,,27011,31,,,1
20101,'201-Holiday1-10000001',709,,30169,6,,,1,30,,30170,6,,,1,70,,30171,6,,,1,30,,30172,6,,,1,70,,30173,6,,,1,30,,30174,6,,,1,71,,30175,6,,,1,30,,30176,6,,,1,70,,30177,6,,,1,30,,30178,6,,,1,70,,30168,6,,,1,30,,30179,6,,,1,70,,30180,6,,,1,30,,30181,6,,,1,70,,30182,6,,,1,30,,30183,6,,,1,70,,30184,6,,,1,30,,30185,6,,,1,70,,30186,6,,,1,30,,30187,6,,,1,70,,30188,6,,,1,30,,30189,6,,,1,69,,30190,6,,,1,30,,30191,6,,,1,70,,30192,6,,,1,30,,30193,6,,,1,70,,30194,6,,,1,30,,30195,6,,,1,70,,30196,6,,,1,30,,30197,6,,,1,70,,30198,6,,,1,30,,30199,6,,,1,70,,30200,6,,,1,30,,30201,6,,,1,70,,30202,6,,,1
20101,'201-Saturday-10000010',639,,30238,6,,,1,70,,30203,6,,,1,30,,30204,6,,,1,70,,30205,6,,,1,30,,30206,6,,,1,71,,30207,6,,,1,30,,30208,6,,,1,70,,30209,6,,,1,30,,30210,6,,,1,70,,30211,6,,,1,30,,30212,6,,,1,70,,30213,6,,,1,30,,30214,6,,,1,70,,30215,6,,,1,30,,30216,6,,,1,70,,30217,6,,,1,30,,30218,6,,,1,70,,30219,6,,,1,30,,30220,6,,,1,70,,30221,6,,,1,30,,30222,6,,,1,70,,30223,6,,,1,30,,30224,6,,,1,69,,30225,6,,,1,30,,30226,6,,,1,70,,30227,6,,,1,30,,30228,6,,,1,70,,30229,6,,,1,30,,30230,6,,,1,70,,30231,6,,,1,30,,30232,6,,,1,70,,30233,6,,,1,30,,30234,6,,,1,70,,30235,6,,,1,30,,30236,6,,,1,70,,30237,6,0,13 14 7,1
20101,'201-Sunday-10000001',709,,30240,6,,,1,30,,30241,6,,,1,70,,30242,6,,,1,30,,30243,6,,,1,70,,30244,6,,,1,30,,30245,6,,,1,71,,30246,6,,,1,30,,30247,6,,,1,70,,30248,6,,,1,30,,30249,6,,,1,70,,30239,6,,,1,30,,30250,6,,,1,70,,30251,6,,,1,30,,30252,6,,,1,70,,30253,6,,,1,30,,30254,6,,,1,70,,30255,6,,,1,30,,30256,6,,,1,70,,30257,6,,,1,30,,30258,6,,,1,70,,30259,6,,,1,30,,30260,6,,,1,69,,30261,6,,,1,30,,30262,6,,,1,70,,30263,6,,,1,30,,30264,6,,,1,70,,30265,6,,,1,30,,30266,6,,,1,70,,30267,6,,,1,30,,30268,6,,,1,70,,30269,6,,,1,30,,30270,6,,,1,70,,30271,6,,,1,30,,30272,6,,,1,70,,30273,6,,,1
20101,'201-Weekday-11111100',524,,30348,6,,,1,30,,30349,6,,,1,55,,30307,6,,,1,15,,30310,6,,,1,15,,30308,6,,,1,15,,30311,6,,,1,57,,30305,6,,,1,10,,30312,6,,,1,10,,30334,6,,,1,10,,30304,6,,,1,10,,30313,6,,,1,50,,30335,6,,,1,10,,30274,6,,,1,10,,30314,6,,,1,10,,30336,6,,,1,10,,30309,6,,,1,10,,30315,6,,,1,50,,30337,6,,,1,10,,30306,6,,,1,10,,30316,6,,,1,10,,30338,6,,,1,11,,30275,6,,,1,10,,30317,6,,,1,50,,30351,6,,,1,10,,30276,6,,,1,10,,30318,6,,,1,10,,30352,6,,,1,10,,30277,6,,,1,10,,30319,6,,,1,50,,30353,6,,,1,10,,30278,6,,,1,10,,30320,6,,,1,10,,30354,6,,,1,10,,30279,6,,,1,10,,30321,6,,,1,50,,30355,6,,,1,10,,30280,6,,,1,10,,30322,6,,,1,10,,30356,6,,,1,10,,30281,6,,,1,10,,30323,6,,,1,50,,30357,6,,,1,10,,30282,6,,,1,10,,30324,6,,,1,10,,30358,6,,,1,10,,30283,6,,,1,10,,30325,6,,,1,50,,30359,6,,,1,10,,30284,6,,,1,10,,30360,6,,,1,10,,30326,6,,,1,10,,30285,6,,,1,10,,30327,6,,,1,50,,30339,6,,,1,10,,30286,6,,,1,10,,30328,6,,,1,10,,30340,6,,,1,10,,30287,6,,,1,10,,30329,6,,,1,50,,30341,6,,,1,10,,30292,6,,,1,10,,30330,6,,,1,10,,30343,6,,,1,10,,30288,6,,,1,10,,30331,6,,,1,50,,30342,6,,,1,10,,30289,6,,,1,10,,30332,6,,,1,10,,30344,6,,,1,10,,30290,6,,,1,10,,30333,6,,,1,50,,30345,6,,,1,9,,30291,6,,,1,15,,30293,6,,,1,15,,30361,6,,,1,15,,30294,6,,,1,55,,30362,6,,,1,15,,30295,6,,,1,15,,30363,6,,,1,15,,30296,6,,,1,55,,30364,6,,,1,15,,30297,6,,,1,15,,30365,6,,,1,15,,30298,6,,,1,55,,30366,6,,,1,15,,30299,6,,,1,15,,30367,6,,,1,15,,30300,6,,,1,83,,30301,6,,,1,70,,30302,6,,,1,35,,30303,6,,,1,70,,30350,6,,,1
