1300,'13-Holiday1-10000001',820,,24477,28,,,1,100,,24478,28,,,1,102,,24479,28,,,1,100,,24480,28,,,1,100,,24481,28,,,1,100,,24482,28,,,1,100,,24483,28,,,1,100,,24484,28,,,1,100,,24485,28,,,1,100,,24486,28,,,1,98,,24487,28,,,1,100,,24488,28,,,1,100,,24489,28,,,1,100,,24490,28,,,1,100,,24491,28,,,1,100,,24492,28,,,1
1300,'13-Saturday-10000010',722,,24494,28,,,1,30,,24495,28,,,1,70,,24496,28,,,1,30,,24497,28,,,1,70,,24498,28,,,1,30,,24499,28,,,1,70,,24500,28,,,1,30,,24501,28,,,1,70,,24502,28,,,1,30,,24503,28,,,1,70,,24504,28,,,1,30,,24505,28,,,1,70,,24506,28,,,1,30,,24507,28,,,1,70,,24493,28,,,1,30,,24508,28,,,1,70,,24509,28,,,1,30,,24510,28,,,1,70,,24511,28,,,1,30,,24512,28,,,1,70,,24513,28,,,1,30,,24514,28,,,1,70,,24515,28,,,1,30,,24516,28,,,1,70,,24517,28,,,1,30,,24518,28,,,1,70,,24519,28,,,1,30,,24520,28,,,1,70,,24521,28,,,1,30,,24522,28,,,1,70,,24523,28,,,1,30,,24524,28,,,1,70,,24525,28,,,1,30,,24526,28,,,1,70,,24527,28,,,1
1300,'13-Sunday-10000001',820,,24529,28,,,1,30,,24528,28,,,1,70,,24530,28,,,1,30,,24531,28,,,1,72,,24532,28,,,1,30,,24533,28,,,1,70,,24534,28,,,1,30,,24535,28,,,1,70,,24536,28,,,1,30,,24537,28,,,1,70,,24538,28,,,1,30,,24539,28,,,1,70,,24540,28,,,1,30,,24541,28,,,1,70,,24542,28,,,1,30,,24543,28,,,1,70,,24544,28,,,1,30,,24545,28,,,1,70,,24546,28,,,1,30,,24547,28,,,1,68,,24548,28,,,1,30,,24549,28,,,1,70,,24550,28,,,1,30,,24551,28,,,1,70,,24552,28,,,1,30,,24553,28,,,1,70,,24554,28,,,1,30,,24555,28,,,1,70,,24556,28,,,1,30,,24557,28,,,1,70,,24558,28,,,1
1300,'13-Weekday-11111100',550,,24584,28,,,1,70,,24559,28,,,1,30,,24560,28,,,1,75,,24561,28,,,1,30,,24562,28,,,1,70,,24563,28,,,1,30,,24564,28,,,1,70,,24565,28,,,1,28,,24566,28,,,1,70,,24567,28,,,1,30,,24568,28,,,1,70,,24569,28,,,1,30,,24570,28,,,1,70,,24571,28,,,1,30,,24572,28,,,1,70,,24573,28,,,1,30,,24574,28,,,1,70,,24575,28,,,1,30,,24576,28,,,1,70,,24577,28,,,1,30,,24578,28,,,1,70,,24579,28,,,1,30,,24580,28,,,1,70,,24581,28,,,1,30,,24582,28,,,1,68,,24583,28,,,1,30,,24589,28,,,1,70,,24590,28,,,1,30,,24591,28,,,1,70,,24592,28,,,1,30,,24593,28,,,1,70,,24594,28,,,1,30,,24595,28,,,1,67,,24596,28,,,1,30,,24585,28,,,1,70,,24587,28,,,1,30,,24586,28,,,1,70,,24588,28,,,1
3100,'31-Saturday-10000010',649,,26882,11,,,1,70,,26883,11,,,1,30,,26884,11,,,1,70,,26885,11,,,1,30,,26886,11,,,1,70,,26887,11,,,1,32,,26888,11,,,1,70,,26889,11,,,1,30,,26890,11,,,1,70,,26891,11,,,1,30,,26892,11,,,1,70,,26893,11,,,1,30,,26881,11,,,1,70,,26894,11,,,1,30,,26895,11,,,1,70,,26896,11,,,1,30,,26897,11,,,1,70,,26898,11,,,1,30,,26899,11,,,1,70,,26900,11,,,1,30,,26901,11,,,1,70,,26902,11,,,1,30,,26903,11,,,1,70,,26904,11,,,1,28,,26905,11,,,1
3100,'31-Sunday-10000001',819,,26906,11,,,1,30,,26907,11,,,1,70,,26908,11,,,1,30,,26909,11,,,1,70,,26910,11,,,1,30,,26911,11,,,1,70,,26912,11,,,1,30,,26913,11,,,1,70,,26914,11,,,1,30,,26915,11,,,1,70,,26916,11,,,1,30,,26917,11,,,1,70,,26918,11,,,1,30,,26919,11,,,1,70,,26920,11,,,1,30,,26921,11,,,1,70,,26922,11,,,1,30,,26923,11,,,1,70,,26924,11,,,1,30,,26925,11,,,1,70,,26926,11,,,1,30,,26927,11,,,1
3100,'31-Weekday-11111100',618,,26929,11,,,1,30,,26928,11,,,1,72,,26961,11,,,1,35,,26930,11,,,1,70,,26931,11,,,1,30,,26932,11,,,1,70,,26933,11,,,1,30,,26934,11,,,1,67,,26935,11,,,1,30,,26936,11,,,1,70,,26937,11,,,1,30,,26938,11,,,1,70,,26939,11,,,1,30,,26940,11,,,1,70,,26941,11,,,1,30,,26942,11,,,1,70,,26943,11,,,1,32,,26944,11,,,1,73,,26945,11,,,1,30,,26946,11,,,1,70,,26947,11,,,1,30,,26948,11,,,1,70,,26949,11,,,1,30,,26950,11,,,1,68,,26951,11,,,1,26,,26952,11,,,1,70,,26962,11,,,1,30,,26953,11,,,1,70,,26954,11,,,1,30,,26955,11,,,1,70,,26956,11,,,1,30,,26957,11,,,1,67,,26958,11,,,1,25,,26959,11,,,1,70,,26960,11,,,1
20100,'201-Holiday1-10000001',727,,29968,27,,,1,30,,29969,27,,,1,70,,29970,27,,,1,30,,29971,27,,,1,70,,29972,27,,,1,30,,29973,27,,,1,71,,29974,27,,,1,31,,29975,27,,,1,70,,29967,27,,,1,30,,29976,27,,,1,70,,29977,27,,,1,30,,29978,27,,,1,70,,29979,27,,,1,30,,29980,27,,,1,70,,29981,27,,,1,30,,29982,27,,,1,70,,29983,27,,,1,30,,29984,27,,,1,70,,29985,27,,,1,30,,29986,27,,,1,70,,29987,27,,,1,30,,29988,27,,,1,69,,29989,27,,,1,29,,29990,27,,,1,70,,29991,27,,,1,30,,29992,27,,,1,70,,29993,27,,,1,30,,29994,27,,,1,70,,29995,27,,,1,30,,29996,27,,,1,70,,29997,27,,,1,30,,29998,27,,,1,70,,29999,27,,,1,30,,30000,27,,,1,70,,30001,27,,,1
20100,'201-Saturday-10000010',703,,30037,20,,,1,25,,30002,27,,,1,30,,30003,27,,,1,70,,30004,27,,,1,30,,30005,27,,,1,70,,30006,27,,,1,31,,30007,27,,,1,70,,30008,27,,,1,30,,30009,27,,,1,70,,30010,27,,,1,30,,30011,27,,,1,70,,30012,27,,,1,30,,30013,27,,,1,70,,30014,27,,,1,30,,30015,27,,,1,70,,30016,27,,,1,30,,30017,27,,,1,70,,30018,27,,,1,30,,30019,27,,,1,70,,30020,27,,,1,30,,30021,27,,,1,70,,30022,27,,,1,30,,30023,27,,,1,70,,30024,27,,,1,29,,30025,27,,,1,70,,30026,27,,,1,30,,30027,27,,,1,70,,30028,27,,,1,30,,30029,27,,,1,70,,30030,27,,,1,30,,30031,27,,,1,70,,30032,27,,,1,30,,30033,27,,,1,70,,30034,27,,,1,30,,30035,27,,,1,70,,30036,27,,,1
20100,'201-Sunday-10000001',727,,30039,27,,,1,30,,30040,27,,,1,70,,30041,27,,,1,30,,30042,27,,,1,70,,30043,27,,,1,30,,30044,27,,,1,71,,30045,27,,,1,31,,30046,27,,,1,70,,30038,27,,,1,30,,30047,27,,,1,70,,30048,27,,,1,30,,30049,27,,,1,70,,30050,27,,,1,30,,30051,27,,,1,70,,30052,27,,,1,30,,30053,27,,,1,70,,30054,27,,,1,30,,30055,27,,,1,70,,30056,27,,,1,30,,30057,27,,,1,70,,30058,27,,,1,30,,30059,27,,,1,69,,30060,27,,,1,29,,30061,27,,,1,70,,30062,27,,,1,30,,30063,27,,,1,70,,30064,27,,,1,30,,30065,27,,,1,70,,30066,27,,,1,30,,30067,27,,,1,70,,30068,27,,,1,30,,30069,27,,,1,70,,30070,27,,,1,30,,30071,27,,,1,70,,30072,27,,,1
20100,'201-Weekday-11111100',543,,30107,20,,,1,60,,30148,20,,,1,16,,30108,27,,,1,15,,30109,27,,,1,15,,30106,27,,,1,55,,30110,27,,,1,19,,30105,27,,,1,17,,30111,27,,,1,15,,30104,27,,,1,50,,30136,27,,,1,10,,30112,27,,,1,10,,30100,27,,,1,10,,30137,27,,,1,10,,30113,27,,,1,10,,30101,27,,,1,50,,30138,27,,,1,10,,30114,27,,,1,10,,30098,27,,,1,10,,30139,27,,,1,9,,30115,27,,,1,9,,30097,27,,,1,48,,30140,27,,,1,11,,30116,27,,,1,10,,30073,27,,,1,10,,30152,27,,,1,10,,30117,27,,,1,10,,30074,27,,,1,50,,30153,27,,,1,10,,30118,27,,,1,10,,30075,27,,,1,10,,30154,27,,,1,10,,30119,27,,,1,10,,30076,27,,,1,50,,30155,27,,,1,10,,30120,27,,,1,10,,30077,27,,,1,10,,30156,27,,,1,10,,30121,27,,,1,10,,30078,27,,,1,50,,30157,27,,,1,10,,30122,27,,,1,10,,30079,27,,,1,10,,30158,27,,,1,10,,30123,27,,,1,10,,30080,27,,,1,50,,30159,27,,,1,10,,30124,27,,,1,10,,30081,27,,,1,10,,30160,27,,,1,11,,30125,27,,,1,11,,30082,27,,,1,52,,30161,27,,,1,11,,30126,27,,,1,11,,30167,27,,,1,10,,30099,27,,,1,10,,30141,27,,,1,10,,30135,27,,,1,50,,30127,27,,,1,10,,30142,27,,,1,10,,30103,27,,,1,10,,30083,27,,,1,10,,30143,27,,,1,10,,30128,27,,,1,50,,30129,27,,,1,10,,30144,27,,,1,10,,30084,27,,,1,10,,30130,27,,,1,10,,30145,27,,,1,10,,30102,27,,,1,49,,30131,27,,,1,9,,30146,27,,,1,8,,30085,27,,,1,9,,30132,27,,,1,10,,30147,27,,,1,9,,30086,27,,,1,50,,30133,27,,,1,15,,30166,27,,,1,15,,30134,27,,,1,15,,30149,27,,,1,55,,30087,27,,,1,15,,30150,27,,,1,15,,30088,27,,,1,15,,30151,27,,,1,55,,30089,27,,,1,15,,30162,27,,,1,15,,30090,27,,,1,15,,30163,27,,,1,55,,30091,27,,,1,13,,30164,27,0,15 16,1,14,,30092,27,,,1,13,,30165,27,,,1,70,,30093,27,,,1,30,,30094,27,,,1,75,,30095,27,,,1,30,,30096,27,,,1
