1601,'16-Holiday1-10000001',843,,24911,31,,,1,100,,24912,31,,,1,105,,24913,31,,,1,100,,24914,31,,,1,100,,24915,31,,,1,100,,24916,31,,,1,100,,24917,31,,,1,100,,24918,31,,,1,100,,24919,31,,,1,100,,24920,31,,,1,98,,24921,31,,,1,101,,24922,31,,,1,100,,24923,31,,,1,100,,24924,31,,,1,100,,24925,31,,,1,100,,24926,31,,,1
1601,'16-Saturday-10000010',647,,24927,4,,,1,70,,24928,31,,,1,30,,24929,31,,,1,70,,24930,31,,,1,30,,24931,31,,,1,71,,24932,31,,,1,34,,24933,31,,,1,73,,24934,31,,,1,30,,24935,31,,,1,70,,24936,31,,,1,30,,24937,31,,,1,70,,24938,31,,,1,30,,24939,31,,,1,70,,24940,31,,,1,30,,24941,31,,,1,70,,24942,31,,,1,30,,24943,31,,,1,70,,24944,31,,,1,30,,24945,31,,,1,70,,24946,31,,,1,30,,24947,31,,,1,70,,24948,31,,,1,30,,24949,31,,,1,68,,24950,31,,,1,28,,24951,31,,,1,68,,24952,31,,,1,30,,24953,31,,,1,70,,24954,31,,,1,30,,24955,31,,,1,70,,24956,31,,,1,30,,24957,31,,,1,70,,24958,31,,,1,30,,24959,31,,,1,70,,24960,31,,,1,30,,24962,31,,,1
1601,'16-Sunday-10000001',813,,24963,31,,,1,30,,24964,31,,,1,70,,24965,31,,,1,30,,24966,31,,,1,71,,24967,31,,,1,34,,24968,31,,,1,70,,24969,31,,,1,30,,24970,31,,,1,70,,24971,31,,,1,30,,24972,31,,,1,70,,24973,31,,,1,30,,24974,31,,,1,70,,24975,31,,,1,30,,24976,31,,,1,70,,24977,31,,,1,30,,24978,31,,,1,70,,24979,31,,,1,30,,24980,31,,,1,70,,24981,31,,,1,30,,24982,31,,,1,71,,24983,31,,,1,27,,24984,31,,,1,71,,24985,31,,,1,30,,24986,31,,,1,70,,24987,31,,,1,30,,24988,31,,,1,70,,24989,31,,,1,30,,24990,31,,,1,70,,24991,31,,,1,30,,24992,31,,,1,70,,24993,31,,,1,30,,24994,31,,,1
1601,'16-Weekday-11111100',612,,24996,31,,,1,32,,24997,31,,,1,12,,25033,31,,,1,59,,24998,31,,,1,20,,25037,31,,,1,15,,24999,31,,,1,57,,25034,31,,,1,16,,25000,31,,,1,15,,25035,31,,,1,15,,25001,31,,,1,55,,25036,31,,,1,15,,25002,31,,,1,15,,25046,31,,,1,15,,25003,31,,,1,56,,25052,31,,,1,16,,25004,31,,,1,15,,25053,31,,,1,14,,25005,31,,,1,56,,25054,31,,,1,15,,25006,31,,,1,15,,25055,31,,,1,15,,25007,31,,,1,55,,25056,31,,,1,15,,25008,31,,,1,15,,25057,31,,,1,15,,25009,31,,,1,55,,25058,31,,,1,15,,25010,31,,,1,15,,25059,31,,,1,15,,25011,31,,,1,55,,25060,31,,,1,15,,25012,31,,,1,15,,25061,31,,,1,17,,25013,31,,,1,55,,25043,31,,,1,15,,25014,31,,,1,17,,25038,31,,,1,15,,25015,31,,,1,56,,25039,31,,,1,15,,25016,31,,,1,15,,25040,31,,,1,55,,25017,31,,,1,15,,25041,31,,,1,15,,25018,31,,,1,15,,25042,31,,,1,55,,25019,31,,,1,14,,25032,31,,,1,13,,25020,31,,,1,14,,25044,31,,,1,13,,25021,31,,,1,53,,25047,31,,,1,15,,25022,31,,,1,14,,25023,31,,,1,15,,25048,31,,,1,55,,25024,31,,,1,15,,25051,31,,,1,15,,25025,31,,,1,15,,25049,31,,,1,55,,25026,31,,,1,15,,25050,31,,,1,15,,25027,31,,,1,15,,25062,31,,,1,54,,25028,31,,,1,31,,25029,31,,,1,67,,25030,31,,,1,13,,25031,31,,,1
2200,'22-Saturday-10000010',646,,25746,22,,,1,70,,25747,22,,,1,30,,25748,22,,,1,70,,25749,22,,,1,30,,25750,22,,,1,71,,25751,22,,,1,30,,25752,22,,,1,70,,25753,22,,,1,30,,25754,22,,,1,70,,25755,22,,,1,30,,25756,22,,,1,70,,25757,22,,,1,30,,25758,22,,,1,70,,25759,22,,,1,30,,25760,22,,,1,70,,25761,22,,,1,30,,25762,22,,,1,70,,25763,22,,,1,30,,25764,22,,,1,70,,25765,22,,,1,30,,25766,22,,,1,70,,25767,22,,,1,30,,25768,22,,,1,69,,25769,22,,,1,30,,25770,22,,,1,70,,25771,22,,,1,30,,25772,22,,,1,70,,25773,22,,,1,30,,25774,22,,,1,70,,25775,22,,,1,30,,25776,22,,,1,100,,25777,22,,,1,100,,25778,22,,,1
2200,'22-Sunday-10000001',846,,25789,22,,,1,100,,25779,22,,,1,100,,25780,22,,,1,100,,25781,22,,,1,100,,25782,22,,,1,100,,25783,22,,,1,100,,25784,22,,,1,100,,25785,22,,,1,100,,25786,22,,,1,100,,25787,22,,,1,100,,25788,22,,,1
2200,'22-Weekday-11111100',618,,25790,22,,,1,30,,25791,22,,,1,73,,25792,22,,,1,30,,25793,22,,,1,70,,25794,22,,,1,30,,25795,22,,,1,70,,25796,22,,,1,28,,25797,22,,,1,70,,25798,22,,,1,30,,25799,22,,,1,70,,25800,22,,,1,30,,25801,22,,,1,70,,25802,22,,,1,30,,25803,22,,,1,70,,25804,22,,,1,30,,25805,22,,,1,70,,25806,22,,,1,31,,25807,22,,,1,70,,25808,22,,,1,30,,25809,22,,,1,70,,25810,22,,,1,30,,25811,22,,,1,70,,25812,22,,,1,30,,25813,22,,,1,68,,25814,22,,,1,30,,25815,22,,,1,70,,25816,22,,,1,30,,25817,22,,,1,70,,25818,22,,,1,30,,25819,22,,,1,70,,25823,22,,,1,30,,25820,22,,,1,69,,25824,22,,,1,30,,25821,22,,,1,100,,25822,22,,,1
3301,'33-Saturday-10000010',658,,27130,8,,,1,70,,27131,8,,,1,30,,27132,8,,,1,70,,27133,8,,,1,30,,27134,8,,,1,71,,27135,8,,,1,30,,27136,8,,,1,70,,27137,8,,,1,30,,27138,8,,,1,70,,27139,8,,,1,30,,27140,8,,,1,70,,27141,8,,,1,30,,27142,8,,,1,70,,27143,8,,,1,30,,27144,8,,,1,70,,27145,8,,,1,30,,27146,8,,,1,70,,27147,8,,,1,30,,27148,8,,,1,70,,27149,8,,,1,30,,27150,8,,,1,70,,27151,8,,,1,30,,27152,8,,,1,69,,27153,8,,,1,30,,27154,8,,,1
3301,'33-Sunday-10000001',758,,27155,8,,,1,70,,27156,8,,,1,30,,27157,8,,,1,70,,27158,8,,,1,30,,27159,8,,,1,70,,27160,8,,,1,30,,27161,8,,,1,70,,27162,8,,,1,30,,27163,8,,,1,70,,27164,8,,,1,30,,27165,8,,,1,70,,27166,8,,,1,30,,27167,8,,,1,70,,27168,8,,,1,30,,27169,8,,,1,70,,27170,8,,,1,30,,27171,8,,,1,70,,27172,8,,,1,30,,27173,8,,,1,70,,27174,8,,,1,30,,27175,8,,,1,70,,27176,8,,,1,30,,27177,8,,,1
3301,'33-Weekday-11111100',547,,27178,8,,,1,70,,27179,8,,,1,30,,27180,8,,,1,73,,27181,8,,,1,34,,27182,8,,,1,70,,27183,8,,,1,30,,27184,8,,,1,70,,27185,8,,,1,28,,27186,8,,,1,68,,27187,8,,,1,30,,27188,8,,,1,70,,27189,8,,,1,31,,27190,8,,,1,70,,27191,8,,,1,30,,27192,8,,,1,70,,27193,8,,,1,30,,27194,8,,,1,70,,27195,8,,,1,32,,27196,8,,,1,71,,27197,8,,,1,30,,27198,8,,,1,70,,27199,8,,,1,30,,27200,8,,,1,70,,27201,8,,,1,30,,27202,8,,,1,66,,27203,8,,,1,28,,27204,8,,,1,70,,27210,8,,,1,30,,27205,8,,,1,70,,27206,8,,,1,30,,27211,8,,,1,70,,27207,8,,,1,30,,27212,8,,,1,70,,27208,8,,,1,28,,27209,8,,,1,70,,27213,8,,,1
