2100,'21-Saturday-10000010',642,,4044,4,,1,70,,4046,4,,1,30,,4021,4,,1,70,,4022,4,,1,30,,4023,4,,1,70,,4024,4,,1,30,,4025,4,,1,70,,4026,4,,1,30,,4027,4,,1,70,,4028,4,,1,30,,4029,4,,1,70,,4030,4,,1,30,,4031,4,,1,70,,4032,4,,1,30,,4033,4,,1,70,,4034,4,,1,30,,4035,4,,1,70,,4036,4,,1,30,,4037,4,,1,70,,4038,4,,1,30,,4039,4,,1,70,,4040,4,,1,30,,4041,4,,1,70,,4042,4,,1,30,,4043,4,,1,70,,4045,4,,1
2100,'21-Saturday-20000010',642,,10806,4,,1,70,,10807,4,,1,30,,10808,4,,1,70,,10809,4,,1,15,,10802,4,,1,15,,10810,4,,1,15,,10791,4,,1,55,,10811,4,,1,15,,10805,4,,1,15,,10812,4,,1,15,,10804,4,,1,55,,10813,4,,1,15,,10803,4,,1,15,,10814,4,,1,15,,10801,4,,1,55,,10815,4,,1,30,,10816,4,,1,15,,10800,4,,1,55,,10817,4,,1,15,,10799,4,,1,15,,10818,4,,1,15,,10798,4,,1,55,,10819,4,,1,15,,10797,4,,1,15,,10820,4,,1,15,,10795,4,,1,55,,10821,4,,1,15,,10796,4,,1,15,,10822,4,,1,15,,10793,4,,1,55,,10823,4,,1,15,,10792,4,,1,15,,10824,4,,1,15,,10794,4,,1,55,,10825,4,,1,30,,10826,4,,1,70,,10827,4,,1,30,,10828,4,,1,70,,10829,4,,1,30,,10830,4,,1,70,,10831,4,,1
2100,'21-Saturday-30000010',642,,10855,4,,1,70,,10857,4,,1,30,,10832,4,,1,70,,10833,4,,1,30,,10834,4,,1,70,,10835,4,,1,30,,10836,4,,1,70,,10837,4,,1,30,,10838,4,,1,70,,10839,4,,1,30,,10840,4,,1,70,,10841,4,,1,30,,10842,4,,1,70,,10843,4,,1,30,,10844,4,,1,70,,10845,4,,1,30,,10846,4,,1,70,,10847,4,,1,30,,10848,4,,1,70,,10849,4,,1,30,,10850,4,,1,70,,10851,4,,1,30,,10852,4,,1,70,,10853,4,,1,30,,10854,4,,1,70,,10856,4,,1,300,,10858,4,,1
2100,'21-Sunday-10000001',719,,4047,4,,1,30,,4048,4,,1,70,,4049,4,,1,30,,4050,4,,1,70,,4051,4,,1,30,,4052,4,,1,72,,4053,4,,1,31,,4054,4,,1,70,,4055,4,,1,30,,4056,4,,1,70,,4057,4,,1,30,,4058,4,,1,70,,4059,4,,1,30,,4060,4,,1,70,,4061,4,,1,30,,4062,4,,1,70,,4063,4,,1,30,,4064,4,,1,70,,4065,4,,1,30,,4066,4,,1,70,,4067,4,,1,30,,4068,4,,1,68,,4069,4,,1,29,,4070,4,,1
2100,'21-Weekday-11111100',552,,4083,4,,1,91,,4071,4,,1,71,,4072,4,,1,30,,4079,4,,1,70,,4073,4,,1,30,,4080,4,,1,70,,4074,4,,1,29,,4092,4,,1,72,,4086,4,,1,30,,4093,4,,1,70,,4087,4,,1,30,,4094,4,,1,70,,4088,4,,1,30,,4095,4,,1,70,,4089,4,,1,30,,4096,4,,1,70,,4090,4,,1,31,,4097,4,,1,70,,4075,4,,1,30,,4085,4,,1,70,,4076,4,,1,30,,4084,4,,1,70,,4091,4,,1,30,,4077,4,,1,69,,4081,4,,1,27,,4078,4,,1,70,,4082,4,,1,30,,4098,4,,1,70,,4099,4,,1,30,,4100,4,,1,70,,4101,4,,1,30,,4102,4,,1
2101,'21-Saturday-10000010',642,,4127,,,1,70,,4128,,,1,30,,4103,,,1,70,,4104,,,1,30,,4105,,,1,70,,4106,,,1,30,,4107,,,1,70,,4108,,,1,30,,4109,,,1,70,,4110,,,1,30,,4111,,,1,70,,4112,,,1,30,,4113,,,1,70,,4114,,,1,30,,4115,,,1,70,,4116,,,1,30,,4117,,,1,70,,4118,,,1,30,,4119,,,1,70,,4120,,,1,30,,4121,,,1,70,,4122,,,1,30,,4123,,,1,70,,4124,,,1,30,,4125,,,1,70,,4126,,,1
2101,'21-Saturday-20000010',642,,10874,,,1,70,,10875,,,1,30,,10876,,,1,70,,10877,,,1,16,,10869,,,1,14,,10878,,,1,16,,10859,,,1,54,,10879,,,1,16,,10873,,,1,14,,10880,,,1,16,,10872,,,1,54,,10881,,,1,16,,10871,,,1,14,,10882,,,1,16,,10870,,,1,54,,10883,,,1,30,,10884,,,1,16,,10868,,,1,54,,10885,,,1,16,,10867,,,1,14,,10886,,,1,16,,10866,,,1,54,,10887,,,1,16,,10864,,,1,14,,10888,,,1,16,,10865,,,1,54,,10889,,,1,16,,10863,,,1,14,,10890,,,1,16,,10862,,,1,54,,10891,,,1,16,,10860,,,1,14,,10892,,,1,16,,10861,,,1,54,,10893,,,1,30,,10894,,,1,70,,10895,,,1,30,,10896,,,1,70,,10897,,,1,30,,10898,,,1,70,,10899,,,1
2101,'21-Saturday-30000010',642,,10924,,,1,70,,10925,,,1,30,,10900,,,1,70,,10901,,,1,30,,10902,,,1,70,,10903,,,1,30,,10904,,,1,70,,10905,,,1,30,,10906,,,1,70,,10907,,,1,30,,10908,,,1,70,,10909,,,1,30,,10910,,,1,70,,10911,,,1,30,,10912,,,1,70,,10913,,,1,30,,10914,,,1,70,,10915,,,1,30,,10916,,,1,70,,10917,,,1,30,,10918,,,1,70,,10919,,,1,30,,10920,,,1,70,,10921,,,1,30,,10922,,,1,70,,10923,,,1,300,,10926,,,1
2101,'21-Sunday-10000001',719,,4129,,,1,30,,4130,,,1,70,,4131,,,1,30,,4132,,,1,70,,4133,,,1,30,,4134,,,1,72,,4135,,,1,31,,4136,,,1,70,,4137,,,1,30,,4138,,,1,70,,4139,,,1,30,,4140,,,1,70,,4141,,,1,30,,4142,,,1,70,,4143,,,1,30,,4144,,,1,70,,4145,,,1,30,,4146,,,1,70,,4147,,,1,30,,4148,,,1,70,,4149,,,1,30,,4150,,,1,68,,4151,,,1,29,,4152,,,1
2101,'21-Weekday-11111100',552,,4157,,,1,91,,4165,,,1,71,,4158,,,1,30,,4155,,,1,70,,4156,,,1,30,,4166,,,1,70,,4159,,,1,29,,4174,,,1,72,,4169,,,1,30,,4175,,,1,70,,4173,,,1,30,,4176,,,1,70,,4172,,,1,30,,4177,,,1,70,,4171,,,1,30,,4178,,,1,70,,4160,,,1,31,,4179,,,1,70,,4161,,,1,30,,4167,,,1,70,,4162,,,1,30,,4168,,,1,70,,4170,,,1,30,,4163,,,1,69,,4153,,,1,27,,4164,,,1,70,,4154,,,1,30,,4182,,,1,70,,4183,,,1,30,,4184,,,1,70,,4181,,,1,30,,4180,,,1
