5300,'53-Holiday1-10000001',851,,17230,31,,,1,100,,17231,31,,,1,104,,17232,31,,,1,100,,17233,31,,,1,100,,17234,31,,,1,100,,17235,31,,,1,100,,17236,31,,,1,100,,17237,31,,,1,100,,17238,31,,,1,100,,17239,31,,,1,96,,17240,31,,,1,100,,17241,31,,,1,100,,17242,31,,,1,100,,17243,31,,,1,100,,17244,31,,,1,100,,17245,31,,,1
5300,'53-Saturday-10000010',725,,17246,31,,,1,30,,17247,31,,,1,70,,17248,31,,,1,30,,17249,31,,,1,71,,17250,31,,,1,30,,17251,31,,,1,70,,17252,31,,,1,30,,17253,31,,,1,70,,17254,31,,,1,30,,17255,31,,,1,70,,17256,31,,,1,30,,17257,31,,,1,70,,17258,31,,,1,30,,17259,31,,,1,70,,17260,31,,,1,30,,17261,31,,,1,70,,17262,31,,,1,30,,17263,31,,,1,70,,17264,31,,,1,30,,17265,31,,,1,70,,17266,31,,,1,30,,17267,31,,,1,69,,17268,31,,,1,30,,17269,31,,,1,100,,17270,31,,,1,100,,17271,31,,,1,100,,17272,31,,,1,100,,17273,31,,,1,100,,17274,31,,,1
5300,'53-Sunday-10000001',821,,17275,31,,,1,100,,17276,31,,,1,104,,17277,31,,,1,30,,17278,31,,,1,70,,17279,31,,,1,30,,17280,31,,,1,70,,17281,31,,,1,30,,17282,31,,,1,70,,17283,31,,,1,30,,17284,31,,,1,70,,17285,31,,,1,30,,17286,31,,,1,70,,17287,31,,,1,30,,17288,31,,,1,70,,17289,31,,,1,30,,17290,31,,,1,70,,17291,31,,,1,30,,17292,31,,,1,96,,17293,31,,,1,100,,17294,31,,,1,100,,17295,31,,,1,100,,17296,31,,,1,100,,17297,31,,,1,100,,17298,31,,,1
5300,'53-Weekday-11111100',628,,17326,36,,,1,30,,17327,36,,,1,70,,17328,36,,,1,30,,17329,36,,,1,70,,17330,36,,,1,27,,17315,31,,,1,70,,17316,31,,,1,30,,17317,31,,,1,70,,17308,31,,,1,30,,17309,31,,,1,70,,17310,31,,,1,30,,17311,31,,,1,70,,17312,31,,,1,30,,17313,31,,,1,70,,17314,31,,,1,30,,17333,31,,,1,81,,17318,36,,,1,74,,17334,36,,,1,30,,17321,36,,,1,70,,17325,36,,,1,30,,17324,36,,,1,70,,17323,36,,,1,30,,17322,36,,,1,69,,17331,36,,,1,19,,17332,36,,,1,25,,17307,31,,,1,70,,17301,31,,,1,30,,17302,31,,,1,70,,17303,31,,,1,30,,17304,31,,,1,70,,17300,31,,,1,30,,17299,31,,,1,72,,17320,36,,,1,30,,17319,36,,,1,64,,17305,31,,,1,30,,17306,31,,,1
5800,'58-Holiday1-11111111',834,,17984,22,,,1,100,,17983,22,,,1,101,,17982,22,,,1,100,,17981,22,,,1,100,,17980,22,,,1,100,,17979,22,,,1,100,,17978,22,,,1,100,,17977,22,,,1,100,,17976,22,,,1,100,,17975,22,,,1,99,,17974,22,,,1,100,,17973,22,,,1,100,,17972,22,,,1,100,,17971,22,,,1,100,,17970,22,,,1,100,,17969,22,,,1
5800,'58-Saturday-10000010',735,,17991,22,,,1,70,,17990,22,,,1,30,,17989,22,,,1,70,,17988,22,,,1,29,,17987,22,,,1,70,,17986,22,,,1,30,,17985,22,,,1,70,,18006,22,,,1,30,,18005,22,,,1,70,,18004,22,,,1,30,,18003,22,,,1,70,,18002,22,,,1,30,,18001,22,,,1,70,,18000,22,,,1,30,,17999,22,,,1,70,,17998,22,,,1,30,,17997,22,,,1,70,,17996,22,,,1,30,,17995,22,,,1,70,,17994,22,,,1,30,,17993,22,,,1,70,,17992,22,,,1,31,,18012,22,,,1,100,,18011,22,,,1,100,,18010,22,,,1,100,,18009,22,,,1,100,,18008,22,,,1,100,,18007,22,,,1
5800,'58-Sunday-10000001',904,,18013,22,,,1,100,,18015,22,,,1,101,,18014,22,,,1,30,,18030,22,,,1,70,,18029,22,,,1,30,,18028,22,,,1,70,,18027,22,,,1,30,,18026,22,,,1,70,,18025,22,,,1,30,,18024,22,,,1,70,,18023,22,,,1,30,,18022,22,,,1,70,,18021,22,,,1,30,,18020,22,,,1,70,,18019,22,,,1,30,,18018,22,,,1,70,,18017,22,,,1,29,,18016,22,,,1,100,,18035,22,,,1,100,,18034,22,,,1,100,,18033,22,,,1,100,,18032,22,,,1,100,,18031,22,,,1
5800,'58-Weekday-11111100',553,,18036,22,,,1,70,,18037,22,,,1,25,,18038,22,,,1,70,,18039,22,,,1,31,,18040,22,,,1,70,,18041,22,,,1,30,,18042,22,,,1,70,,18043,22,,,1,30,,18044,22,,,1,70,,18045,22,,,1,30,,18046,22,,,1,70,,18047,22,,,1,30,,18048,22,,,1,70,,18049,22,,,1,30,,18050,22,,,1,70,,18051,22,,,1,30,,18052,22,,,1,70,,18072,22,,,1,86,,18053,22,,,1,30,,18054,22,,,1,70,,18055,22,,,1,30,,18056,22,,,1,70,,18057,22,,,1,30,,18058,22,,,1,70,,18059,22,,,1,13,,18060,22,,,1,30,,18061,22,,,1,70,,18062,22,,,1,30,,18063,22,,,1,70,,18064,22,,,1,30,,18065,22,,,1,70,,18066,22,,,1,30,,18067,22,,,1,68,,18068,22,,,1,15,,18069,22,,,1,70,,18070,22,,,1,30,,18071,22,,,1
6501,'65-Holiday1-10000001',838,,18959,15,,,1,81,,18960,15,,,1,85,,18961,15,,,1,46,,18962,15,,,1,85,,18963,15,,,1,85,,18964,15,,,1,85,,18965,15,,,1,45,,18966,15,,,1,85,,18967,15,,,1,85,,18968,15,,,1,85,,18969,15,,,1,45,,18970,15,,,1,85,,18971,15,,,1,85,,18972,15,,,1,85,,18973,15,,,1,45,,18974,15,,,1,85,,18975,15,,,1,85,,18976,15,,,1,85,,18977,15,,,1
6501,'65-Saturday-10000010',719,,18978,15,,,1,30,,18979,15,,,1,70,,18980,15,,,1,30,,18981,15,,,1,72,,18982,15,,,1,31,,18983,15,,,1,70,,18984,15,,,1,30,,18985,15,,,1,70,,18986,15,,,1,30,,18987,15,,,1,70,,18988,15,,,1,30,,18989,15,,,1,70,,18990,15,,,1,30,,18991,15,,,1,70,,18992,15,,,1,30,,18993,15,,,1,70,,18994,15,,,1,30,,18995,15,,,1,70,,18996,15,,,1,30,,18997,15,,,1,70,,18998,15,,,1,30,,18999,15,,,1,69,,19000,15,,,1,29,,19001,15,,,1,85,,19002,15,,,1,85,,19003,15,,,1,85,,19004,15,,,1,45,,19005,15,,,1,85,,19006,15,,,1,85,,19007,15,,,1
6501,'65-Sunday-10000001',849,,19008,15,,,1,70,,19009,15,,,1,30,,19041,15,,,1,71,,19010,15,,,1,22,,19033,15,,,1,8,,19011,15,,,1,70,,19012,15,,,1,22,,19034,15,,,1,8,,19013,15,,,1,70,,19014,15,,,1,22,,19035,15,,,1,8,,19015,15,,,1,70,,19016,15,,,1,22,,19036,15,,,1,8,,19017,15,,,1,70,,19018,15,,,1,22,,19037,15,,,1,8,,19019,15,,,1,70,,19020,15,,,1,22,,19038,15,,,1,8,,19021,15,,,1,70,,19022,15,,,1,22,,19039,15,,,1,8,,19023,15,,,1,70,,19024,15,,,1,22,,19040,15,,,1,8,,19025,15,,,1,70,,19026,15,,,1,30,,19027,15,,,1,85,,19028,15,,,1,85,,19029,15,,,1,85,,19030,15,,,1,45,,19031,15,,,1,85,,19032,15,,,1
6501,'65-Weekday-11111100',549,,19042,15,,,1,70,,19043,15,,,1,30,,19044,15,,,1,72,,19045,15,,,1,32,,19046,15,,,1,70,,19047,15,,,1,30,,19048,15,,,1,70,,19049,15,,,1,29,,19050,15,,,1,70,,19051,15,,,1,30,,19052,15,,,1,70,,19053,15,,,1,30,,19054,15,,,1,70,,19055,15,,,1,30,,19056,15,,,1,70,,19057,15,,,1,30,,19058,15,,,1,70,,19059,15,,,1,78,,19060,15,,,1,32,,19061,15,,,1,70,,19062,15,,,1,30,,19063,15,,,1,70,,19064,15,,,1,30,,19065,15,,,1,70,,19066,15,,,1,26,,19067,15,,,1,22,,19068,15,,,1,70,,19069,15,,,1,30,,19070,15,,,1,70,,19071,15,,,1,30,,19072,15,,,1,70,,19073,15,,,1,30,,19074,15,,,1,69,,19075,15,,,1,28,,19076,15,,,1,70,,19077,15,,,1,30,,19078,15,,,1
6701,'67-Weekday-11111100',648,,19109,41,,,1,70,,19100,41,,,1,30,,19099,41,,,1,70,,19097,41,,,1,30,,19112,41,,,1,70,,19098,41,,,1,534,,19105,41,,,1,70,,19104,41,,,1,30,,19103,41,,,1,70,,19102,41,,,1,30,,19101,41,,,1,70,,19110,41,,,1,30,,19106,41,,,1,70,,19113,41,,,1,429,,19108,41,,,1,70,,19111,41,,,1,30,,19107,41,,,1
