101,'1-Saturday-10000010',603,,153,2,,,1,30,,154,2,,,1,70,,155,2,,,1,30,,156,2,,,1,70,,157,2,,,1,30,,158,2,,,1,70,,159,2,,,1,30,,160,2,,,1,70,,161,2,,,1,30,,162,2,,,1,70,,163,2,,,1,30,,164,2,,,1,70,,165,2,,,1,30,,166,2,,,1,70,,167,2,,,1,30,,168,2,,,1,70,,169,2,,,1,30,,170,2,,,1,70,,171,2,,,1,30,,172,2,,,1,70,,173,2,,,1,30,,174,2,,,1,70,,175,2,,,1,30,,176,2,,,1,70,,177,2,,,1,30,,178,2,,,1,70,,179,2,,,1,30,,180,2,,,1,70,,181,2,,,1,30,,182,2,,,1,70,,183,2,,,1,30,,184,2,,,1,70,,185,2,,,1,30,,186,2,,,1,70,,187,2,,,1,100,,188,2,,,1
101,'1-Sunday-10000001',803,,189,2,,,1,100,,190,2,,,1,30,,191,2,,,1,70,,192,2,,,1,30,,193,2,,,1,70,,194,2,,,1,30,,195,2,,,1,70,,196,2,,,1,30,,197,2,,,1,70,,198,2,,,1,30,,199,2,,,1,70,,200,2,,,1,30,,201,2,,,1,70,,202,2,,,1,30,,203,2,,,1,70,,204,2,,,1,30,,205,2,,,1,70,,206,2,,,1,30,,207,2,,,1,70,,208,2,,,1,100,,209,2,,,1,100,,210,2,,,1,100,,211,2,,,1,100,,212,2,,,1,100,,213,2,,,1,100,,214,2,,,1
101,'1-Weekday-21111100',547,,251,2,,,1,55,,249,2,,,1,30,,250,2,,,1,71,,215,2,,,1,30,,216,2,,,1,70,,217,2,,,1,30,,218,2,,,1,70,,219,2,,,1,30,,220,2,,,1,70,,229,2,,,1,30,,230,2,,,1,70,,231,2,,,1,30,,232,2,,,1,70,,233,2,,,1,30,,234,2,,,1,70,,235,2,,,1,30,,236,2,,,1,70,,237,2,,,1,30,,221,2,,,1,70,,222,2,,,1,30,,223,2,,,1,70,,224,2,,,1,30,,225,2,,,1,70,,226,2,,,1,30,,227,2,,,1,70,,228,2,,,1,30,,238,2,,,1,70,,239,2,,,1,30,,240,2,,,1,70,,241,2,,,1,30,,242,2,,,1,70,,243,2,,,1,30,,244,2,,,1,70,,245,2,,,1,30,,246,2,,,1,70,,247,2,,,1,100,,248,2,,,1
800,'8-Saturday-10000010',632,,1564,2,,,1,70,,1565,2,,,1,30,,1566,2,,,1,70,,1567,2,,,1,30,,1568,2,,,1,70,,1569,2,,,1,30,,1570,2,,,1,70,,1571,2,,,1,30,,1572,2,,,1,70,,1573,2,,,1,30,,1574,2,,,1,70,,1575,2,,,1,30,,1576,2,,,1,70,,1577,2,,,1,30,,1578,2,,,1,70,,1579,2,,,1,30,,1580,2,,,1,70,,1581,2,,,1,30,,1582,2,,,1,70,,1583,2,,,1,30,,1584,2,,,1,70,,1585,2,,,1,30,,1586,2,,,1,70,,1587,2,,,1,30,,1588,2,,,1,70,,1589,2,,,1,30,,1590,2,,,1,70,,1591,2,,,1,30,,1592,2,,,1,70,,1593,2,,,1,30,,1594,2,,,1,70,,1595,2,,,1,30,,1596,2,,,1,70,,1597,2,,,1,30,,1598,2,,,1,70,,1599,2,,,1
800,'8-Sunday-10000001',732,,1633,2,,,1,70,,1600,2,,,1,30,,1601,2,,,1,70,,1602,2,,,1,30,,1603,2,,,1,70,,1604,2,,,1,30,,1605,2,,,1,70,,1606,2,,,1,30,,1607,2,,,1,70,,1608,2,,,1,30,,1609,2,,,1,70,,1610,2,,,1,30,,1611,2,,,1,70,,1612,2,,,1,30,,1613,2,,,1,70,,1614,2,,,1,30,,1615,2,,,1,70,,1616,2,,,1,30,,1617,2,,,1,70,,1618,2,,,1,30,,1619,2,,,1,70,,1620,2,,,1,30,,1621,2,,,1,70,,1622,2,,,1,30,,1623,2,,,1,70,,1624,2,,,1,30,,1625,2,,,1,70,,1626,2,,,1,30,,1627,2,,,1,70,,1628,2,,,1,30,,1629,2,,,1,70,,1630,2,,,1,30,,1631,2,,,1,70,,1632,2,,,1
800,'8-Weekday-11111100',602,,1634,2,,,1,30,,1635,2,,,1,20,,1683,2,,,1,55,,1636,2,,,1,15,,1637,2,,,1,15,,1638,2,,,1,15,,1639,2,,,1,55,,1640,2,,,1,15,,1641,2,,,1,15,,1642,2,,,1,15,,1643,2,,,1,55,,1644,2,,,1,15,,1645,2,,,1,15,,1646,2,,,1,15,,1695,2,,,1,55,,1647,2,,,1,15,,1687,2,,,1,15,,1648,2,,,1,15,,1688,2,,,1,55,,1649,2,,,1,15,,1689,2,,,1,15,,1650,2,,,1,15,,1690,2,,,1,55,,1651,2,,,1,15,,1691,2,,,1,15,,1652,2,,,1,15,,1692,2,,,1,55,,1653,2,,,1,15,,1693,2,,,1,15,,1654,2,,,1,15,,1694,2,,,1,55,,1655,2,,,1,12,,1697,2,0,19 6,1,3,,1685,2,,,1,16,,1656,2,,,1,15,,1657,2,,,1,55,,1658,2,,,1,15,,1659,2,,,1,15,,1660,2,,,1,15,,1661,2,,,1,55,,1662,2,,,1,15,,1663,2,,,1,15,,1664,2,,,1,15,,1665,2,,,1,55,,1666,2,,,1,15,,1667,2,,,1,15,,1668,2,,,1,15,,1669,2,,,1,59,,1670,2,,,1,20,,1671,2,,,1,15,,1699,2,,,1,55,,1672,2,,,1,15,,1700,2,,,1,15,,1673,2,,,1,15,,1701,2,,,1,55,,1674,2,,,1,15,,1702,2,,,1,15,,1675,2,,,1,15,,1698,2,,,1,55,,1676,2,,,1,15,,1703,2,,,1,15,,1677,2,,,1,15,,1704,2,,,1,55,,1678,2,,,1,30,,1679,2,,,1,70,,1680,2,,,1,30,,1681,2,,,1,70,,1682,2,,,1,30,,1696,2,,,1
2300,'23-Saturday-10000010',647,,4479,2,,,1,70,,4480,2,,,1,30,,4481,2,,,1,70,,4482,2,,,1,30,,4483,2,,,1,70,,4484,2,,,1,30,,4485,2,,,1,70,,4486,2,,,1,30,,4487,2,,,1,70,,4488,2,,,1,30,,4489,2,,,1,70,,4490,2,,,1,30,,4491,2,,,1,70,,4492,2,,,1,30,,4493,2,,,1,70,,4494,2,,,1,30,,4495,2,,,1,70,,4496,2,,,1,30,,4497,2,,,1,70,,4498,2,,,1,30,,4499,2,,,1,70,,4500,2,,,1,30,,4501,2,,,1,70,,4502,2,,,1,30,,4503,2,,,1,70,,4504,2,,,1,30,,4505,2,,,1,70,,4506,2,,,1,30,,4507,2,,,1,70,,4508,2,,,1
2300,'23-Sunday-10000001',717,,4510,2,,,1,30,,4511,2,,,1,70,,4512,2,,,1,30,,4513,2,,,1,70,,4514,2,,,1,30,,4515,2,,,1,70,,4516,2,,,1,30,,4517,2,,,1,70,,4518,2,,,1,30,,4509,2,,,1,70,,4519,2,,,1,30,,4520,2,,,1,70,,4521,2,,,1,30,,4522,2,,,1,70,,4523,2,,,1,30,,4524,2,,,1,70,,4525,2,,,1,30,,4526,2,,,1,70,,4527,2,,,1,30,,4528,2,,,1,70,,4529,2,,,1,30,,4530,2,,,1,70,,4531,2,,,1,30,,4532,2,,,1,70,,4533,2,,,1,30,,4534,2,,,1,70,,4535,2,,,1,30,,4536,2,,,1
2300,'23-Weekday-11111100',547,,4569,2,,,1,70,,4568,2,,,1,30,,4567,2,,,1,70,,4566,2,,,1,30,,4565,2,,,1,70,,4564,2,,,1,30,,4563,2,,,1,70,,4562,2,,,1,30,,4561,2,,,1,70,,4560,2,,,1,30,,4559,2,,,1,70,,4558,2,,,1,30,,4557,2,,,1,70,,4556,2,,,1,30,,4555,2,,,1,70,,4554,2,,,1,30,,4553,2,,,1,70,,4552,2,,,1,30,,4551,2,,,1,70,,4550,2,,,1,30,,4549,2,,,1,70,,4548,2,,,1,30,,4547,2,,,1,70,,4546,2,,,1,30,,4545,2,,,1,70,,4544,2,,,1,30,,4543,2,,,1,70,,4542,2,,,1,30,,4541,2,,,1,70,,4540,2,,,1,30,,4539,2,,,1,70,,4538,2,,,1,30,,4570,2,,,1,70,,4537,2,,,1
2700,'27-Saturday-10000010',637,,4719,2,,,1,75,,4690,2,,,1,35,,4693,2,,,1,75,,4691,2,,,1,35,,4692,2,,,1,75,,4694,2,,,1,75,,4695,2,,,1,35,,4696,2,,,1,75,,4697,2,,,1,35,,4698,2,,,1,75,,4699,2,,,1,75,,4700,2,,,1,35,,4701,2,,,1,75,,4702,2,,,1,35,,4703,2,,,1,75,,4704,2,,,1,35,,4705,2,,,1,75,,4706,2,,,1,75,,4707,2,,,1,35,,4708,2,,,1,75,,4709,2,,,1,35,,4710,2,,,1,75,,4711,2,,,1,75,,4712,2,,,1,35,,4713,2,,,1,75,,4714,2,,,1,35,,4715,2,,,1,75,,4716,2,,,1,35,,4717,2,,,1,75,,4718,2,,,1
2700,'27-Sunday-10000001',712,,4720,2,,,1,35,,4721,2,,,1,75,,4722,2,,,1,35,,4723,2,,,1,75,,4724,2,,,1,75,,4725,2,,,1,35,,4726,2,,,1,75,,4727,2,,,1,35,,4728,2,,,1,75,,4729,2,,,1,75,,4730,2,,,1,35,,4731,2,,,1,75,,4732,2,,,1,35,,4733,2,,,1,75,,4734,2,,,1,35,,4735,2,,,1,75,,4736,2,,,1,75,,4737,2,,,1,35,,4738,2,,,1,75,,4739,2,,,1,35,,4740,2,,,1,75,,4741,2,,,1,75,,4742,2,,,1,35,,4743,2,,,1,75,,4744,2,,,1,35,,4745,2,,,1,75,,4746,2,,,1,35,,4747,2,,,1
2700,'27-Weekday-11111100',532,,4775,2,,,1,70,,4748,2,,,1,35,,4749,2,,,1,75,,4750,2,,,1,35,,4751,2,,,1,75,,4752,2,,,1,35,,4753,2,,,1,75,,4754,2,,,1,75,,4755,2,,,1,35,,4756,2,,,1,75,,4757,2,,,1,35,,4758,2,,,1,75,,4759,2,,,1,75,,4760,2,,,1,35,,4761,2,,,1,75,,4762,2,,,1,35,,4763,2,,,1,75,,4764,2,,,1,35,,4765,2,,,1,75,,4766,2,,,1,75,,4767,2,,,1,35,,4768,2,,,1,75,,4769,2,,,1,35,,4770,2,,,1,75,,4771,2,,,1,75,,4772,2,,,1,35,,4773,2,,,1,75,,4774,2,,,1,35,,4776,2,,,1,75,,4777,2,,,1,35,,4778,2,,,1,75,,4779,2,,,1
