2100,'21-Saturday-10000010',645,,4046,1,,,1,70,,4021,1,,,1,30,,4022,1,,,1,70,,4023,1,,,1,30,,4024,1,,,1,70,,4025,1,,,1,30,,4026,1,,,1,70,,4027,1,,,1,30,,4028,1,,,1,70,,4029,1,,,1,30,,4030,1,,,1,70,,4031,1,,,1,30,,4032,1,,,1,70,,4033,1,,,1,30,,4034,1,,,1,70,,4035,1,,,1,30,,4036,1,,,1,70,,4037,1,,,1,30,,4038,1,,,1,70,,4039,1,,,1,30,,4040,1,,,1,70,,4041,1,,,1,30,,4042,1,,,1,70,,4043,1,,,1,30,,4045,1,,,1
2100,'21-Saturday-20000010',645,,4063,1,,,1,70,,4064,1,,,1,30,,4065,1,,,1,55,,4058,1,,,1,15,,4066,1,,,1,15,,4047,1,,,1,15,,4067,1,,,1,55,,4061,1,,,1,15,,4068,1,,,1,15,,4060,1,,,1,15,,4069,1,,,1,55,,4059,1,,,1,15,,4070,1,,,1,15,,4057,1,,,1,15,,4071,1,,,1,70,,4072,1,,,1,15,,4056,1,,,1,15,,4073,1,,,1,55,,4055,1,,,1,15,,4074,1,,,1,15,,4054,1,,,1,15,,4075,1,,,1,55,,4053,1,,,1,15,,4076,1,,,1,15,,4051,1,,,1,15,,4077,1,,,1,55,,4052,1,,,1,15,,4078,1,,,1,15,,4049,1,,,1,15,,4079,1,,,1,55,,4048,1,,,1,15,,4080,1,,,1,15,,4050,1,,,1,15,,4081,1,,,1,70,,4082,1,,,1,30,,4083,1,,,1,70,,4084,1,,,1,30,,4085,1,,,1,70,,4086,1,,,1,30,,4087,1,,,1
2100,'21-Saturday-30000010',645,,4113,1,,,1,70,,4088,1,,,1,30,,4089,1,,,1,70,,4090,1,,,1,30,,4091,1,,,1,70,,4092,1,,,1,30,,4093,1,,,1,70,,4094,1,,,1,30,,4095,1,,,1,70,,4096,1,,,1,30,,4097,1,,,1,70,,4098,1,,,1,30,,4099,1,,,1,70,,4100,1,,,1,30,,4101,1,,,1,70,,4102,1,,,1,30,,4103,1,,,1,70,,4104,1,,,1,30,,4105,1,,,1,70,,4106,1,,,1,30,,4107,1,,,1,70,,4108,1,,,1,30,,4109,1,,,1,70,,4110,1,,,1,30,,4112,1,,,1,300,,4114,1,,,1
2100,'21-Sunday-10000001',655,,4115,1,,,1,70,,4116,1,,,1,30,,4117,1,,,1,70,,4118,1,,,1,30,,4119,1,,,1,70,,4120,1,,,1,30,,4121,1,,,1,70,,4122,1,,,1,30,,4123,1,,,1,70,,4124,1,,,1,30,,4125,1,,,1,70,,4126,1,,,1,30,,4127,1,,,1,70,,4128,1,,,1,30,,4129,1,,,1,70,,4130,1,,,1,30,,4131,1,,,1,70,,4132,1,,,1,30,,4133,1,,,1,70,,4134,1,,,1,30,,4135,1,,,1,70,,4136,1,,,1,30,,4137,1,,,1,70,,4138,1,,,1
2100,'21-Weekday-11111100',615,,4139,1,,,1,30,,4140,1,,,1,70,,4147,1,,,1,30,,4141,1,,,1,70,,4148,1,,,1,30,,4142,1,,,1,70,,4160,1,,,1,30,,4154,1,,,1,70,,4161,1,,,1,30,,4155,1,,,1,70,,4162,1,,,1,30,,4156,1,,,1,70,,4163,1,,,1,30,,4157,1,,,1,70,,4164,1,,,1,30,,4158,1,,,1,70,,4165,1,,,1,30,,4143,1,,,1,70,,4153,1,,,1,30,,4144,1,,,1,70,,4152,1,,,1,30,,4159,1,,,1,70,,4145,1,,,1,30,,4149,1,,,1,70,,4146,1,,,1,30,,4150,1,,,1,70,,4166,1,,,1,30,,4167,1,,,1,70,,4168,1,,,1,30,,4169,1,,,1,70,,4170,1,,,1
2101,'21-Saturday-10000010',711,,4195,28,4,,1,30,,4196,28,4,,1,70,,4171,28,4,,1,30,,4172,28,4,,1,70,,4173,28,4,,1,30,,4174,28,4,,1,70,,4175,28,4,,1,30,,4176,28,4,,1,70,,4177,28,4,,1,30,,4178,28,4,,1,70,,4179,28,4,,1,30,,4180,28,4,,1,70,,4181,28,4,,1,30,,4182,28,4,,1,70,,4183,28,4,,1,30,,4184,28,4,,1,70,,4185,28,4,,1,30,,4186,28,4,,1,70,,4187,28,4,,1,30,,4188,28,4,,1,70,,4189,28,4,,1,30,,4190,28,4,,1,70,,4191,28,4,,1,30,,4192,28,4,,1,70,,4193,28,4,,1,30,,4194,28,4,,1
2101,'21-Saturday-20000010',711,,4212,28,4,,1,30,,4213,28,4,,1,70,,4214,28,4,,1,30,,4215,28,4,,1,16,,4207,28,4,,1,54,,4216,28,4,,1,16,,4197,28,4,,1,14,,4217,28,4,,1,16,,4211,28,4,,1,54,,4218,28,4,,1,16,,4210,28,4,,1,14,,4219,28,4,,1,16,,4209,28,4,,1,54,,4220,28,4,,1,16,,4208,28,4,,1,14,,4221,28,4,,1,70,,4222,28,4,,1,16,,4206,28,4,,1,14,,4223,28,4,,1,16,,4205,28,4,,1,54,,4224,28,4,,1,16,,4204,28,4,,1,14,,4225,28,4,,1,16,,4202,28,4,,1,54,,4226,28,4,,1,16,,4203,28,4,,1,14,,4227,28,4,,1,16,,4201,28,4,,1,54,,4228,28,4,,1,16,,4200,28,4,,1,14,,4229,28,4,,1,16,,4198,28,4,,1,54,,4230,28,4,,1,16,,4199,28,4,,1,14,,4231,28,4,,1,70,,4232,28,4,,1,30,,4233,28,4,,1,70,,4234,28,4,,1,30,,4235,28,4,,1,70,,4236,28,4,,1,30,,4237,28,4,,1
2101,'21-Saturday-30000010',711,,4262,28,4,,1,30,,4263,28,4,,1,70,,4238,28,4,,1,30,,4239,28,4,,1,70,,4240,28,4,,1,30,,4241,28,4,,1,70,,4242,28,4,,1,30,,4243,28,4,,1,70,,4244,28,4,,1,30,,4245,28,4,,1,70,,4246,28,4,,1,30,,4247,28,4,,1,70,,4248,28,4,,1,30,,4249,28,4,,1,70,,4250,28,4,,1,30,,4251,28,4,,1,70,,4252,28,4,,1,30,,4253,28,4,,1,70,,4254,28,4,,1,30,,4255,28,4,,1,70,,4256,28,4,,1,30,,4257,28,4,,1,70,,4258,28,4,,1,30,,4259,28,4,,1,70,,4260,28,4,,1,30,,4261,28,4,,1,300,,4264,28,4,,1
2101,'21-Sunday-10000001',744,,4265,28,4,,1,70,,4266,28,4,,1,30,,4267,28,4,,1,70,,4268,28,4,,1,30,,4269,28,4,,1,72,,4270,28,4,,1,34,,4271,28,4,,1,71,,4272,28,4,,1,30,,4273,28,4,,1,70,,4274,28,4,,1,30,,4275,28,4,,1,70,,4276,28,4,,1,30,,4277,28,4,,1,70,,4278,28,4,,1,30,,4279,28,4,,1,70,,4280,28,4,,1,30,,4281,28,4,,1,70,,4282,28,4,,1,30,,4283,28,4,,1,70,,4284,28,4,,1,30,,4285,28,4,,1,67,,4286,28,4,,1,27,,4287,28,4,,1,69,,4288,28,4,,1
2101,'21-Weekday-11111100',616,,4293,28,4,,1,92,,4301,28,4,,1,36,,4294,28,4,,1,70,,4291,28,4,,1,30,,4292,28,4,,1,70,,4302,28,4,,1,30,,4295,28,4,,1,66,,4310,28,4,,1,32,,4305,28,4,,1,70,,4311,28,4,,1,30,,4309,28,4,,1,70,,4312,28,4,,1,30,,4308,28,4,,1,70,,4313,28,4,,1,30,,4307,28,4,,1,70,,4314,28,4,,1,32,,4296,28,4,,1,72,,4315,28,4,,1,30,,4297,28,4,,1,70,,4303,28,4,,1,30,,4298,28,4,,1,70,,4304,28,4,,1,30,,4306,28,4,,1,69,,4299,28,4,,1,29,,4289,28,4,,1,67,,4300,28,4,,1,30,,4290,28,4,,1,70,,4318,28,4,,1,30,,4319,28,4,,1,70,,4320,28,4,,1,30,,4317,28,4,,1,69,,4316,28,4,,1
