5301,'53-Holiday1-10000001',847,,6642,3,,,1,100,,6643,3,,,1,100,,6644,3,,,1,100,,6645,3,,,1,100,,6646,3,,,1,100,,6647,3,,,1,100,,6648,3,,,1,100,,6649,3,,,1,100,,6650,3,,,1,100,,6651,3,,,1,100,,6652,3,,,1,100,,6653,3,,,1,100,,6654,3,,,1,100,,6655,3,,,1,100,,6656,3,,,1
5301,'53-Saturday-10000010',647,,6685,3,,,1,70,,6658,3,,,1,30,,6659,3,,,1,70,,6660,3,,,1,30,,6661,3,,,1,70,,6662,3,,,1,30,,6663,3,,,1,70,,6664,3,,,1,30,,6665,3,,,1,70,,6666,3,,,1,30,,6667,3,,,1,70,,6668,3,,,1,30,,6669,3,,,1,70,,6670,3,,,1,30,,6671,3,,,1,70,,6672,3,,,1,30,,6673,3,,,1,70,,6674,3,,,1,30,,6675,3,,,1,70,,6676,3,,,1,30,,6677,3,,,1,70,,6678,3,,,1,30,,6679,3,,,1,70,,6680,3,,,1,30,,6681,3,,,1,100,,6682,3,,,1,100,,6683,3,,,1,100,,6684,3,,,1,100,,6657,3,,,1,155,,6686,3,,,1
5301,'53-Sunday-10000001',817,,6687,3,,,1,100,,6688,3,,,1,100,,6689,3,,,1,30,,6690,3,,,1,70,,6691,3,,,1,30,,6692,3,,,1,70,,6693,3,,,1,30,,6694,3,,,1,70,,6695,3,,,1,30,,6696,3,,,1,70,,6697,3,,,1,30,,6698,3,,,1,70,,6699,3,,,1,30,,6700,3,,,1,70,,6701,3,,,1,30,,6702,3,,,1,70,,6703,3,,,1,30,,6704,3,,,1,100,,6705,3,,,1,100,,6706,3,,,1,100,,6707,3,,,1,100,,6708,3,,,1,100,,6709,3,,,1
5301,'53-Weekday-11111100',532,,6731,3,,,1,70,,6732,3,,,1,30,,6733,3,,,1,70,,6734,3,,,1,30,,6735,3,,,1,70,,6736,3,,,1,30,,6710,3,,,1,70,,6711,3,,,1,30,,6712,3,,,1,70,,6713,3,,,1,30,,6714,3,,,1,70,,6715,3,,,1,30,,6716,3,,,1,70,,6717,3,,,1,30,,6718,3,,,1,70,,6719,3,,,1,30,,6746,3,,,1,70,,6741,3,,,1,25,,6740,3,,,1,26,,6739,3,,,1,70,,6738,3,,,1,30,,6737,3,,,1,70,,6744,3,,,1,30,,6745,3,,,1,70,,6720,3,,,1,30,,6721,3,,,1,79,,6722,3,,,1,70,,6723,3,,,1,30,,6724,3,,,1,70,,6725,3,,,1,30,,6726,3,,,1,70,,6727,3,,,1,30,,6743,3,,,1,70,,6742,3,,,1,30,,6728,3,,,1,70,,6729,3,,,1,30,,6730,3,,,1
5801,'58-Holiday1-11111111',802,,7382,3,,,1,100,,7381,3,,,1,100,,7380,3,,,1,100,,7383,3,,,1,100,,7384,3,,,1,100,,7385,3,,,1,100,,7386,3,,,1,100,,7387,3,,,1,100,,7388,3,,,1,100,,7389,3,,,1,100,,7390,3,,,1,100,,7395,3,,,1,100,,7394,3,,,1,100,,7393,3,,,1,100,,7392,3,,,1,100,,7391,3,,,1
5801,'58-Saturday-10000010',632,,7403,3,,,1,70,,7402,3,,,1,30,,7401,3,,,1,70,,7400,3,,,1,30,,7399,3,,,1,70,,7398,3,,,1,30,,7397,3,,,1,70,,7396,3,,,1,30,,7419,3,,,1,70,,7418,3,,,1,30,,7417,3,,,1,70,,7416,3,,,1,30,,7415,3,,,1,70,,7414,3,,,1,30,,7413,3,,,1,70,,7412,3,,,1,30,,7411,3,,,1,70,,7410,3,,,1,30,,7409,3,,,1,70,,7408,3,,,1,30,,7407,3,,,1,70,,7406,3,,,1,30,,7405,3,,,1,70,,7404,3,,,1,100,,7421,3,,,1,100,,7423,3,,,1,100,,7424,3,,,1,100,,7422,3,,,1,100,,7420,3,,,1
5801,'58-Sunday-10000001',832,,7427,3,,,1,100,,7426,3,,,1,100,,7425,3,,,1,70,,7428,3,,,1,30,,7442,3,,,1,70,,7441,3,,,1,30,,7440,3,,,1,70,,7439,3,,,1,30,,7438,3,,,1,70,,7437,3,,,1,30,,7436,3,,,1,70,,7435,3,,,1,30,,7434,3,,,1,70,,7433,3,,,1,30,,7432,3,,,1,70,,7431,3,,,1,30,,7430,3,,,1,70,,7429,3,,,1,100,,7447,3,,,1,100,,7446,3,,,1,100,,7445,3,,,1,100,,7444,3,,,1,100,,7443,3,,,1
5801,'58-Weekday-11111100',537,,7451,3,,,1,70,,7450,3,,,1,30,,7449,3,,,1,70,,7448,3,,,1,30,,7464,3,,,1,70,,7463,3,,,1,30,,7462,3,,,1,70,,7461,3,,,1,30,,7460,3,,,1,70,,7459,3,,,1,30,,7458,3,,,1,70,,7457,3,,,1,30,,7456,3,,,1,70,,7455,3,,,1,30,,7454,3,,,1,70,,7453,3,,,1,30,,7452,3,,,1,70,,7470,3,,,1,35,,7469,3,,,1,70,,7482,3,,,1,30,,7468,3,,,1,70,,7467,3,,,1,30,,7466,3,,,1,70,,7481,3,,,1,30,,7483,3,,,1,70,,7465,3,,,1,20,,7480,3,,,1,70,,7479,3,,,1,30,,7478,3,,,1,70,,7477,3,,,1,30,,7476,3,,,1,70,,7475,3,,,1,30,,7474,3,,,1,25,,7473,3,,,1,70,,7472,3,,,1,30,,7471,3,,,1
6500,'65-Holiday1-10000001',847,,8148,3,,,1,85,,8149,3,,,1,85,,8150,3,,,1,85,,8151,3,,,1,45,,8152,3,,,1,85,,8153,3,,,1,85,,8154,3,,,1,85,,8155,3,,,1,45,,8156,3,,,1,85,,8157,3,,,1,85,,8158,3,,,1,85,,8159,3,,,1,45,,8160,3,,,1,85,,8161,3,,,1,85,,8162,3,,,1,85,,8163,3,,,1,45,,8164,3,,,1,85,,8165,3,,,1
6500,'65-Saturday-10000010',717,,8166,3,,,1,30,,8167,3,,,1,70,,8168,3,,,1,30,,8169,3,,,1,70,,8170,3,,,1,30,,8171,3,,,1,70,,8172,3,,,1,30,,8173,3,,,1,70,,8174,3,,,1,30,,8175,3,,,1,70,,8176,3,,,1,30,,8177,3,,,1,70,,8178,3,,,1,30,,8179,3,,,1,70,,8180,3,,,1,30,,8181,3,,,1,70,,8182,3,,,1,30,,8183,3,,,1,70,,8184,3,,,1,30,,8185,3,,,1,70,,8186,3,,,1,30,,8187,3,,,1,70,,8188,3,,,1,85,,8189,3,,,1,45,,8190,3,,,1,85,,8191,3,,,1,85,,8192,3,,,1,85,,8193,3,,,1,45,,8194,3,,,1,85,,8195,3,,,1
6500,'65-Sunday-10000001',847,,8196,3,,,1,70,,8228,3,,,1,30,,8197,3,,,1,70,,8198,3,,,1,30,,8199,3,,,1,70,,8200,3,,,1,30,,8201,3,,,1,70,,8202,3,,,1,30,,8203,3,,,1,70,,8204,3,,,1,30,,8205,3,,,1,70,,8206,3,,,1,30,,8207,3,,,1,70,,8208,3,,,1,30,,8209,3,,,1,70,,8210,3,,,1,30,,8211,3,,,1,70,,8212,3,,,1,30,,8213,3,,,1,70,,8214,3,,,1,85,,8215,3,,,1,45,,8216,3,,,1,85,,8217,3,,,1,85,,8218,3,,,1,85,,8219,3,,,1
6500,'65-Weekday-11111100',617,,8229,3,,,1,30,,8230,3,,,1,70,,8231,3,,,1,30,,8232,3,,,1,70,,8233,3,,,1,30,,8234,3,,,1,70,,8235,3,,,1,30,,8236,3,,,1,70,,8237,3,,,1,30,,8238,3,,,1,70,,8239,3,,,1,30,,8240,3,,,1,70,,8241,3,,,1,30,,8242,3,,,1,70,,8243,3,,,1,30,,8244,3,,,1,75,,8245,3,,,1,31,,8246,3,,,1,70,,8247,3,,,1,30,,8248,3,,,1,70,,8249,3,,,1,30,,8250,3,,,1,70,,8251,3,,,1,30,,8252,3,,,1,64,,8253,3,,,1,30,,8254,3,,,1,70,,8255,3,,,1,30,,8256,3,,,1,70,,8257,3,,,1,30,,8258,3,,,1,70,,8259,3,,,1,30,,8260,3,,,1,70,,8261,3,,,1,30,,8262,3,,,1,70,,8263,3,,,1,30,,8264,3,,,1
