1200,'12-Holiday1-10000001',747,,2471,,,1,70,,2438,,,1,30,,2439,,,1,70,,2440,,,1,30,,2441,,,1,70,,2442,,,1,30,,2443,,,1,70,,2444,,,1,30,,2445,,,1,70,,2446,,,1,30,,2447,,,1,70,,2448,,,1,30,,2449,,,1,70,,2450,,,1,30,,2451,,,1,70,,2452,,,1,30,,2453,,,1,70,,2454,,,1,30,,2455,,,1,70,,2456,,,1,30,,2457,,,1,70,,2458,,,1,30,,2459,,,1,70,,2460,,,1,30,,2461,,,1,70,,2462,,,1,30,,2463,,,1,70,,2464,,,1,30,,2465,,,1,70,,2466,,,1,30,,2467,,,1,70,,2468,,,1,30,,2469,,,1
1200,'12-Saturday-10000010',647,,2508,,,1,70,,2472,,,1,30,,2473,,,1,70,,2474,,,1,30,,2475,,,1,70,,2476,,,1,30,,2477,,,1,70,,2478,,,1,30,,2479,,,1,70,,2480,,,1,30,,2481,,,1,70,,2482,,,1,30,,2483,,,1,70,,2484,,,1,30,,2485,,,1,70,,2486,,,1,30,,2487,,,1,70,,2488,,,1,30,,2489,,,1,70,,2490,,,1,30,,2491,,,1,70,,2492,,,1,30,,2493,,,1,70,,2494,,,1,30,,2495,,,1,70,,2496,,,1,30,,2497,,,1,70,,2498,,,1,30,,2499,,,1,70,,2500,,,1,30,,2501,,,1,70,,2502,,,1,30,,2503,,,1,70,,2504,,,1,30,,2505,,,1,70,,2506,,,1
1200,'12-Sunday-10000001',747,,2542,,,1,70,,2509,,,1,30,,2510,,,1,70,,2511,,,1,30,,2512,,,1,70,,2513,,,1,30,,2514,,,1,70,,2515,,,1,30,,2516,,,1,70,,2517,,,1,30,,2518,,,1,70,,2519,,,1,30,,2520,,,1,70,,2521,,,1,30,,2522,,,1,70,,2523,,,1,30,,2524,,,1,70,,2525,,,1,30,,2526,,,1,70,,2527,,,1,30,,2528,,,1,70,,2529,,,1,30,,2530,,,1,70,,2531,,,1,30,,2532,,,1,70,,2533,,,1,30,,2534,,,1,70,,2535,,,1,30,,2536,,,1,70,,2537,,,1,30,,2538,,,1,70,,2539,,,1,30,,2540,,,1
1200,'12-Weekday-11111100',615,,2543,,,1,30,,2544,,,1,71,,2545,,,1,15,,2546,,,1,15,,2547,,,1,55,,2548,,,1,15,,2549,,,1,15,,2550,,,1,15,,2551,,,1,55,,2552,,,1,15,,2553,,,1,15,,2594,,,1,14,,2554,,,1,55,,2599,,,1,15,,2555,,,1,15,,2598,,,1,15,,2556,,,1,55,,2605,,,1,15,,2557,,,1,15,,2604,,,1,15,,2558,,,1,55,,2603,,,1,15,,2559,,,1,15,,2602,,,1,15,,2560,,,1,55,,2601,,,1,15,,2561,,,1,15,,2600,,,1,15,,2562,,,1,55,,2597,,,1,15,,2563,,,1,15,,2596,,,1,17,,2593,,,1,55,,2564,,,1,15,,2565,,,1,15,,2566,,,1,15,,2567,,,1,55,,2568,,,1,15,,2569,,,1,15,,2570,,,1,15,,2571,,,1,55,,2572,,,1,15,,2573,,,1,15,,2574,,,1,15,,2575,,,1,55,,2589,,,1,14,,2576,,,1,15,,2606,,,1,15,,2577,,,1,55,,2607,,,1,15,,2578,,,1,15,,2608,,,1,15,,2579,,,1,55,,2609,,,1,15,,2580,,,1,15,,2610,,,1,15,,2581,,,1,55,,2611,,,1,15,,2582,,,1,15,,2612,,,1,15,,2583,,,1,55,,2613,,,1,14,,2584,,,1,30,,2585,,,1,70,,2586,,,1,30,,2587,,,1,70,,2588,,,1
2200,'22-Saturday-10000010',639,,4185,,,1,70,,4186,,,1,30,,4187,,,1,70,,4188,,,1,30,,4189,,,1,71,,4190,,,1,30,,4191,,,1,70,,4192,,,1,30,,4193,,,1,70,,4194,,,1,30,,4195,,,1,70,,4196,,,1,30,,4197,,,1,70,,4198,,,1,30,,4199,,,1,70,,4200,,,1,30,,4201,,,1,70,,4202,,,1,30,,4203,,,1,70,,4204,,,1,30,,4205,,,1,70,,4206,,,1,30,,4207,,,1,69,,4208,,,1,30,,4209,,,1,70,,4210,,,1,30,,4211,,,1,70,,4212,,,1,30,,4213,,,1,70,,4214,,,1,30,,4215,,,1,100,,4216,,,1,100,,4217,,,1
2200,'22-Sunday-10000001',839,,4228,,,1,100,,4218,,,1,100,,4219,,,1,100,,4220,,,1,100,,4221,,,1,100,,4222,,,1,100,,4223,,,1,100,,4224,,,1,100,,4225,,,1,100,,4226,,,1,100,,4227,,,1
2200,'22-Weekday-11111100',611,,4229,,,1,30,,4230,,,1,72,,4231,,,1,30,,4232,,,1,70,,4233,,,1,30,,4234,,,1,70,,4235,,,1,29,,4236,,,1,70,,4237,,,1,30,,4238,,,1,70,,4239,,,1,30,,4240,,,1,70,,4241,,,1,30,,4242,,,1,70,,4243,,,1,30,,4244,,,1,70,,4245,,,1,31,,4246,,,1,70,,4247,,,1,30,,4248,,,1,70,,4249,,,1,30,,4250,,,1,70,,4251,,,1,30,,4252,,,1,68,,4253,,,1,30,,4254,,,1,70,,4255,,,1,30,,4256,,,1,70,,4257,,,1,30,,4258,,,1,70,,4262,,,1,30,,4259,,,1,69,,4263,,,1,30,,4260,,,1,100,,4261,,,1
20101,'201-Holiday1-10000001',737,,8609,,,1,70,,8610,,,1,30,,8611,,,1,70,,8612,,,1,30,,8613,,,1,71,,8614,,,1,31,,8615,,,1,70,,8616,,,1,30,,8617,,,1,70,,8618,,,1,30,,8608,,,1,70,,8619,,,1,30,,8620,,,1,70,,8621,,,1,30,,8622,,,1,70,,8623,,,1,30,,8624,,,1,70,,8625,,,1,30,,8626,,,1,70,,8627,,,1,30,,8628,,,1,69,,8629,,,1,29,,8630,,,1,70,,8631,,,1,30,,8632,,,1,70,,8633,,,1,30,,8634,,,1,70,,8635,,,1,30,,8636,,,1,70,,8637,,,1,30,,8638,,,1,70,,8639,,,1,30,,8640,,,1,70,,8641,,,1,30,,8642,,,1
20101,'201-Saturday-10000010',707,,8678,,,1,30,,8643,,,1,70,,8644,,,1,30,,8645,,,1,71,,8646,,,1,32,,8647,,,1,70,,8648,,,1,30,,8649,,,1,70,,8650,,,1,30,,8651,,,1,70,,8652,,,1,30,,8653,,,1,70,,8654,,,1,30,,8655,,,1,70,,8656,,,1,30,,8657,,,1,70,,8658,,,1,30,,8659,,,1,70,,8660,,,1,30,,8661,,,1,70,,8662,,,1,30,,8663,,,1,69,,8664,,,1,28,,8665,,,1,70,,8666,,,1,30,,8667,,,1,70,,8668,,,1,30,,8669,,,1,70,,8670,,,1,30,,8671,,,1,70,,8672,,,1,30,,8673,,,1,70,,8674,,,1,30,,8675,,,1,70,,8676,,,1,30,,8677,0,7 8 6,1
20101,'201-Sunday-10000001',737,,8680,,,1,70,,8681,,,1,30,,8682,,,1,70,,8683,,,1,30,,8684,,,1,71,,8685,,,1,31,,8686,,,1,70,,8687,,,1,30,,8688,,,1,70,,8689,,,1,30,,8679,,,1,70,,8690,,,1,30,,8691,,,1,70,,8692,,,1,30,,8693,,,1,70,,8694,,,1,30,,8695,,,1,70,,8696,,,1,30,,8697,,,1,70,,8698,,,1,30,,8699,,,1,69,,8700,,,1,29,,8701,,,1,70,,8702,,,1,30,,8703,,,1,70,,8704,,,1,30,,8705,,,1,70,,8706,,,1,30,,8707,,,1,70,,8708,,,1,30,,8709,,,1,70,,8710,,,1,30,,8711,,,1,70,,8712,,,1,30,,8713,,,1
20101,'201-Weekday-11111100',551,,8789,,,1,70,,8790,,,1,15,,8747,,,1,15,,8750,,,1,57,,8748,,,1,7,,8788,,,1,11,,8751,,,1,7,,8787,,,1,10,,8745,,,1,10,,8752,,,1,50,,8775,,,1,10,,8744,,,1,10,,8753,,,1,10,,8776,,,1,10,,8714,,,1,10,,8754,,,1,50,,8777,,,1,10,,8749,,,1,10,,8755,,,1,10,,8778,,,1,9,,8746,,,1,10,,8756,,,1,50,,8779,,,1,12,,8715,,,1,10,,8757,,,1,10,,8792,,,1,10,,8716,,,1,10,,8758,,,1,50,,8793,,,1,10,,8717,,,1,10,,8759,,,1,10,,8794,,,1,10,,8718,,,1,10,,8760,,,1,50,,8795,,,1,10,,8719,,,1,10,,8761,,,1,10,,8796,,,1,10,,8720,,,1,10,,8762,,,1,50,,8797,,,1,10,,8721,,,1,10,,8763,,,1,10,,8798,,,1,10,,8722,,,1,10,,8764,,,1,50,,8799,,,1,10,,8723,,,1,10,,8765,,,1,10,,8800,,,1,11,,8774,,,1,3,,8724,,,1,11,,8801,,,1,50,,8766,,,1,10,,8725,,,1,10,,8767,,,1,10,,8780,,,1,10,,8726,,,1,10,,8768,,,1,50,,8781,,,1,10,,8727,,,1,10,,8769,,,1,10,,8782,,,1,10,,8732,,,1,10,,8770,,,1,50,,8784,,,1,10,,8728,,,1,10,,8771,,,1,10,,8783,,,1,10,,8729,,,1,10,,8772,,,1,48,,8785,,,1,8,,8730,,,1,10,,8773,,,1,9,,8786,,,1,9,,8731,,,1,15,,8733,,,1,55,,8802,,,1,15,,8734,,,1,15,,8803,,,1,15,,8735,,,1,55,,8804,,,1,15,,8736,,,1,15,,8805,,,1,15,,8737,,,1,55,,8806,,,1,15,,8738,,,1,15,,8807,,,1,15,,8739,,,1,53,,8808,,,1,13,,8740,,,1,83,,8741,,,1,30,,8742,,,1,75,,8743,,,1,30,,8791,,,1
