1301,'13-Holiday1-10000001',843,,24597,26,,,1,100,,24598,26,,,1,102,,24599,26,,,1,100,,24600,26,,,1,100,,24601,26,,,1,100,,24602,26,,,1,100,,24603,26,,,1,100,,24604,26,,,1,100,,24605,26,,,1,100,,24606,26,,,1,98,,24607,26,,,1,100,,24608,26,,,1,100,,24609,26,,,1,100,,24610,26,,,1,100,,24611,26,,,1,100,,24612,26,,,1
1301,'13-Saturday-10000010',715,,24614,26,,,1,30,,24615,26,,,1,70,,24616,26,,,1,30,,24617,26,,,1,70,,24618,26,,,1,31,,24619,26,,,1,70,,24620,26,,,1,30,,24621,26,,,1,70,,24622,26,,,1,30,,24623,26,,,1,70,,24613,26,,,1,30,,24624,26,,,1,70,,24625,26,,,1,30,,24626,26,,,1,70,,24627,26,,,1,30,,24628,26,,,1,70,,24629,26,,,1,30,,24630,26,,,1,70,,24631,26,,,1,30,,24632,26,,,1,70,,24633,26,,,1,30,,24634,26,,,1,70,,24635,26,,,1,29,,24636,26,,,1,70,,24637,26,,,1,30,,24638,26,,,1,70,,24646,26,,,1,30,,24639,26,,,1,70,,24640,26,,,1,30,,24641,26,,,1,70,,24642,26,,,1,30,,24643,26,,,1,70,,24644,26,,,1,30,,24645,26,,,1,70,,24647,26,,,1
1301,'13-Sunday-10000001',813,,24680,26,,,1,30,,24648,26,,,1,70,,24649,26,,,1,30,,24650,26,,,1,72,,24651,26,,,1,30,,24652,26,,,1,70,,24653,26,,,1,30,,24654,26,,,1,70,,24655,26,,,1,30,,24656,26,,,1,70,,24657,26,,,1,30,,24658,26,,,1,70,,24659,26,,,1,30,,24660,26,,,1,70,,24661,26,,,1,30,,24662,26,,,1,70,,24663,26,,,1,30,,24664,26,,,1,70,,24665,26,,,1,30,,24666,26,,,1,68,,24667,26,,,1,30,,24668,26,,,1,70,,24669,26,,,1,30,,24670,26,,,1,70,,24671,26,,,1,30,,24672,26,,,1,70,,24673,26,,,1,30,,24674,26,,,1,70,,24675,26,,,1,30,,24676,26,,,1,70,,24677,26,,,1,30,,24678,26,,,1,70,,24679,26,,,1
1301,'13-Weekday-11111100',613,,24711,26,,,1,28,,24714,26,,,1,14,,24717,26,,,1,74,,24706,26,,,1,75,,24705,26,,,1,36,,24681,26,,,1,72,,24682,26,,,1,27,,24683,26,,,1,73,,24684,26,,,1,28,,24685,26,,,1,68,,24686,26,,,1,32,,24687,26,,,1,68,,24688,26,,,1,32,,24689,26,,,1,68,,24690,26,,,1,32,,24691,26,,,1,68,,24692,26,,,1,35,,24693,26,,,1,70,,24694,26,,,1,32,,24695,26,,,1,70,,24707,26,,,1,33,,24696,26,,,1,67,,24697,26,,,1,33,,24704,26,,,1,64,,24698,26,,,1,29,,24699,26,,,1,80,,24700,26,,,1,30,,24701,26,,,1,70,,24713,26,,,1,30,,24712,26,,,1,70,,24702,26,,,1,30,,24703,26,,,1,69,,24708,26,,,1,27,,24716,26,,,1,70,,24709,26,,,1,30,,24710,26,,,1,70,,24715,26,,,1
2901,'29-Saturday-10000010',751,,26657,44,,,1,70,,26658,44,,,1,30,,26659,44,,,1,72,,26660,44,,,1,30,,26661,44,,,1,70,,26662,44,,,1,30,,26663,44,,,1,70,,26664,44,,,1,30,,26665,44,,,1,70,,26666,44,,,1,30,,26667,44,,,1,70,,26668,44,,,1,30,,26669,44,,,1,70,,26670,44,,,1,30,,26671,44,,,1,70,,26672,44,,,1,30,,26673,44,,,1,70,,26674,44,,,1,30,,26675,44,,,1,70,,26676,44,,,1,30,,26677,44,,,1,68,,26678,44,,,1,30,,26679,44,,,1,70,,26680,44,,,1,30,,26681,44,,,1,70,,26682,44,,,1,30,,26683,44,,,1,70,,26684,44,,,1,30,,26685,44,,,1,70,,26686,44,,,1,30,,26687,44,,,1,70,,26688,44,,,1,30,,26689,44,,,1,100,,26690,44,,,1
2901,'29-Sunday-10000001',846,,26691,44,,,1,70,,26692,44,,,1,30,,26693,44,,,1,71,,26694,44,,,1,30,,26695,44,,,1,70,,26696,44,,,1,30,,26697,44,,,1,70,,26698,44,,,1,30,,26699,44,,,1,70,,26700,44,,,1,30,,26701,44,,,1,70,,26702,44,,,1,30,,26703,44,,,1,70,,26704,44,,,1,30,,26705,44,,,1,70,,26706,44,,,1,30,,26707,44,,,1,70,,26708,44,,,1,30,,26709,44,,,1,70,,26710,44,,,1,30,,26711,44,,,1,70,,26712,44,,,1,30,,26713,44,,,1,70,,26714,44,,,1,30,,26715,44,,,1,70,,26716,44,,,1,30,,26717,44,,,1,69,,26718,44,,,1,30,,26719,44,,,1,70,,26720,44,,,1,30,,26721,44,,,1,100,,26722,44,,,1
2901,'29-Weekday-11111100',616,,26759,33,,,1,24,,26725,44,,,1,71,,26726,44,,,1,37,,26727,44,,,1,70,,26728,44,,,1,30,,26729,44,,,1,70,,26730,44,,,1,31,,26731,44,,,1,69,,26732,44,,,1,30,,26733,44,,,1,70,,26734,44,,,1,30,,26735,44,,,1,70,,26736,44,,,1,30,,26737,44,,,1,70,,26738,44,,,1,30,,26739,44,,,1,70,,26740,44,,,1,32,,26724,44,,,1,73,,26723,44,,,1,30,,26741,44,,,1,70,,26742,44,,,1,30,,26743,44,,,1,70,,26744,44,,,1,30,,26745,44,,,1,68,,26746,44,,,1,28,,26747,44,,,1,70,,26748,44,,,1,30,,26749,44,,,1,70,,26750,44,,,1,30,,26751,44,,,1,70,,26752,44,,,1,30,,26753,44,,,1,68,,26754,44,,,1,25,,26755,44,,,1,70,,26756,44,,,1,30,,26757,44,,,1,70,,26758,44,,,1
20201,'202-Holiday1-10000001',806,,30532,24,,,1,30,,30533,24,,,1,70,,30534,24,,,1,30,,30531,24,,,1,70,,30535,24,,,1,31,,30536,24,,,1,70,,30537,24,,,1,30,,30538,24,,,1,70,,30539,24,,,1,30,,30540,24,,,1,70,,30541,24,,,1,30,,30542,24,,,1,70,,30543,24,,,1,30,,30544,24,,,1,70,,30545,24,,,1,30,,30546,24,,,1,70,,30547,24,,,1,30,,30548,24,,,1,70,,30549,24,,,1,30,,30550,24,,,1,70,,30551,24,,,1,29,,30552,24,,,1,70,,30553,24,,,1,30,,30554,24,,,1,70,,30555,24,,,1,30,,30556,24,,,1,70,,30557,24,,,1,30,,30558,24,,,1,70,,30559,24,,,1,30,,30560,24,,,1,70,,30561,24,,,1,30,,30562,24,,,1,70,,30563,24,,,1,30,,30564,24,,,1
20201,'202-Saturday-10000010',736,,30565,24,,,1,70,,30566,24,,,1,30,,30567,24,,,1,70,,30568,24,,,1,31,,30569,24,,,1,70,,30570,24,,,1,30,,30571,24,,,1,70,,30572,24,,,1,30,,30573,24,,,1,70,,30574,24,,,1,30,,30575,24,,,1,70,,30576,24,,,1,30,,30577,24,,,1,70,,30578,24,,,1,30,,30579,24,,,1,70,,30580,24,,,1,30,,30581,24,,,1,70,,30582,24,,,1,30,,30583,24,,,1,70,,30584,24,,,1,30,,30585,24,,,1,70,,30586,24,,,1,29,,30587,24,,,1,70,,30588,24,,,1,30,,30589,24,,,1,70,,30590,24,,,1,30,,30591,24,,,1,70,,30592,24,,,1,30,,30593,24,,,1,70,,30594,24,,,1,30,,30595,24,,,1,70,,30596,24,,,1,30,,30597,24,,,1,70,,30598,24,,,1,30,,30599,24,,,1
20201,'202-Sunday-10000001',806,,30601,24,,,1,30,,30602,24,,,1,70,,30603,24,,,1,30,,30600,24,,,1,70,,30604,24,,,1,31,,30605,24,,,1,70,,30606,24,,,1,30,,30607,24,,,1,70,,30608,24,,,1,30,,30609,24,,,1,70,,30610,24,,,1,30,,30611,24,,,1,70,,30612,24,,,1,30,,30613,24,,,1,70,,30614,24,,,1,30,,30615,24,,,1,70,,30616,24,,,1,30,,30617,24,,,1,70,,30618,24,,,1,30,,30619,24,,,1,70,,30620,24,,,1,29,,30621,24,,,1,70,,30622,24,,,1,30,,30623,24,,,1,70,,30624,24,,,1,30,,30625,24,,,1,70,,30626,24,,,1,30,,30627,24,,,1,70,,30628,24,,,1,30,,30629,24,,,1,70,,30630,24,,,1,30,,30631,24,,,1,70,,30632,24,,,1,30,,30633,24,,,1
20201,'202-Weekday-11111100',634,,30634,24,,,1,70,,30635,24,,,1,35,,30636,24,,,1,15,,30649,24,,,1,55,,30650,24,,,1,15,,30651,24,,,1,15,,30652,24,,,1,15,,30653,24,,,1,55,,30654,24,,,1,15,,30655,24,,,1,15,,30656,24,,,1,16,,30657,24,,,1,54,,30658,24,,,1,15,,30659,24,,,1,15,,30660,24,,,1,15,,30661,24,,,1,55,,30662,24,,,1,15,,30663,24,,,1,15,,30664,24,,,1,15,,30665,24,,,1,55,,30666,24,,,1,15,,30667,24,,,1,15,,30668,24,,,1,15,,30669,24,,,1,55,,30670,24,,,1,15,,30671,24,,,1,15,,30672,24,,,1,15,,30673,24,,,1,55,,30674,24,,,1,15,,30675,24,,,1,16,,30676,24,,,1,15,,30677,24,,,1,62,,30678,24,,,1,10,,30679,24,,,1,15,,30680,24,,,1,15,,30681,24,,,1,55,,30682,24,,,1,15,,30683,24,,,1,15,,30684,24,,,1,15,,30685,24,,,1,55,,30686,24,,,1,15,,30687,24,,,1,15,,30688,24,,,1,15,,30689,24,,,1,54,,30690,24,,,1,14,,30691,24,,,1,13,,30637,24,,,1,70,,30648,24,,,1,30,,30638,24,,,1,70,,30639,24,,,1,30,,30640,24,,,1,70,,30641,24,,,1,30,,30642,24,,,1,69,,30643,24,,,1,29,,30644,24,,,1,70,,30645,24,,,1,30,,30646,24,,,1,70,,30647,24,,,1
