5300,'53-Holiday1-10000001',847,,6537,26,,,1,100,,6538,26,,,1,104,,6539,26,,,1,100,,6540,26,,,1,100,,6541,26,,,1,100,,6542,26,,,1,100,,6543,26,,,1,100,,6544,26,,,1,100,,6545,26,,,1,100,,6546,26,,,1,96,,6547,26,,,1,100,,6548,26,,,1,100,,6549,26,,,1,100,,6550,26,,,1,100,,6551,26,,,1,100,,6552,26,,,1
5300,'53-Saturday-10000010',721,,6553,26,,,1,30,,6554,26,,,1,70,,6555,26,,,1,30,,6556,26,,,1,71,,6557,26,,,1,30,,6558,26,,,1,70,,6559,26,,,1,30,,6560,26,,,1,70,,6561,26,,,1,30,,6562,26,,,1,70,,6563,26,,,1,30,,6564,26,,,1,70,,6565,26,,,1,30,,6566,26,,,1,70,,6567,26,,,1,30,,6568,26,,,1,70,,6569,26,,,1,30,,6570,26,,,1,70,,6571,26,,,1,30,,6572,26,,,1,70,,6573,26,,,1,30,,6574,26,,,1,69,,6575,26,,,1,30,,6576,26,,,1,100,,6577,26,,,1,100,,6578,26,,,1,100,,6579,26,,,1,100,,6580,26,,,1,100,,6581,26,,,1
5300,'53-Sunday-10000001',817,,6582,26,,,1,100,,6583,26,,,1,104,,6584,26,,,1,30,,6585,26,,,1,70,,6586,26,,,1,30,,6587,26,,,1,70,,6588,26,,,1,30,,6589,26,,,1,70,,6590,26,,,1,30,,6591,26,,,1,70,,6592,26,,,1,30,,6593,26,,,1,70,,6594,26,,,1,30,,6595,26,,,1,70,,6596,26,,,1,30,,6597,26,,,1,70,,6598,26,,,1,30,,6599,26,,,1,96,,6600,26,,,1,100,,6601,26,,,1,100,,6602,26,,,1,100,,6603,26,,,1,100,,6604,26,,,1,100,,6605,26,,,1
5300,'53-Weekday-11111100',624,,6633,31,,,1,30,,6634,31,,,1,70,,6635,31,,,1,30,,6636,31,,,1,70,,6637,31,,,1,27,,6622,26,,,1,70,,6623,26,,,1,30,,6624,26,,,1,70,,6615,26,,,1,30,,6616,26,,,1,70,,6617,26,,,1,30,,6618,26,,,1,70,,6619,26,,,1,30,,6620,26,,,1,70,,6621,26,,,1,30,,6640,26,,,1,80,,6625,31,,,1,74,,6641,31,,,1,30,,6628,31,,,1,70,,6632,31,,,1,30,,6631,31,,,1,70,,6630,31,,,1,30,,6629,31,,,1,70,,6638,31,,,1,19,,6639,31,,,1,25,,6614,26,,,1,70,,6608,26,,,1,30,,6609,26,,,1,70,,6610,26,,,1,30,,6611,26,,,1,70,,6607,26,,,1,30,,6606,26,,,1,72,,6627,31,,,1,30,,6626,31,,,1,65,,6612,26,,,1,30,,6613,26,,,1
5800,'58-Holiday1-11111111',830,,7291,16,,,1,100,,7290,16,,,1,101,,7289,16,,,1,100,,7288,16,,,1,100,,7287,16,,,1,100,,7286,16,,,1,100,,7285,16,,,1,100,,7284,16,,,1,100,,7283,16,,,1,100,,7282,16,,,1,99,,7281,16,,,1,100,,7280,16,,,1,100,,7279,16,,,1,100,,7278,16,,,1,100,,7277,16,,,1,100,,7276,16,,,1
5800,'58-Saturday-10000010',731,,7298,16,,,1,70,,7297,16,,,1,30,,7296,16,,,1,70,,7295,16,,,1,29,,7294,16,,,1,70,,7293,16,,,1,30,,7292,16,,,1,70,,7313,16,,,1,30,,7312,16,,,1,70,,7311,16,,,1,30,,7310,16,,,1,70,,7309,16,,,1,30,,7308,16,,,1,70,,7307,16,,,1,30,,7306,16,,,1,70,,7305,16,,,1,30,,7304,16,,,1,70,,7303,16,,,1,30,,7302,16,,,1,70,,7301,16,,,1,30,,7300,16,,,1,70,,7299,16,,,1,31,,7319,16,,,1,100,,7318,16,,,1,100,,7317,16,,,1,100,,7316,16,,,1,100,,7315,16,,,1,100,,7314,16,,,1
5800,'58-Sunday-10000001',900,,7320,16,,,1,100,,7322,16,,,1,101,,7321,16,,,1,30,,7337,16,,,1,70,,7336,16,,,1,30,,7335,16,,,1,70,,7334,16,,,1,30,,7333,16,,,1,70,,7332,16,,,1,30,,7331,16,,,1,70,,7330,16,,,1,30,,7329,16,,,1,70,,7328,16,,,1,30,,7327,16,,,1,70,,7326,16,,,1,30,,7325,16,,,1,70,,7324,16,,,1,29,,7323,16,,,1,100,,7342,16,,,1,100,,7341,16,,,1,100,,7340,16,,,1,100,,7339,16,,,1,100,,7338,16,,,1
5800,'58-Weekday-11111100',549,,7343,16,,,1,70,,7344,16,,,1,25,,7345,16,,,1,70,,7346,16,,,1,31,,7347,16,,,1,70,,7348,16,,,1,30,,7349,16,,,1,70,,7350,16,,,1,29,,7351,16,,,1,70,,7352,16,,,1,30,,7353,16,,,1,70,,7354,16,,,1,30,,7355,16,,,1,70,,7356,16,,,1,30,,7357,16,,,1,70,,7358,16,,,1,30,,7359,16,,,1,70,,7379,16,,,1,87,,7360,16,,,1,30,,7361,16,,,1,70,,7362,16,,,1,30,,7363,16,,,1,70,,7364,16,,,1,30,,7365,16,,,1,70,,7366,16,,,1,13,,7367,16,,,1,30,,7368,16,,,1,70,,7369,16,,,1,30,,7370,16,,,1,70,,7371,16,,,1,30,,7372,16,,,1,70,,7373,16,,,1,30,,7374,16,,,1,68,,7375,16,,,1,15,,7376,16,,,1,30,,7377,16,,,1,70,,7378,16,,,1
20300,'203-Holiday1-10000001',906,,9293,5,0,13 6,1,100,,9294,5,0,13 6,1,100,,9295,5,0,13 6,1,100,,9296,5,0,13 6,1,100,,9297,5,0,13 6,1,100,,9298,5,0,13 6,1,100,,9299,5,0,13 6,1,100,,9300,5,0,13 6,1,100,,9301,5,0,13 6,1,100,,9302,5,0,13 6,1,100,,9303,5,0,13 6,1,100,,9304,5,0,13 6,1,100,,9305,5,0,13 6,1
20300,'203-Saturday-10000010',636,,9306,5,0,13 6,1,100,,9307,5,0,13 6,1,100,,9308,5,0,13 6,1,100,,9309,5,0,13 6,1,70,,9310,5,0,13 6,1,30,,9311,5,0,13 6,1,70,,9312,5,0,13 6,1,30,,9313,5,0,13 6,1,70,,9314,5,0,13 6,1,30,,9315,5,0,13 6,1,70,,9316,5,0,13 6,1,30,,9317,5,0,13 6,1,70,,9318,5,0,13 6,1,30,,9319,5,0,13 6,1,70,,9320,5,0,13 6,1,30,,9321,5,0,13 6,1,70,,9322,5,0,13 6,1,30,,9323,5,0,13 6,1,70,,9324,5,0,13 6,1,30,,9325,5,0,13 6,1,70,,9326,5,0,13 6,1,100,,9327,5,0,13 6,1,100,,9328,5,0,13 6,1,100,,9329,5,0,13 6,1
20300,'203-Sunday-10000001',906,,9330,5,0,13 6,1,100,,9331,5,0,13 6,1,100,,9332,5,0,13 6,1,100,,9333,5,0,13 6,1,100,,9334,5,0,13 6,1,100,,9335,5,0,13 6,1,100,,9336,5,0,13 6,1,100,,9337,5,0,13 6,1,100,,9338,5,0,13 6,1,100,,9339,5,0,13 6,1,100,,9340,5,0,13 6,1,100,,9341,5,0,13 6,1,100,,9342,5,0,13 6,1
20300,'203-Weekday-11111100',606,,9343,5,,,1,30,,9344,5,,,1,70,,9345,5,,,1,30,,9346,5,,,1,70,,9374,5,,,1,30,,9347,5,,,1,70,,9371,5,,,1,30,,9370,5,,,1,70,,9375,5,,,1,30,,9369,5,,,1,70,,9368,5,,,1,30,,9367,5,,,1,70,,9376,5,,,1,30,,9366,5,,,1,70,,9365,5,,,1,30,,9364,5,,,1,70,,9363,5,,,1,32,,9372,5,,,1,70,,9348,5,,,1,30,,9349,5,,,1,70,,9350,5,,,1,30,,9351,5,,,1,70,,9352,5,,,1,30,,9353,5,,,1,68,,9354,5,,,1,30,,9355,5,,,1,70,,9356,5,,,1,30,,9357,5,,,1,70,,9358,5,,,1,30,,9359,5,,,1,70,,9360,5,,,1,30,,9361,5,,,1,70,,9362,5,,,1,30,,9373,5,,,1
