1000,'10-Holiday1-10000001',815,,2155,,,1,100,,2156,,,1,100,,2157,,,1,100,,2158,,,1,100,,2159,,,1,100,,2160,,,1,100,,2161,,,1,100,,2162,,,1,100,,2163,,,1,100,,2164,,,1,100,,2165,,,1,100,,2166,,,1,100,,2167,,,1,100,,2168,,,1,100,,2169,,,1,100,,2170,,,1
1000,'10-Saturday-10000010',630,,2171,,,1,70,,2172,,,1,30,,2173,,,1,70,,2174,,,1,30,,2175,,,1,70,,2176,,,1,30,,2177,,,1,70,,2178,,,1,30,,2179,,,1,70,,2180,,,1,30,,2181,,,1,70,,2182,,,1,30,,2183,,,1,70,,2184,,,1,30,,2185,,,1,70,,2186,,,1,30,,2187,,,1,70,,2188,,,1,30,,2189,,,1,70,,2190,,,1,30,,2191,,,1,70,,2192,,,1,30,,2193,,,1,70,,2194,,,1,30,,2195,,,1,70,,2196,,,1,30,,2197,,,1,70,,2198,,,1,30,,2199,,,1,70,,2200,,,1,30,,2201,,,1,70,,2202,,,1,30,,2203,,,1,70,,2204,,,1,30,,2205,,,1
1000,'10-Sunday-10000001',750,,2237,,,1,70,,2206,,,1,30,,2207,,,1,70,,2208,,,1,30,,2209,,,1,70,,2210,,,1,30,,2211,,,1,70,,2212,,,1,30,,2213,,,1,70,,2214,,,1,30,,2215,,,1,70,,2216,,,1,30,,2217,,,1,70,,2218,,,1,30,,2219,,,1,70,,2220,,,1,30,,2221,,,1,70,,2222,,,1,30,,2223,,,1,70,,2224,,,1,30,,2225,,,1,70,,2226,,,1,30,,2227,,,1,70,,2228,,,1,30,,2229,,,1,70,,2230,,,1,30,,2231,,,1,70,,2232,,,1,30,,2233,,,1,70,,2234,,,1,30,,2235,,,1,70,,2236,,,1
1000,'10-Weekday-11111100',530,,2238,,,1,70,,2239,,,1,30,,2240,,,1,70,,2241,,,1,15,,2297,0,39 6,1,15,,2242,,,1,15,,2273,0,39 6,1,55,,2243,,,1,15,,2274,0,39 6,1,15,,2244,,,1,15,,2275,0,39 6,1,55,,2245,,,1,15,,2276,0,39 6,1,15,,2246,,,1,15,,2277,0,39 6,1,55,,2247,,,1,15,,2278,0,39 6,1,15,,2248,,,1,15,,2279,0,39 6,1,55,,2249,,,1,15,,2280,0,39 6,1,15,,2250,,,1,15,,2281,0,39 6,1,55,,2251,,,1,15,,2282,0,39 6,1,15,,2252,,,1,15,,2283,0,39 6,1,55,,2253,,,1,15,,2284,0,39 6,1,15,,2254,,,1,15,,2285,0,39 6,1,55,,2255,,,1,15,,2265,0,39 6,1,15,,2256,,,1,15,,2266,0,39 6,1,55,,2257,,,1,15,,2267,0,39 6,1,15,,2258,,,1,15,,2268,0,39 6,1,55,,2259,,,1,15,,2269,0,39 6,1,15,,2260,,,1,15,,2270,0,39 6,1,55,,2261,,,1,15,,2271,0,39 6,1,15,,2262,,,1,15,,2272,0,39 6,1,55,,2263,,,1,15,,2296,0,39 6,1,15,,2264,,,1,70,,2293,,,1,30,,2294,,,1,70,,2295,,,1,30,,2292,,,1,70,,2291,,,1,30,,2290,,,1,70,,2289,,,1,30,,2288,,,1,70,,2287,,,1,35,,2286,,,1
1001,'10-Holiday1-10000001',921,,2304,4,,1,101,,2299,4,,1,100,,2300,4,,1,100,,2301,4,,1,100,,2302,4,,1,100,,2305,4,,1,100,,2306,4,,1,100,,2308,4,,1,100,,2310,4,,1,100,,2307,4,,1,100,,2298,4,,1,100,,2309,4,,1,100,,2312,4,,1,99,,2311,4,,1,100,,2303,4,,1
1001,'10-Saturday-10000010',752,,2317,4,,1,70,,2318,4,,1,30,,2319,4,,1,70,,2320,4,,1,30,,2321,4,,1,70,,2322,4,,1,30,,2323,4,,1,70,,2324,4,,1,30,,2325,4,,1,70,,2326,4,,1,30,,2327,4,,1,70,,2328,4,,1,30,,2329,4,,1,70,,2330,4,,1,30,,2331,4,,1,70,,2332,4,,1,30,,2333,4,,1,70,,2334,4,,1,30,,2335,4,,1,70,,2336,4,,1,30,,2337,4,,1,70,,2338,4,,1,30,,2339,4,,1,70,,2340,4,,1,30,,2341,4,,1,70,,2342,4,,1,30,,2343,4,,1,70,,2315,4,,1,30,,2344,4,,1,70,,2316,4,,1,30,,2314,4,,1,70,,2345,4,,1,30,,2313,4,,1,70,,2346,4,,1
1001,'10-Sunday-10000001',846,,2373,4,,1,70,,2359,4,,1,30,,2361,4,,1,71,,2349,4,,1,30,,2363,4,,1,70,,2350,4,,1,30,,2360,4,,1,70,,2351,4,,1,30,,2362,4,,1,70,,2352,4,,1,30,,2364,4,,1,70,,2365,4,,1,30,,2366,4,,1,70,,2367,4,,1,30,,2358,4,,1,70,,2369,4,,1,30,,2357,4,,1,70,,2371,4,,1,30,,2356,4,,1,70,,2368,4,,1,30,,2355,4,,1,70,,2348,4,,1,30,,2354,4,,1,70,,2370,4,,1,30,,2347,4,,1,70,,2377,4,,1,30,,2376,4,,1,69,,2375,4,,1,30,,2374,4,,1,70,,2353,4,,1,30,,2372,4,,1
1001,'10-Weekday-11111100',623,,2394,4,,1,30,,2379,4,,1,56,,2437,4,,1,16,,2390,4,,1,15,,2403,4,,1,15,,2404,4,,1,55,,2405,4,,1,15,,2406,4,,1,15,,2407,4,,1,15,,2408,4,,1,55,,2409,4,,1,15,,2410,4,,1,13,,2411,4,,1,15,,2400,4,,1,54,,2414,4,,1,16,,2401,4,,1,14,,2415,4,,1,16,,2402,4,,1,54,,2416,4,,1,16,,2399,4,,1,14,,2417,4,,1,16,,2382,4,,1,54,,2418,4,,1,16,,2395,4,,1,14,,2419,4,,1,16,,2396,4,,1,54,,2420,4,,1,16,,2381,4,,1,14,,2421,4,,1,16,,2397,4,,1,54,,2422,4,,1,16,,2380,4,,1,14,,2423,4,,1,19,,2398,4,,1,54,,2413,4,,1,16,,2393,4,,1,14,,2392,4,,1,16,,2391,4,,1,54,,2378,4,,1,16,,2389,4,,1,14,,2388,4,,1,16,,2387,4,,1,54,,2386,4,,1,16,,2385,4,,1,14,,2384,4,,1,16,,2383,4,,1,54,,2424,4,,1,14,,2412,4,,1,30,,2426,4,,1,70,,2427,4,,1,30,,2428,4,,1,70,,2429,4,,1,30,,2430,4,,1,70,,2431,4,,1,30,,2432,4,,1,68,,2433,4,,1,30,,2434,4,,1,70,,2435,4,,1,30,,2436,4,,1,70,,2425,4,,1
1600,'16-Holiday1-10000001',830,,3130,,,1,100,,3131,,,1,100,,3132,,,1,100,,3133,,,1,100,,3134,,,1,100,,3135,,,1,100,,3136,,,1,100,,3137,,,1,100,,3138,,,1,100,,3139,,,1,100,,3140,,,1,100,,3141,,,1,100,,3142,,,1,100,,3143,,,1,100,,3144,,,1,100,,3145,,,1
1600,'16-Saturday-10000010',700,,3180,,,1,30,,3147,,,1,70,,3148,,,1,30,,3149,,,1,70,,3150,,,1,30,,3151,,,1,70,,3152,,,1,30,,3153,,,1,70,,3154,,,1,30,,3155,,,1,70,,3156,,,1,30,,3157,,,1,70,,3158,,,1,30,,3159,,,1,70,,3160,,,1,30,,3161,,,1,70,,3162,,,1,30,,3163,,,1,70,,3164,,,1,30,,3165,,,1,70,,3166,,,1,30,,3167,,,1,70,,3168,,,1,30,,3169,,,1,70,,3170,,,1,30,,3171,,,1,70,,3172,,,1,30,,3173,,,1,70,,3174,,,1,30,,3175,,,1,70,,3176,,,1,30,,3177,,,1,70,,3178,,,1,30,,3179,,,1
1600,'16-Sunday-10000001',800,,3183,,,1,30,,3184,,,1,70,,3185,,,1,30,,3186,,,1,70,,3187,,,1,30,,3188,,,1,70,,3189,,,1,30,,3190,,,1,70,,3191,,,1,30,,3192,,,1,70,,3193,,,1,30,,3194,,,1,70,,3195,,,1,30,,3196,,,1,70,,3197,,,1,30,,3198,,,1,70,,3199,,,1,30,,3200,,,1,70,,3201,,,1,30,,3202,,,1,70,,3203,,,1,30,,3204,,,1,70,,3205,,,1,30,,3206,,,1,70,,3207,,,1,30,,3208,,,1,70,,3209,,,1,30,,3210,,,1,70,,3211,,,1,30,,3212,,,1,70,,3213,,,1,30,,3214,,,1
1600,'16-Weekday-11111100',555,,3253,,,1,70,,3252,,,1,15,,3255,,,1,15,,3216,,,1,55,,3256,,,1,15,,3217,,,1,15,,3257,,,1,15,,3218,,,1,55,,3258,,,1,15,,3219,,,1,15,,3283,,,1,15,,3220,,,1,55,,3278,,,1,15,,3221,,,1,15,,3279,,,1,15,,3222,,,1,55,,3280,,,1,15,,3223,,,1,15,,3281,,,1,15,,3224,,,1,55,,3282,,,1,15,,3225,,,1,15,,3274,,,1,15,,3226,,,1,55,,3277,,,1,15,,3227,,,1,15,,3276,,,1,15,,3228,,,1,55,,3275,,,1,15,,3229,,,1,15,,3273,,,1,15,,3230,,,1,55,,3272,,,1,15,,3231,,,1,15,,3259,,,1,15,,3232,,,1,55,,3260,,,1,15,,3233,,,1,15,,3261,,,1,15,,3234,,,1,55,,3262,,,1,15,,3235,,,1,15,,3263,,,1,15,,3236,,,1,55,,3264,,,1,15,,3237,,,1,15,,3265,,,1,15,,3238,,,1,55,,3239,,,1,15,,3266,,,1,15,,3240,,,1,15,,3267,,,1,55,,3241,,,1,15,,3268,,,1,15,,3242,,,1,15,,3269,,,1,55,,3243,,,1,15,,3270,,,1,15,,3244,,,1,15,,3271,,,1,55,,3245,,,1,15,,3284,,,1,15,,3246,,,1,60,,3247,,,1,30,,3248,,,1,70,,3249,,,1
1601,'16-Holiday1-10000001',905,,3285,4,,1,100,,3286,4,,1,105,,3287,4,,1,100,,3288,4,,1,100,,3289,4,,1,100,,3290,4,,1,100,,3291,4,,1,100,,3292,4,,1,100,,3293,4,,1,100,,3294,4,,1,98,,3295,4,,1,101,,3296,4,,1,100,,3297,4,,1,100,,3298,4,,1,100,,3299,4,,1,100,,3300,4,,1
1601,'16-Saturday-10000010',710,,3301,4,,1,30,,3302,4,,1,70,,3303,4,,1,30,,3304,4,,1,71,,3305,4,,1,31,,3306,4,,1,74,,3307,4,,1,33,,3308,4,,1,70,,3309,4,,1,30,,3310,4,,1,70,,3311,4,,1,30,,3312,4,,1,70,,3313,4,,1,30,,3314,4,,1,70,,3315,4,,1,30,,3316,4,,1,70,,3317,4,,1,30,,3318,4,,1,70,,3319,4,,1,30,,3320,4,,1,70,,3321,4,,1,30,,3322,4,,1,69,,3323,4,,1,28,,3324,4,,1,68,,3325,4,,1,28,,3326,4,,1,70,,3327,4,,1,30,,3328,4,,1,70,,3329,4,,1,30,,3330,4,,1,70,,3331,4,,1,30,,3332,4,,1,70,,3333,4,,1,30,,3334,4,,1,70,,3336,4,,1
1601,'16-Sunday-10000001',835,,3337,4,,1,70,,3338,4,,1,30,,3339,4,,1,70,,3340,4,,1,31,,3341,4,,1,74,,3342,4,,1,30,,3343,4,,1,70,,3344,4,,1,30,,3345,4,,1,70,,3346,4,,1,30,,3347,4,,1,70,,3348,4,,1,30,,3349,4,,1,70,,3350,4,,1,30,,3351,4,,1,70,,3352,4,,1,30,,3353,4,,1,70,,3354,4,,1,30,,3355,4,,1,70,,3356,4,,1,31,,3357,4,,1,67,,3358,4,,1,31,,3359,4,,1,70,,3360,4,,1,30,,3361,4,,1,70,,3362,4,,1,30,,3363,4,,1,70,,3364,4,,1,30,,3365,4,,1,70,,3366,4,,1,30,,3367,4,,1,70,,3368,4,,1
1601,'16-Weekday-11111100',636,,3370,4,,1,72,,3371,4,,1,11,,3407,4,,1,19,,3372,4,,1,20,,3411,4,,1,55,,3373,4,,1,17,,3408,4,,1,16,,3374,4,,1,55,,3409,4,,1,15,,3375,4,,1,15,,3410,4,,1,15,,3376,4,,1,56,,3420,4,,1,15,,3377,4,,1,16,,3426,4,,1,16,,3378,4,,1,55,,3427,4,,1,14,,3379,4,,1,16,,3428,4,,1,15,,3380,4,,1,55,,3429,4,,1,15,,3381,4,,1,15,,3430,4,,1,15,,3382,4,,1,55,,3431,4,,1,15,,3383,4,,1,15,,3432,4,,1,15,,3384,4,,1,55,,3433,4,,1,15,,3385,4,,1,16,,3434,4,,1,15,,3386,4,,1,55,,3435,4,,1,17,,3387,4,,1,15,,3417,4,,1,15,,3388,4,,1,57,,3412,4,,1,15,,3389,4,,1,16,,3413,4,,1,15,,3390,4,,1,55,,3414,4,,1,15,,3391,4,,1,15,,3415,4,,1,15,,3392,4,,1,54,,3416,4,,1,15,,3393,4,,1,13,,3406,4,,1,13,,3394,4,,1,54,,3418,4,,1,13,,3395,4,,1,13,,3421,4,,1,15,,3396,4,,1,14,,3397,4,,1,55,,3422,4,,1,15,,3398,4,,1,15,,3425,4,,1,15,,3399,4,,1,55,,3423,4,,1,15,,3400,4,,1,15,,3424,4,,1,15,,3401,4,,1,53,,3436,4,,1,14,,3402,4,,1,31,,3403,4,,1,67,,3404,4,,1,13,,3405,4,,1
3600,'36-Saturday-10000010',743,,5669,4,,1,70,,5681,4,,1,30,,5670,4,,1,71,,5682,4,,1,30,,5671,4,,1,70,,5683,4,,1,30,,5672,4,,1,70,,5684,4,,1,30,,5673,4,,1,70,,5685,4,,1,30,,5674,4,,1,70,,5686,4,,1,30,,5675,4,,1,70,,5687,4,,1,30,,5676,4,,1,70,,5688,4,,1,30,,5677,4,,1,70,,5689,4,,1,30,,5678,4,,1,70,,5690,4,,1,30,,5679,4,,1,69,,5691,4,,1,30,,5680,4,,1,70,,5692,4,,1,30,,5693,4,,1
3600,'36-Sunday-10000001',841,,5694,4,,1,70,,5695,4,,1,30,,5696,4,,1,71,,5697,4,,1,31,,5698,4,,1,75,,5699,4,,1,31,,5700,4,,1,70,,5701,4,,1,30,,5702,4,,1,70,,5703,4,,1,30,,5704,4,,1,70,,5705,4,,1,30,,5706,4,,1,70,,5707,4,,1,30,,5708,4,,1,70,,5709,4,,1,30,,5710,4,,1,70,,5711,4,,1,30,,5712,4,,1,64,,5713,4,,1,28,,5714,4,,1,70,,5715,4,,1
3600,'36-Weekday-11111100',628,,5740,4,,1,101,,5718,4,,1,30,,5717,4,,1,70,,5732,4,,1,30,,5731,4,,1,70,,5730,4,,1,30,,5729,4,,1,70,,5728,4,,1,30,,5727,4,,1,70,,5726,4,,1,30,,5725,4,,1,70,,5724,4,,1,30,,5723,4,,1,70,,5722,4,,1,30,,5721,4,,1,70,,5720,4,,1,72,,5719,4,,1,30,,5739,4,,1,70,,5744,4,,1,30,,5738,4,,1,70,,5737,4,,1,30,,5736,4,,1,70,,5735,4,,1,27,,5734,4,,1,30,,5733,4,,1,70,,5747,4,,1,30,,5742,4,,1,70,,5746,4,,1,30,,5741,4,,1,70,,5716,4,,1,30,,5743,4,,1,68,,5745,4,,1,30,,5748,4,,1
3601,'36-Saturday-10000010',715,,5749,,,1,30,,5761,,,1,70,,5750,,,1,30,,5762,,,1,70,,5751,,,1,30,,5763,,,1,70,,5752,,,1,30,,5764,,,1,70,,5753,,,1,30,,5765,,,1,70,,5754,,,1,30,,5766,,,1,70,,5755,,,1,30,,5767,,,1,70,,5756,,,1,30,,5768,,,1,70,,5757,,,1,30,,5769,,,1,70,,5758,,,1,30,,5770,,,1,70,,5759,,,1,30,,5771,,,1,70,,5760,,,1,30,,5772,,,1,70,,5773,,,1
3601,'36-Sunday-10000001',815,,5774,,,1,30,,5775,,,1,70,,5776,,,1,30,,5777,,,1,70,,5778,,,1,35,,5779,,,1,70,,5780,,,1,30,,5781,,,1,70,,5782,,,1,30,,5783,,,1,70,,5784,,,1,30,,5785,,,1,70,,5786,,,1,30,,5787,,,1,70,,5788,,,1,30,,5789,,,1,70,,5790,,,1,30,,5791,,,1,70,,5792,,,1,25,,5793,,,1,70,,5794,,,1,30,,5795,,,1
3601,'36-Weekday-11111100',700,,5820,,,1,30,,5796,,,1,70,,5797,,,1,30,,5798,,,1,70,,5799,,,1,30,,5800,,,1,70,,5801,,,1,30,,5802,,,1,70,,5803,,,1,30,,5804,,,1,70,,5805,,,1,30,,5806,,,1,70,,5807,,,1,30,,5808,,,1,70,,5809,,,1,30,,5810,,,1,70,,5811,,,1,30,,5812,,,1,70,,5813,,,1,30,,5814,,,1,70,,5815,,,1,30,,5816,,,1,70,,5817,,,1,30,,5818,,,1,70,,5819,,,1,30,,5821,,,1,70,,5822,,,1,30,,5823,,,1,70,,5824,,,1,30,,5825,,,1,70,,5826,,,1,30,,5827,,,1
5700,'57-Saturday-10000010',700,,7061,,,1,100,,7049,,,1,100,,7050,,,1,100,,7051,,,1,100,,7052,,,1,100,,7053,,,1,100,,7054,,,1,100,,7055,,,1,100,,7056,,,1,100,,7057,,,1,100,,7058,,,1,100,,7059,,,1,100,,7060,,,1
5700,'57-Weekday-11111100',630,,7063,,,1,70,,7089,,,1,30,,7064,,,1,70,,7065,,,1,30,,7066,,,1,70,,7067,,,1,30,,7068,,,1,70,,7069,,,1,30,,7070,,,1,70,,7071,,,1,30,,7072,,,1,70,,7073,,,1,30,,7074,,,1,70,,7075,,,1,30,,7076,,,1,70,,7077,,,1,35,,7079,,,1,70,,7080,,,1,30,,7081,,,1,70,,7082,,,1,30,,7083,,,1,70,,7084,,,1,30,,7085,,,1,70,,7078,,,1,25,,7090,,,1,70,,7086,,,1,30,,7091,,,1,70,,7087,,,1,30,,7092,,,1,70,,7088,,,1,30,,7094,,,1,70,,7093,,,1,30,,7095,,,1
5701,'57-Saturday-10000010',753,,7104,4,,1,100,,7103,4,,1,101,,7097,4,,1,100,,7096,4,,1,100,,7101,4,,1,100,,7100,4,,1,100,,7099,4,,1,100,,7098,4,,1,100,,7102,4,,1,100,,7107,4,,1,100,,7106,4,,1,99,,7105,4,,1
5701,'57-Weekday-11111100',652,,7135,4,,1,74,,7108,4,,1,30,,7109,4,,1,70,,7110,4,,1,30,,7111,4,,1,70,,7112,4,,1,28,,7113,4,,1,70,,7114,4,,1,30,,7115,4,,1,70,,7116,4,,1,30,,7118,4,,1,70,,7117,4,,1,30,,7119,4,,1,70,,7120,4,,1,30,,7121,4,,1,70,,7122,4,,1,32,,7123,4,,1,70,,7125,4,,1,30,,7124,4,,1,70,,7126,4,,1,30,,7127,4,,1,70,,7128,4,,1,30,,7129,4,,1,67,,7130,4,,1,30,,7131,4,,1,70,,7136,4,,1,30,,7132,4,,1,70,,7137,4,,1,30,,7133,4,,1,70,,7139,4,,1,30,,7134,4,,1,70,,7138,4,,1
6100,'61-Holiday1-11111111',820,,7488,,,1,30,,7460,,,1,70,,7461,,,1,30,,7462,,,1,70,,7463,,,1,30,,7464,,,1,70,,7465,,,1,30,,7466,,,1,70,,7467,,,1,30,,7468,,,1,70,,7469,,,1,30,,7470,,,1,70,,7471,,,1,30,,7472,,,1,70,,7473,,,1,30,,7474,,,1,70,,7475,,,1,30,,7476,,,1,70,,7477,,,1,30,,7478,,,1,65,,7479,,,1,30,,7480,,,1,70,,7481,,,1,30,,7482,,,1,70,,7483,,,1,30,,7484,,,1,70,,7485,,,1,30,,7486,,,1,70,,7487,,,1
6100,'61-Saturday-10000010',720,,7513,,,1,30,,7514,,,1,70,,7515,,,1,30,,7516,,,1,70,,7517,,,1,30,,7518,,,1,70,,7520,,,1,30,,7519,,,1,70,,7499,,,1,30,,7500,,,1,70,,7501,,,1,30,,7502,,,1,70,,7503,,,1,30,,7504,,,1,70,,7505,,,1,30,,7506,,,1,70,,7507,,,1,30,,7508,,,1,70,,7509,,,1,30,,7510,,,1,70,,7511,,,1,30,,7512,,,1,70,,7490,,,1,30,,7491,,,1,70,,7492,,,1,30,,7493,,,1,70,,7494,,,1,30,,7495,,,1,70,,7496,,,1,30,,7521,,,1,70,,7497,,,1,30,,7498,,,1,70,,7522,,,1
6100,'61-Sunday-10000001',820,,7528,,,1,30,,7527,,,1,70,,7526,,,1,30,,7525,,,1,70,,7524,,,1,30,,7523,,,1,70,,7537,,,1,30,,7536,,,1,70,,7535,,,1,30,,7534,,,1,70,,7533,,,1,30,,7532,,,1,70,,7531,,,1,30,,7530,,,1,70,,7529,,,1,30,,7551,,,1,70,,7549,,,1,30,,7550,,,1,70,,7548,,,1,30,,7547,,,1,65,,7546,,,1,30,,7545,,,1,70,,7544,,,1,30,,7542,,,1,70,,7541,,,1,30,,7540,,,1,70,,7539,,,1,30,,7538,,,1,70,,7543,,,1
6100,'61-Weekday-11111100',620,,7564,,,1,30,,7565,,,1,70,,7572,,,1,15,,7586,,,1,15,,7573,,,1,55,,7587,,,1,15,,7569,,,1,15,,7588,,,1,15,,7566,,,1,55,,7589,,,1,15,,7568,,,1,15,,7590,,,1,15,,7567,,,1,55,,7591,,,1,15,,7574,,,1,15,,7592,,,1,15,,7552,,,1,55,,7593,,,1,15,,7575,,,1,15,,7594,,,1,15,,7576,,,1,55,,7595,,,1,15,,7553,,,1,15,,7596,,,1,15,,7554,,,1,55,,7597,,,1,15,,7555,,,1,15,,7598,,,1,15,,7614,,,1,55,,7599,,,1,15,,7556,,,1,15,,7600,,,1,15,,7557,,,1,55,,7601,,,1,15,,7558,,,1,15,,7602,,,1,15,,7559,,,1,55,,7603,,,1,15,,7560,,,1,15,,7604,,,1,15,,7561,,,1,55,,7605,,,1,15,,7562,,,1,15,,7606,,,1,15,,7563,,,1,55,,7607,,,1,15,,7571,,,1,15,,7608,,,1,15,,7570,,,1,55,,7609,,,1,15,,7584,,,1,15,,7613,,,1,15,,7583,,,1,55,,7610,,,1,15,,7582,,,1,15,,7611,,,1,15,,7581,,,1,55,,7612,,,1,15,,7580,,,1,15,,7615,,,1,15,,7616,,,1,55,,7617,,,1,15,,7579,,,1,30,,7578,,,1,70,,7577,,,1
6101,'61-Holiday1-11111111',840,,7618,4,,1,70,,7619,4,,1,30,,7620,4,,1,71,,7621,4,,1,34,,7622,4,,1,70,,7623,4,,1,30,,7624,4,,1,70,,7625,4,,1,30,,7626,4,,1,70,,7627,4,,1,30,,7628,4,,1,70,,7629,4,,1,30,,7630,4,,1,70,,7631,4,,1,30,,7632,4,,1,70,,7633,4,,1,30,,7634,4,,1,70,,7635,4,,1,30,,7636,4,,1,68,,7637,4,,1,27,,7638,4,,1,70,,7639,4,,1,30,,7640,4,,1,70,,7641,4,,1,30,,7642,4,,1,70,,7643,4,,1,30,,7644,4,,1,70,,7645,4,,1,30,,7646,4,,1
6101,'61-Saturday-10000010',715,,7670,4,,1,30,,7671,4,,1,70,,7672,4,,1,26,,7681,4,,1,4,,7673,4,,1,69,,7674,4,,1,29,,7675,4,,1,70,,7676,4,,1,30,,7677,4,,1,70,,7680,4,,1,30,,7678,4,,1,70,,7679,4,,1,30,,7650,4,,1,70,,7649,4,,1,30,,7651,4,,1,70,,7648,4,,1,30,,7652,4,,1,70,,7653,4,,1,30,,7654,4,,1,70,,7655,4,,1,30,,7656,4,,1,70,,7657,4,,1,30,,7669,4,,1,71,,7668,4,,1,31,,7667,4,,1,70,,7666,4,,1,30,,7665,4,,1,70,,7664,4,,1,30,,7663,4,,1,70,,7662,4,,1,30,,7661,4,,1,70,,7660,4,,1,30,,7659,4,,1,70,,7658,4,,1
6101,'61-Sunday-10000001',840,,7711,4,,1,70,,7710,4,,1,30,,7709,4,,1,71,,7708,4,,1,34,,7707,4,,1,70,,7706,4,,1,30,,7691,4,,1,70,,7692,4,,1,30,,7693,4,,1,70,,7694,4,,1,30,,7695,4,,1,70,,7696,4,,1,30,,7697,4,,1,70,,7698,4,,1,30,,7699,4,,1,70,,7700,4,,1,30,,7702,4,,1,70,,7703,4,,1,30,,7704,4,,1,68,,7701,4,,1,27,,7705,4,,1,70,,7685,4,,1,30,,7684,4,,1,70,,7690,4,,1,30,,7683,4,,1,70,,7689,4,,1,30,,7688,4,,1,70,,7686,4,,1,30,,7687,4,,1
6101,'61-Weekday-11111100',640,,7736,4,,1,70,,7742,4,,1,16,,7766,4,,1,15,,7743,4,,1,15,,7755,4,,1,55,,7744,4,,1,15,,7764,4,,1,15,,7745,4,,1,15,,7748,4,,1,55,,7746,4,,1,15,,7761,4,,1,15,,7747,4,,1,16,,7754,4,,1,55,,7739,4,,1,15,,7760,4,,1,15,,7740,4,,1,15,,7753,4,,1,55,,7741,4,,1,15,,7759,4,,1,15,,7738,4,,1,15,,7752,4,,1,55,,7737,4,,1,15,,7767,4,,1,15,,7714,4,,1,15,,7758,4,,1,55,,7715,4,,1,15,,7751,4,,1,15,,7716,4,,1,15,,7757,4,,1,55,,7717,4,,1,15,,7770,4,,1,17,,7718,4,,1,58,,7763,4,,1,15,,7719,4,,1,15,,7750,4,,1,15,,7720,4,,1,55,,7768,4,,1,15,,7721,4,,1,15,,7769,4,,1,15,,7722,4,,1,55,,7771,4,,1,15,,7723,4,,1,15,,7749,4,,1,15,,7724,4,,1,55,,7756,4,,1,14,,7725,4,,1,12,,7762,4,,1,15,,7726,4,,1,15,,7765,4,,1,55,,7727,4,,1,15,,7775,4,,1,15,,7728,4,,1,15,,7772,4,,1,55,,7729,4,,1,15,,7773,4,,1,15,,7730,4,,1,15,,7774,4,,1,55,,7731,4,,1,15,,7776,4,,1,15,,7777,4,,1,15,,7732,4,,1,55,,7733,4,,1,28,,7734,4,,1,70,,7735,4,,1
7600,'76-Weekday-11111100',645,,8284,,,1,70,,8285,,,1,30,,8286,,,1,70,,8287,,,1,30,,8288,,,1,70,,8289,,,1,30,,8290,,,1,470,,8291,,,1,30,,8292,,,1,70,,8293,,,1,30,,8294,,,1,70,,8295,,,1,30,,8296,,,1,70,,8297,,,1,30,,8298,,,1,70,,8299,,,1,30,,8300,,,1
7601,'76-Weekday-11111100',643,,8301,4,,1,70,,8302,4,,1,30,,8303,4,,1,70,,8304,4,,1,30,,8305,4,,1,70,,8306,4,,1,29,,8307,4,,1,70,,8308,4,,1,430,,8309,4,,1,71,,8310,4,,1,30,,8311,4,,1,70,,8312,4,,1,30,,8313,4,,1,70,,8314,4,,1,30,,8315,4,,1,70,,8316,4,,1,30,,8317,4,,1
20100,'201-Holiday1-10000001',645,,8409,,,1,70,,8410,,,1,30,,8411,,,1,70,,8412,,,1,30,,8413,,,1,70,,8414,,,1,30,,8415,,,1,70,,8416,,,1,30,,8408,,,1,70,,8417,,,1,30,,8418,,,1,70,,8419,,,1,30,,8420,,,1,70,,8421,,,1,30,,8422,,,1,70,,8423,,,1,30,,8424,,,1,70,,8425,,,1,30,,8426,,,1,70,,8427,,,1,30,,8428,,,1,70,,8429,,,1,30,,8430,,,1,70,,8431,,,1,30,,8432,,,1,70,,8433,,,1,30,,8434,,,1,70,,8435,,,1,30,,8436,,,1,70,,8437,,,1,30,,8438,,,1,70,,8439,,,1,30,,8440,,,1,70,,8441,,,1,30,,8442,,,1
20100,'201-Saturday-10000010',645,,8443,,,1,70,,8444,,,1,30,,8445,,,1,70,,8446,,,1,30,,8447,,,1,70,,8448,,,1,30,,8449,,,1,70,,8450,,,1,30,,8451,,,1,70,,8452,,,1,30,,8453,,,1,70,,8454,,,1,30,,8455,,,1,70,,8456,,,1,30,,8457,,,1,70,,8458,,,1,30,,8459,,,1,70,,8460,,,1,30,,8461,,,1,70,,8462,,,1,30,,8463,,,1,70,,8464,,,1,30,,8465,,,1,70,,8466,,,1,30,,8467,,,1,70,,8468,,,1,30,,8469,,,1,70,,8470,,,1,30,,8471,,,1,70,,8472,,,1,30,,8473,,,1,70,,8474,,,1,30,,8475,,,1,70,,8476,,,1,30,,8477,,,1
20100,'201-Sunday-10000001',645,,8480,,,1,70,,8481,,,1,30,,8482,,,1,70,,8483,,,1,30,,8484,,,1,70,,8485,,,1,30,,8486,,,1,70,,8487,,,1,30,,8479,,,1,70,,8488,,,1,30,,8489,,,1,70,,8490,,,1,30,,8491,,,1,70,,8492,,,1,30,,8493,,,1,70,,8494,,,1,30,,8495,,,1,70,,8496,,,1,30,,8497,,,1,70,,8498,,,1,30,,8499,,,1,70,,8500,,,1,30,,8501,,,1,70,,8502,,,1,30,,8503,,,1,70,,8504,,,1,30,,8505,,,1,70,,8506,,,1,30,,8507,,,1,70,,8508,,,1,30,,8509,,,1,70,,8510,,,1,30,,8511,,,1,70,,8512,,,1,30,,8513,,,1
20100,'201-Weekday-11111100',535,,8549,,,1,15,,8550,,,1,55,,8547,,,1,15,,8551,,,1,15,,8546,,,1,15,,8552,,,1,55,,8545,,,1,10,,8577,,,1,10,,8553,,,1,10,,8541,,,1,10,,8578,,,1,10,,8554,,,1,50,,8542,,,1,10,,8579,,,1,10,,8555,,,1,10,,8539,,,1,10,,8580,,,1,10,,8556,,,1,50,,8538,,,1,10,,8581,,,1,10,,8557,,,1,10,,8514,,,1,10,,8593,,,1,10,,8558,,,1,50,,8515,,,1,10,,8594,,,1,10,,8559,,,1,10,,8516,,,1,10,,8595,,,1,10,,8560,,,1,50,,8517,,,1,10,,8596,,,1,10,,8561,,,1,10,,8518,,,1,10,,8597,,,1,10,,8562,,,1,50,,8519,,,1,10,,8598,,,1,10,,8563,,,1,10,,8520,,,1,10,,8599,,,1,10,,8564,,,1,50,,8521,,,1,10,,8600,,,1,10,,8565,,,1,10,,8522,,,1,10,,8601,,,1,10,,8566,,,1,50,,8523,,,1,10,,8602,,,1,10,,8567,,,1,20,,8540,,,1,10,,8582,,,1,50,,8576,,,1,10,,8568,,,1,10,,8583,,,1,10,,8544,,,1,10,,8524,,,1,10,,8584,,,1,50,,8569,,,1,10,,8570,,,1,10,,8585,,,1,10,,8525,,,1,10,,8571,,,1,10,,8586,,,1,50,,8543,,,1,10,,8572,,,1,10,,8587,,,1,10,,8526,,,1,10,,8573,,,1,10,,8588,,,1,50,,8527,,,1,10,,8574,,,1,15,,8607,,,1,15,,8575,,,1,55,,8590,,,1,15,,8528,,,1,15,,8591,,,1,15,,8529,,,1,55,,8592,,,1,15,,8530,,,1,15,,8603,,,1,15,,8531,,,1,55,,8604,,,1,15,,8532,,,1,15,,8605,0,5 6,1,15,,8533,,,1,55,,8606,,,1,30,,8534,,,1,70,,8535,,,1,35,,8536,,,1,70,,8537,,,1
20101,'201-Holiday1-10000001',800,,8609,4,,1,30,,8610,4,,1,70,,8611,4,,1,30,,8612,4,,1,70,,8613,4,,1,32,,8614,4,,1,71,,8615,4,,1,30,,8616,4,,1,70,,8617,4,,1,30,,8618,4,,1,70,,8608,4,,1,30,,8619,4,,1,70,,8620,4,,1,30,,8621,4,,1,70,,8622,4,,1,30,,8623,4,,1,70,,8624,4,,1,30,,8625,4,,1,70,,8626,4,,1,30,,8627,4,,1,70,,8628,4,,1,28,,8629,4,,1,69,,8630,4,,1,30,,8631,4,,1,70,,8632,4,,1,30,,8633,4,,1,70,,8634,4,,1,30,,8635,4,,1,70,,8636,4,,1,30,,8637,4,,1,70,,8638,4,,1,30,,8639,4,,1,70,,8640,4,,1,30,,8641,4,,1,70,,8642,4,,1
20101,'201-Saturday-10000010',730,,8678,4,,1,70,,8643,4,,1,30,,8644,4,,1,70,,8645,4,,1,32,,8646,4,,1,72,,8647,4,,1,30,,8648,4,,1,70,,8649,4,,1,30,,8650,4,,1,70,,8651,4,,1,30,,8652,4,,1,70,,8653,4,,1,30,,8654,4,,1,70,,8655,4,,1,30,,8656,4,,1,70,,8657,4,,1,30,,8658,4,,1,70,,8659,4,,1,30,,8660,4,,1,70,,8661,4,,1,30,,8662,4,,1,69,,8663,4,,1,29,,8664,4,,1,68,,8665,4,,1,30,,8666,4,,1,70,,8667,4,,1,30,,8668,4,,1,70,,8669,4,,1,30,,8670,4,,1,70,,8671,4,,1,30,,8672,4,,1,70,,8673,4,,1,30,,8674,4,,1,70,,8675,4,,1,30,,8676,4,,1
20101,'201-Sunday-10000001',800,,8680,4,,1,30,,8681,4,,1,70,,8682,4,,1,30,,8683,4,,1,70,,8684,4,,1,32,,8685,4,,1,71,,8686,4,,1,30,,8687,4,,1,70,,8688,4,,1,30,,8689,4,,1,70,,8679,4,,1,30,,8690,4,,1,70,,8691,4,,1,30,,8692,4,,1,70,,8693,4,,1,30,,8694,4,,1,70,,8695,4,,1,30,,8696,4,,1,70,,8697,4,,1,30,,8698,4,,1,70,,8699,4,,1,28,,8700,4,,1,69,,8701,4,,1,30,,8702,4,,1,70,,8703,4,,1,30,,8704,4,,1,70,,8705,4,,1,30,,8706,4,,1,70,,8707,4,,1,30,,8708,4,,1,70,,8709,4,,1,30,,8710,4,,1,70,,8711,4,,1,30,,8712,4,,1,70,,8713,4,,1
20101,'201-Weekday-11111100',615,,8789,4,,1,30,,8790,4,,1,55,,8747,4,,1,15,,8750,4,,1,18,,8748,4,,1,7,,8788,4,,1,11,,8751,4,,1,7,,8787,4,,1,50,,8745,4,,1,10,,8752,4,,1,10,,8775,4,,1,10,,8744,4,,1,10,,8753,4,,1,10,,8776,4,,1,50,,8714,4,,1,10,,8754,4,,1,10,,8777,4,,1,10,,8749,4,,1,9,,8755,4,,1,10,,8778,4,,1,49,,8746,4,,1,10,,8756,4,,1,10,,8779,4,,1,12,,8715,4,,1,10,,8757,4,,1,10,,8792,4,,1,50,,8716,4,,1,10,,8758,4,,1,10,,8793,4,,1,10,,8717,4,,1,10,,8759,4,,1,10,,8794,4,,1,50,,8718,4,,1,10,,8760,4,,1,10,,8795,4,,1,10,,8719,4,,1,10,,8761,4,,1,10,,8796,4,,1,50,,8720,4,,1,10,,8762,4,,1,10,,8797,4,,1,10,,8721,4,,1,10,,8763,4,,1,10,,8798,4,,1,50,,8722,4,,1,10,,8764,4,,1,10,,8799,4,,1,10,,8723,4,,1,12,,8765,4,,1,50,,8800,4,,1,14,,8724,4,,1,11,,8801,4,,1,10,,8766,4,,1,10,,8725,4,,1,10,,8767,4,,1,50,,8780,4,,1,10,,8726,4,,1,10,,8768,4,,1,10,,8781,4,,1,10,,8727,4,,1,10,,8769,4,,1,50,,8782,4,,1,10,,8732,4,,1,10,,8770,4,,1,10,,8784,4,,1,10,,8728,4,,1,10,,8771,4,,1,50,,8783,4,,1,9,,8729,4,,1,9,,8772,4,,1,8,,8785,4,,1,8,,8730,4,,1,10,,8773,4,,1,9,,8786,4,,1,49,,8731,4,,1,15,,8733,4,,1,15,,8802,4,,1,15,,8734,4,,1,55,,8803,4,,1,15,,8735,4,,1,15,,8804,4,,1,15,,8736,4,,1,55,,8805,4,,1,15,,8737,4,,1,15,,8806,4,,1,15,,8738,4,,1,55,,8807,4,,1,14,,8739,4,,1,13,,8808,4,,1,13,,8740,4,,1,83,,8741,4,,1,70,,8742,4,,1,35,,8743,4,,1,70,,8791,4,,1
20300,'203-Weekday-11111100',644,,9207,4,,1,69,,9208,4,,1,33,,9209,4,,1,70,,9210,4,,1,30,,9238,4,,1,70,,9211,4,,1,31,,9235,4,,1,68,,9234,4,,1,30,,9239,4,,1,70,,9233,4,,1,30,,9232,4,,1,70,,9231,4,,1,30,,9240,4,,1,70,,9230,4,,1,30,,9229,4,,1,70,,9228,4,,1,30,,9227,4,,1,75,,9236,4,,1,30,,9212,4,,1,70,,9213,4,,1,30,,9214,4,,1,70,,9215,4,,1,30,,9216,4,,1,68,,9217,4,,1,23,,9218,4,,1,70,,9219,4,,1,30,,9220,4,,1,70,,9221,4,,1,30,,9222,4,,1,70,,9223,4,,1,30,,9224,4,,1,69,,9225,4,,1,30,,9226,4,,1,70,,9237,4,,1
20301,'203-Weekday-11111100',620,,9291,,,1,30,,9292,,,1,75,,9293,,,1,30,,9294,,,1,70,,9295,,,1,30,,9296,,,1,70,,9297,,,1,30,,9306,,,1,70,,9307,,,1,30,,9308,,,1,70,,9309,,,1,30,,9310,,,1,70,,9311,,,1,30,,9312,,,1,70,,9313,,,1,30,,9314,,,1,70,,9315,,,1,30,,9316,,,1,70,,9317,,,1,30,,9318,,,1,70,,9319,,,1,30,,9320,,,1,70,,9321,,,1,30,,9322,,,1,70,,9323,,,1,30,,9305,,,1,70,,9298,,,1,30,,9299,,,1,70,,9300,,,1,30,,9301,,,1,70,,9302,,,1,30,,9303,,,1,65,,9304,,,1,30,,9324,,,1
