601,'6-Holiday1',802,,937,,,1,99,,921,,,1,100,,922,,,1,101,,923,,,1,100,,924,,,1,100,,925,,,1,100,,926,,,1,100,,927,,,1,100,,928,,,1,100,,929,,,1,100,,930,,,1,99,,931,,,1,100,,932,,,1,100,,933,,,1,100,,934,,,1,100,,935,,,1,100,,936,,,1
601,'6-Saturday',611,,974,,,1,30,,938,,,1,70,,939,,,1,30,,940,,,1,70,,941,,,1,30,,942,,,1,70,,943,,,1,31,,944,,,1,70,,945,,,1,30,,946,,,1,70,,947,,,1,30,,948,,,1,70,,949,,,1,30,,950,,,1,70,,951,,,1,30,,952,,,1,70,,953,,,1,30,,954,,,1,70,,955,,,1,30,,956,,,1,70,,957,,,1,30,,958,,,1,70,,959,,,1,30,,960,,,1,70,,961,,,1,29,,962,,,1,70,,963,,,1,30,,964,,,1,70,,965,,,1,30,,966,,,1,70,,967,,,1,30,,968,,,1,70,,969,,,1,30,,970,,,1,70,,971,,,1,30,,972,,,1,70,,973,,,1
601,'6-Sunday',802,,1007,,,1,29,,975,,,1,70,,976,,,1,30,,977,,,1,70,,978,,,1,31,,979,,,1,70,,980,,,1,30,,981,,,1,70,,982,,,1,30,,983,,,1,70,,984,,,1,30,,985,,,1,70,,986,,,1,30,,987,,,1,70,,988,,,1,30,,989,,,1,70,,990,,,1,30,,991,,,1,70,,992,,,1,30,,993,,,1,70,,994,,,1,29,,995,,,1,70,,996,,,1,30,,997,,,1,70,,998,,,1,30,,999,,,1,70,,1000,,,1,30,,1001,,,1,70,,1002,,,1,30,,1003,,,1,70,,1004,,,1,30,,1005,,,1,70,,1006,,,1
601,'6-Weekday',515,,1046,,,1,30,,1044,,,1,70,,1008,,,1,30,,1009,,,1,72,,1010,,,1,31,,1011,,,1,70,,1012,,,1,30,,1013,,,1,70,,1014,,,1,30,,1015,,,1,70,,1016,,,1,30,,1017,,,1,70,,1018,,,1,30,,1019,,,1,70,,1020,,,1,30,,1021,,,1,70,,1022,,,1,30,,1023,,,1,70,,1024,,,1,32,,1025,,,1,67,,1047,,,1,20,,1026,,,1,70,,1027,,,1,30,,1028,,,1,70,,1029,,,1,30,,1030,,,1,69,,1031,,,1,25,,1032,,,1,15,,1033,,,1,70,,1034,,,1,30,,1035,,,1,70,,1036,,,1,30,,1037,,,1,70,,1038,,,1,30,,1039,,,1,70,,1040,,,1,29,,1041,,,1,70,,1042,,,1,25,,1043,,,1,70,,1045,,,1
801,'8-Holiday1',726,,1738,,,1,29,,1737,,,1,71,,1705,,,1,30,,1706,,,1,70,,1707,,,1,30,,1708,,,1,74,,1709,,,1,70,,1710,,,1,30,,1711,,,1,70,,1712,,,1,30,,1713,,,1,70,,1714,,,1,30,,1715,,,1,70,,1716,,,1,30,,1717,,,1,70,,1718,,,1,30,,1719,,,1,70,,1720,,,1,30,,1721,,,1,70,,1722,,,1,30,,1723,,,1,70,,1724,,,1,26,,1725,,,1,30,,1726,,,1,70,,1727,,,1,30,,1728,,,1,70,,1729,,,1,30,,1730,,,1,70,,1731,,,1,30,,1732,,,1,70,,1733,,,1,30,,1734,,,1,70,,1735,,,1,30,,1736,,,1
801,'8-Saturday',627,,1773,,,1,30,,1774,,,1,69,,1739,,,1,30,,1740,,,1,70,,1741,,,1,30,,1742,,,1,73,,1743,,,1,71,,1744,,,1,30,,1745,,,1,70,,1746,,,1,30,,1747,,,1,70,,1748,,,1,30,,1749,,,1,70,,1750,,,1,30,,1751,,,1,70,,1752,,,1,30,,1753,,,1,70,,1754,,,1,30,,1755,,,1,70,,1756,,,1,30,,1757,,,1,70,,1758,,,1,30,,1759,,,1,70,,1760,,,1,28,,1761,,,1,30,,1762,,,1,70,,1763,,,1,30,,1764,,,1,70,,1765,,,1,30,,1766,,,1,70,,1767,,,1,30,,1768,,,1,68,,1769,,,1,30,,1770,,,1,70,,1771,,,1,30,,1772,,,1
801,'8-Sunday',726,,1808,,,1,29,,1807,,,1,71,,1775,,,1,30,,1776,,,1,70,,1777,,,1,30,,1778,,,1,74,,1779,,,1,70,,1780,,,1,30,,1781,,,1,70,,1782,,,1,30,,1783,,,1,70,,1784,,,1,30,,1785,,,1,70,,1786,,,1,30,,1787,,,1,70,,1788,,,1,30,,1789,,,1,70,,1790,,,1,30,,1791,,,1,70,,1792,,,1,30,,1793,,,1,70,,1794,,,1,26,,1795,,,1,30,,1796,,,1,70,,1797,,,1,30,,1798,,,1,70,,1799,,,1,30,,1800,,,1,70,,1801,,,1,30,,1802,,,1,70,,1803,,,1,30,,1804,,,1,70,,1805,,,1,30,,1806,,,1
801,'8-Weekday',538,,1862,,,1,70,,1861,,,1,20,,1809,,,1,10,,1857,,,1,18,,1810,,,1,58,,1811,,,1,4,,1812,,,1,13,,1813,,,1,18,,1814,,,1,55,,1815,,,1,15,,1816,,,1,15,,1817,,,1,15,,1818,,,1,55,,1819,,,1,15,,1820,,,1,15,,1821,,,1,15,,1822,,,1,54,,1864,,,1,14,,1823,,,1,14,,1824,,,1,15,,1866,,,1,55,,1825,,,1,15,,1867,,,1,15,,1826,,,1,15,,1868,,,1,55,,1827,,,1,15,,1869,,,1,15,,1828,,,1,15,,1870,,,1,55,,1829,,,1,15,,1871,,,1,15,,1830,,,1,15,,1872,,,1,55,,1831,,,1,15,,1873,,,1,15,,1832,,,1,17,,1833,,,1,55,,1858,,,1,16,,1834,,,1,17,,1859,,,1,15,,1835,,,1,55,,1836,,,1,15,,1837,,,1,15,,1838,,,1,15,,1839,,,1,55,,1840,,,1,15,,1841,,,1,15,,1842,,,1,15,,1843,,,1,54,,1844,,,1,14,,1845,,,1,14,,1865,,,1,14,,1874,,,1,54,,1846,,,1,15,,1875,,,1,15,,1847,,,1,15,,1876,,,1,55,,1848,,,1,15,,1877,,,1,15,,1849,,,1,15,,1878,,,1,55,,1850,,,1,15,,1879,,,1,15,,1851,,,1,70,,1852,,,1,28,,1853,,,1,26,,1854,,,1,70,,1855,,,1,30,,1856,,,1
2001,'20-Holiday1',807,,3883,,,1,30,,3884,,,1,70,,3885,,,1,30,,3886,,,1,70,,3887,,,1,31,,3888,,,1,70,,3889,,,1,30,,3890,,,1,70,,3891,,,1,30,,3892,,,1,70,,3893,,,1,30,,3894,,,1,70,,3895,,,1,30,,3896,,,1,70,,3897,,,1,30,,3898,,,1,70,,3899,,,1,30,,3900,,,1,70,,3901,,,1,30,,3902,,,1,70,,3903,,,1,29,,3904,,,1,70,,3905,,,1,30,,3906,,,1,70,,3907,,,1,30,,3908,,,1,70,,3909,,,1,30,,3910,,,1,70,,3911,,,1,30,,3912,,,1,70,,3913,,,1,30,,3914,,,1
2001,'20-Saturday',642,,3915,,,1,70,,3916,,,1,30,,3917,,,1,70,,3918,,,1,30,,3919,,,1,72,,3920,,,1,30,,3921,,,1,70,,3922,,,1,30,,3923,,,1,70,,3924,,,1,30,,3925,,,1,70,,3926,,,1,30,,3927,,,1,70,,3928,,,1,30,,3929,,,1,70,,3930,,,1,30,,3931,,,1,70,,3932,,,1,30,,3933,,,1,70,,3934,,,1,30,,3935,,,1,70,,3936,,,1,30,,3937,,,1,68,,3938,,,1,30,,3939,,,1,70,,3940,,,1,30,,3941,,,1,70,,3942,,,1,30,,3943,,,1,70,,3944,,,1,30,,3945,,,1,70,,3946,,,1,30,,3947,,,1,70,,3948,,,1,30,,3949,,,1,70,,3950,,,1
2001,'20-Sunday',802,,3951,,,1,30,,3952,,,1,70,,3953,,,1,30,,3954,,,1,70,,3955,,,1,31,,3956,,,1,70,,3957,,,1,30,,3958,,,1,70,,3959,,,1,30,,3960,,,1,70,,3961,,,1,30,,3962,,,1,70,,3963,,,1,30,,3964,,,1,70,,3965,,,1,30,,3966,,,1,70,,3967,,,1,30,,3968,,,1,70,,3969,,,1,30,,3970,,,1,70,,3971,,,1,29,,3972,,,1,70,,3973,,,1,30,,3974,,,1,70,,3975,,,1,30,,3976,,,1,70,,3977,,,1,30,,3978,,,1,70,,3979,,,1,30,,3980,,,1,70,,3981,,,1,30,,3982,,,1
2001,'20-Weekday',609,,3983,,,1,30,,3984,,,1,72,,3985,,,1,14,,3986,,,1,30,,3987,,,1,70,,3988,,,1,30,,3989,,,1,70,,3990,,,1,31,,3991,,,1,70,,3992,,,1,30,,4018,,,1,70,,3993,,,1,30,,3994,,,1,70,,3995,,,1,30,,3996,,,1,70,,3997,,,1,30,,3998,,,1,70,,3999,,,1,31,,4000,,,1,60,,4001,,,1,30,,4002,,,1,70,,4003,,,1,30,,4004,,,1,70,,4005,,,1,30,,4006,,,1,69,,4007,,,1,39,,4020,,,1,70,,4008,,,1,30,,4019,,,1,70,,4009,,,1,30,,4010,,,1,70,,4011,,,1,30,,4012,,,1,67,,4013,,,1,20,,4014,,,1,70,,4015,,,1,30,,4016,,,1,70,,4017,,,1
3401,'34-Weekday',726,,5633,4,,1,30,,5632,4,,1,70,,5636,4,,1,30,,5635,4,,1,70,,5634,4,,1,600,,5642,4,,1,30,,5641,4,,1,70,,5640,4,,1,30,,5639,4,,1,70,,5638,4,,1,30,,5637,4,,1,568,,5643,4,,1
3501,'35-Weekday',726,,5656,,,1,30,,5657,,,1,70,,5658,,,1,30,,5659,,,1,70,,5660,,,1,531,,5661,,,1,70,,5662,,,1,30,,5663,,,1,70,,5664,,,1,30,,5665,,,1,70,,5666,,,1,30,,5667,,,1,567,,5668,,,1
20401,'204-Holiday1',739,,9490,,,1,70,,9491,,,1,30,,9492,,,1,70,,9493,,,1,30,,9494,,,1,70,,9489,,,1,30,,9495,,,1,70,,9496,,,1,30,,9497,,,1,70,,9498,,,1,30,,9499,,,1,70,,9500,,,1,30,,9501,,,1,70,,9502,,,1,30,,9503,,,1,70,,9504,,,1,30,,9505,,,1,70,,9506,,,1,30,,9507,,,1,70,,9508,,,1,30,,9509,,,1,70,,9510,,,1,30,,9511,,,1,70,,9512,,,1,30,,9513,,,1,70,,9514,,,1,30,,9515,,,1,70,,9516,,,1,30,,9517,,,1,70,,9518,,,1,30,,9519,,,1,70,,9520,,,1,30,,9521,,,1
20401,'204-Saturday',639,,9556,,,1,70,,9522,,,1,30,,9523,,,1,70,,9524,,,1,30,,9525,,,1,70,,9526,,,1,30,,9527,,,1,70,,9555,,,1,30,,9528,,,1,70,,9529,,,1,30,,9530,,,1,70,,9531,,,1,30,,9532,,,1,70,,9533,,,1,30,,9534,,,1,70,,9535,,,1,30,,9536,,,1,70,,9537,,,1,30,,9538,,,1,70,,9539,,,1,30,,9540,,,1,70,,9541,,,1,30,,9542,,,1,70,,9543,,,1,30,,9544,,,1,70,,9545,,,1,30,,9546,,,1,70,,9547,,,1,30,,9548,,,1,70,,9549,,,1,30,,9550,,,1,70,,9551,,,1,30,,9552,,,1,70,,9553,,,1,30,,9554,,,1
20401,'204-Sunday',737,,9558,,,1,70,,9559,,,1,30,,9560,,,1,70,,9561,,,1,30,,9562,,,1,70,,9557,,,1,34,,9563,,,1,70,,9564,,,1,30,,9565,,,1,70,,9566,,,1,30,,9567,,,1,70,,9568,,,1,30,,9569,,,1,70,,9570,,,1,30,,9571,,,1,70,,9572,,,1,30,,9573,,,1,70,,9574,,,1,30,,9575,,,1,70,,9576,,,1,30,,9577,,,1,70,,9578,,,1,27,,9579,,,1,70,,9580,,,1,30,,9581,,,1,70,,9582,,,1,30,,9583,,,1,70,,9584,,,1,30,,9585,,,1,70,,9586,,,1,30,,9587,,,1,70,,9588,,,1,30,,9589,,,1
20401,'204-Weekday',605,,9647,,,1,31,,9641,,,1,70,,9590,,,1,16,,9648,,,1,15,,9642,,,1,15,,9591,,,1,55,,9643,,,1,15,,9592,,,1,15,,9593,,,1,15,,9594,,,1,55,,9595,,,1,15,,9596,,,1,15,,9597,,,1,15,,9598,,,1,59,,9599,,,1,15,,9600,,,1,15,,9601,,,1,15,,9602,,,1,55,,9603,,,1,15,,9604,,,1,15,,9605,,,1,15,,9606,,,1,55,,9607,,,1,15,,9608,,,1,15,,9609,,,1,15,,9610,,,1,55,,9611,,,1,15,,9612,,,1,15,,9613,,,1,15,,9614,,,1,55,,9615,,,1,15,,9616,,,1,16,,9617,,,1,16,,9618,,,1,50,,9646,,,1,13,,9619,,,1,20,,9620,,,1,15,,9621,,,1,55,,9622,,,1,15,,9623,,,1,15,,9624,,,1,15,,9625,,,1,55,,9626,,,1,15,,9627,,,1,15,,9645,,,1,15,,9628,,,1,54,,9629,,,1,14,,9630,,,1,13,,9649,4,,1,14,,9644,,,1,50,,9631,,,1,40,,9632,,,1,70,,9633,,,1,30,,9634,,,1,70,,9635,,,1,30,,9636,,,1,69,,9637,,,1,28,,9638,,,1,70,,9639,,,1,30,,9640,,,1
