6000,'60-Saturday-10000010',703,,28954,4,,,1,30,,28955,4,,,1,70,,28956,4,,,1,30,,28957,4,,,1,70,,28958,4,,,1,30,,28959,4,,,1,70,,28960,4,,,1,30,,28961,4,,,1,70,,28962,4,,,1,30,,28963,4,,,1,70,,28964,4,,,1,30,,28965,4,,,1,70,,28966,4,,,1,30,,28967,4,,,1,70,,28968,4,,,1,30,,28969,4,,,1,70,,28970,4,,,1,30,,28971,4,,,1,70,,28972,4,,,1,30,,28973,4,,,1,70,,28974,4,,,1,30,,28975,4,,,1,70,,28976,4,,,1,30,,28977,4,,,1
6000,'60-Weekday-11111100',604,,29009,4,,,1,30,,29008,4,,,1,70,,29007,4,,,1,30,,29006,4,,,1,70,,29005,4,,,1,30,,29004,4,,,1,70,,29003,4,,,1,30,,29002,4,,,1,70,,29001,4,,,1,30,,29000,4,,,1,70,,28999,4,,,1,30,,28998,4,,,1,70,,28997,4,,,1,30,,28996,4,,,1,70,,28995,4,,,1,30,,28994,4,,,1,70,,28978,4,,,1,31,,28993,4,,,1,20,,28991,4,,,1,70,,28992,4,,,1,30,,28990,4,,,1,70,,28989,4,,,1,30,,28988,4,,,1,70,,28987,4,,,1,30,,28986,4,,,1,79,,28985,4,,,1,70,,28984,4,,,1,30,,28983,4,,,1,70,,28982,4,,,1,30,,28981,4,,,1,70,,28980,4,,,1,30,,28979,4,,,1
6500,'65-Holiday1-10000001',848,,29587,6,,,1,85,,29588,6,,,1,86,,29589,6,,,1,85,,29590,6,,,1,45,,29591,6,,,1,85,,29592,6,,,1,85,,29593,6,,,1,85,,29594,6,,,1,45,,29595,6,,,1,85,,29596,6,,,1,85,,29597,6,,,1,85,,29598,6,,,1,45,,29599,6,,,1,85,,29600,6,,,1,85,,29601,6,,,1,85,,29602,6,,,1,45,,29603,6,,,1,85,,29604,6,,,1
6500,'65-Saturday-10000010',718,,29605,6,,,1,30,,29606,6,,,1,70,,29607,6,,,1,30,,29608,6,,,1,72,,29609,6,,,1,30,,29610,6,,,1,70,,29611,6,,,1,30,,29612,6,,,1,70,,29613,6,,,1,30,,29614,6,,,1,70,,29615,6,,,1,30,,29616,6,,,1,70,,29617,6,,,1,30,,29618,6,,,1,70,,29619,6,,,1,30,,29620,6,,,1,70,,29621,6,,,1,30,,29622,6,,,1,70,,29623,6,,,1,30,,29624,6,,,1,70,,29625,6,,,1,30,,29626,6,,,1,69,,29627,6,,,1,85,,29628,6,,,1,45,,29629,6,,,1,85,,29630,6,,,1,85,,29631,6,,,1,85,,29632,6,,,1,45,,29633,6,,,1,85,,29634,6,,,1
6500,'65-Sunday-10000001',848,,29635,6,,,1,70,,29667,6,,,1,30,,29636,6,,,1,71,,29637,6,,,1,30,,29638,6,,,1,70,,29639,6,,,1,30,,29640,6,,,1,70,,29641,6,,,1,30,,29642,6,,,1,70,,29643,6,,,1,30,,29644,6,,,1,70,,29645,6,,,1,30,,29646,6,,,1,70,,29647,6,,,1,30,,29648,6,,,1,70,,29649,6,,,1,30,,29650,6,,,1,70,,29651,6,,,1,30,,29652,6,,,1,70,,29653,6,,,1,85,,29654,6,,,1,45,,29655,6,,,1,85,,29656,6,,,1,85,,29657,6,,,1,85,,29658,6,,,1
6500,'65-Weekday-11111100',618,,29668,6,,,1,30,,29669,6,,,1,72,,29670,6,,,1,30,,29671,6,,,1,70,,29672,6,,,1,30,,29673,6,,,1,70,,29674,6,,,1,30,,29675,6,,,1,70,,29676,6,,,1,30,,29677,6,,,1,70,,29678,6,,,1,30,,29679,6,,,1,70,,29680,6,,,1,30,,29681,6,,,1,70,,29682,6,,,1,30,,29683,6,,,1,75,,29684,6,,,1,31,,29685,6,,,1,70,,29686,6,,,1,30,,29687,6,,,1,70,,29688,6,,,1,30,,29689,6,,,1,70,,29690,6,,,1,30,,29691,6,,,1,63,,29692,6,,,1,30,,29693,6,,,1,70,,29694,6,,,1,30,,29695,6,,,1,70,,29696,6,,,1,30,,29697,6,,,1,70,,29698,6,,,1,30,,29699,6,,,1,69,,29700,6,,,1,30,,29701,6,,,1,70,,29702,6,,,1,30,,29703,6,,,1
20300,'203-Holiday1-10000001',904,,30692,4,0,6 7,1,100,,30693,4,0,6 7,1,100,,30694,4,0,6 7,1,100,,30695,4,0,6 7,1,100,,30696,4,0,6 7,1,100,,30697,4,0,6 7,1,100,,30698,4,0,6 7,1,100,,30699,4,0,6 7,1,100,,30700,4,0,6 7,1,100,,30701,4,0,6 7,1,100,,30702,4,0,6 7,1,100,,30703,4,0,6 7,1,100,,30704,4,0,6 7,1
20300,'203-Saturday-10000010',634,,30705,4,0,6 7,1,100,,30706,4,0,6 7,1,100,,30707,4,0,6 7,1,100,,30708,4,0,6 7,1,70,,30709,4,0,6 7,1,30,,30710,4,0,6 7,1,70,,30711,4,0,6 7,1,30,,30712,4,0,6 7,1,70,,30713,4,0,6 7,1,30,,30714,4,0,6 7,1,70,,30715,4,0,6 7,1,30,,30716,4,0,6 7,1,70,,30717,4,0,6 7,1,30,,30718,4,0,6 7,1,70,,30719,4,0,6 7,1,30,,30720,4,0,6 7,1,70,,30721,4,0,6 7,1,30,,30722,4,0,6 7,1,70,,30723,4,0,6 7,1,30,,30724,4,0,6 7,1,70,,30725,4,0,6 7,1,100,,30726,4,0,6 7,1,100,,30727,4,0,6 7,1,100,,30728,4,0,6 7,1
20300,'203-Sunday-10000001',904,,30729,4,0,6 7,1,100,,30730,4,0,6 7,1,100,,30731,4,0,6 7,1,100,,30732,4,0,6 7,1,100,,30733,4,0,6 7,1,100,,30734,4,0,6 7,1,100,,30735,4,0,6 7,1,100,,30736,4,0,6 7,1,100,,30737,4,0,6 7,1,100,,30738,4,0,6 7,1,100,,30739,4,0,6 7,1,100,,30740,4,0,6 7,1,100,,30741,4,0,6 7,1
20300,'203-Weekday-11111100',604,,30742,4,,,1,30,,30743,4,,,1,70,,30744,4,,,1,30,,30745,4,,,1,70,,30773,4,,,1,30,,30746,4,,,1,70,,30770,4,,,1,30,,30769,4,0,6 7,1,70,,30774,4,0,6 7,1,30,,30768,4,0,6 7,1,70,,30767,4,0,6 7,1,30,,30766,4,0,6 7,1,70,,30775,4,0,6 7,1,30,,30765,4,0,6 7,1,70,,30764,4,0,6 7,1,30,,30763,4,0,6 7,1,70,,30762,4,0,6 7,1,31,,30771,4,,,1,70,,30747,4,,,1,30,,30748,4,,,1,70,,30749,4,,,1,30,,30750,4,,,1,70,,30751,4,,,1,30,,30752,4,,,1,69,,30753,4,0,6 7,1,30,,30754,4,0,6 7,1,70,,30755,4,0,6 7,1,30,,30756,4,0,6 7,1,70,,30757,4,0,6 7,1,30,,30758,4,0,6 7,1,70,,30759,4,0,6 7,1,30,,30760,4,0,6 7,1,70,,30761,4,0,6 7,1,30,,30772,4,0,6 7,1
