401,'4-Saturday-1-2026_1-0000010',635,,537,,,1,70,,538,,,1,30,,539,,,1,70,,540,,,1,30,,541,,,1,70,,542,,,1,31,,543,,,1,70,,544,,,1,30,,545,,,1,70,,546,,,1,30,,547,,,1,70,,548,,,1,30,,549,,,1,70,,550,,,1,30,,551,,,1,70,,552,,,1,30,,553,,,1,70,,554,,,1,30,,555,,,1,70,,556,,,1,30,,557,,,1,70,,558,,,1,30,,559,,,1,70,,560,,,1,29,,561,,,1,70,,562,,,1,30,,563,,,1,70,,564,,,1,30,,565,,,1,70,,566,,,1,100,,567,,,1,100,,568,,,1
401,'4-Sunday-1-2026_1-0000001',905,,569,,,1,100,,570,,,1,30,,571,,,1,70,,572,,,1,30,,573,,,1,70,,574,,,1,30,,575,,,1,70,,576,,,1,30,,577,,,1,70,,578,,,1,30,,579,,,1,70,,580,,,1,30,,581,,,1,70,,582,,,1,30,,583,,,1,70,,584,,,1,30,,585,,,1,70,,586,,,1,30,,594,,,1,70,,587,,,1,30,,592,,,1,70,,588,,,1,30,,593,,,1,70,,589,,,1,100,,590,,,1,100,,591,,,1
401,'4-Weekday-1-2026_1-1111100',606,,627,,,1,29,,610,,,1,71,,611,,,1,35,,612,,,1,70,,613,,,1,30,,614,,,1,70,,615,,,1,29,,616,,,1,68,,617,,,1,30,,618,,,1,70,,619,,,1,30,,621,,,1,70,,620,,,1,30,,622,,,1,70,,623,,,1,30,,624,,,1,70,,625,,,1,31,,626,,,1,83,,602,,,1,30,,603,,,1,70,,604,,,1,30,,605,,,1,70,,606,,,1,30,,607,,,1,67,,608,,,1,28,,609,,,1,60,,596,,,1,30,,597,,,1,70,,598,,,1,30,,628,,,1,70,,599,,,1,30,,629,,,1,69,,600,,,1,26,,630,,,1,70,,601,,,1,30,,631,,,1,70,,595,,,1
701,'7-Holiday1-1-2026_1-0000001',829,,1293,,,1,30,,1294,,,1,70,,1296,,,1,30,,1297,,,1,70,,1298,,,1,30,,1299,,,1,70,,1300,,,1,30,,1301,,,1,70,,1302,,,1,30,,1303,,,1,70,,1304,,,1,30,,1305,,,1,70,,1306,,,1,30,,1307,,,1,70,,1308,,,1,30,,1309,,,1,70,,1310,,,1,30,,1311,,,1,70,,1312,,,1,30,,1313,,,1,70,,1314,,,1,30,,1315,,,1,70,,1316,,,1,30,,1317,,,1,70,,1318,,,1,30,,1319,,,1,70,,1320,,,1,30,,1291,,,1,70,,1289,,,1,30,,1292,,,1,70,,1290,,,1,30,,1295,,,1
701,'7-Saturday-1-2026_1-0000010',629,,1324,,,1,30,,1326,,,1,70,,1328,,,1,15,,1329,,,1,15,,1330,,,1,55,,1331,,,1,15,,1332,,,1,15,,1333,,,1,15,,1334,,,1,63,,1335,,,1,15,,1336,,,1,15,,1337,,,1,55,,1338,,,1,15,,1339,,,1,15,,1340,,,1,15,,1341,,,1,55,,1342,,,1,15,,1343,,,1,15,,1344,,,1,15,,1345,,,1,55,,1346,,,1,15,,1347,,,1,15,,1348,,,1,15,,1349,,,1,55,,1350,,,1,15,,1351,,,1,15,,1352,,,1,15,,1353,,,1,55,,1354,,,1,15,,1355,,,1,15,,1356,,,1,15,,1357,,,1,55,,1358,,,1,15,,1359,,,1,15,,1360,,,1,15,,1361,,,1,55,,1362,,,1,15,,1363,,,1,15,,1364,,,1,15,,1365,,,1,55,,1366,,,1,15,,1367,,,1,15,,1368,,,1,15,,1369,,,1,53,,1370,,,1,14,,1371,,,1,10,,1372,,,1,15,,1373,,,1,15,,1374,,,1,55,,1375,,,1,15,,1376,,,1,15,,1377,,,1,15,,1378,,,1,55,,1379,,,1,15,,1380,,,1,15,,1381,,,1,15,,1382,,,1,55,,1383,,,1,15,,1384,,,1,15,,1385,,,1,15,,1386,,,1,55,,1387,,,1,15,,1388,,,1,15,,1389,,,1,15,,1390,,,1,55,,1325,,,1,15,,1322,,,1,15,,1327,,,1,15,,1323,,,1,56,,1391,0,28 6,1
701,'7-Sunday-1-2026_1-0000001',830,,1396,,,1,70,,1398,,,1,15,,1454,,,1,20,,1399,,,1,15,,1400,,,1,56,,1401,,,1,17,,1402,,,1,15,,1403,,,1,15,,1404,,,1,55,,1405,,,1,15,,1406,,,1,15,,1407,,,1,15,,1408,,,1,55,,1409,,,1,15,,1410,,,1,15,,1411,,,1,15,,1412,,,1,55,,1413,,,1,15,,1414,,,1,15,,1415,,,1,15,,1416,,,1,55,,1417,,,1,15,,1418,,,1,15,,1419,,,1,15,,1420,,,1,55,,1421,,,1,15,,1422,,,1,15,,1423,,,1,15,,1424,,,1,55,,1425,,,1,15,,1426,,,1,15,,1427,,,1,15,,1428,,,1,55,,1429,,,1,15,,1430,,,1,15,,1431,,,1,15,,1432,,,1,54,,1433,,,1,13,,1434,,,1,10,,1435,,,1,15,,1436,,,1,55,,1437,,,1,15,,1438,,,1,15,,1439,,,1,15,,1440,,,1,55,,1441,,,1,15,,1442,,,1,15,,1443,,,1,15,,1444,,,1,55,,1445,,,1,15,,1446,,,1,15,,1447,,,1,15,,1448,,,1,55,,1394,,,1,15,,1397,,,1,15,,1392,,,1,15,,1449,,,1,55,,1395,,,1,15,,1450,,,1,15,,1393,,,1,15,,1451,,,1,70,,1452,0,28 6,1
701,'7-Weekday-1-2026_1-1111100',559,,1527,,,1,55,,1456,,,1,15,,1457,,,1,15,,1458,,,1,15,,1529,,,1,65,,1459,,,1,15,,1460,,,1,15,,1461,,,1,55,,1462,,,1,15,,1463,,,1,15,,1464,,,1,15,,1465,,,1,55,,1466,,,1,15,,1467,,,1,15,,1468,,,1,16,,1469,,,1,55,,1470,,,1,15,,1471,,,1,15,,1472,,,1,15,,1473,,,1,55,,1474,,,1,15,,1475,,,1,15,,1476,,,1,15,,1477,,,1,55,,1478,,,1,15,,1479,,,1,15,,1480,,,1,15,,1481,,,1,55,,1482,,,1,15,,1483,,,1,15,,1484,,,1,15,,1485,,,1,55,,1486,,,1,15,,1487,,,1,16,,1488,,,1,61,,1489,,,1,20,,1490,,,1,15,,1491,,,1,15,,1492,,,1,55,,1493,,,1,15,,1494,,,1,15,,1495,,,1,15,,1496,,,1,55,,1497,,,1,15,,1498,,,1,15,,1499,,,1,15,,1500,,,1,54,,1501,,,1,12,,1502,,,1,20,,1503,,,1,15,,1504,,,1,55,,1505,,,1,15,,1506,,,1,15,,1507,,,1,15,,1508,,,1,55,,1509,,,1,15,,1510,,,1,15,,1511,,,1,15,,1512,,,1,55,,1513,,,1,15,,1514,,,1,15,,1515,,,1,15,,1516,,,1,55,,1517,,,1,8,,1518,,,1,15,,1519,,,1,15,,1520,,,1,55,,1521,,,1,15,,1522,,,1,15,,1523,,,1,15,,1524,,,1,55,,1525,,,1,15,,1528,0,28 6,1
1601,'16-Holiday1-1-2026_1-0000001',822,,3285,,,1,100,,3286,,,1,103,,3287,,,1,100,,3288,,,1,100,,3289,,,1,100,,3290,,,1,100,,3291,,,1,100,,3292,,,1,100,,3293,,,1,100,,3294,,,1,98,,3295,,,1,101,,3296,,,1,100,,3297,,,1,100,,3298,,,1,100,,3299,,,1,100,,3300,,,1
1601,'16-Saturday-1-2026_1-0000010',654,,3302,,,1,70,,3303,,,1,30,,3304,,,1,70,,3305,,,1,30,,3306,,,1,73,,3307,,,1,73,,3308,,,1,30,,3309,,,1,70,,3310,,,1,30,,3311,,,1,70,,3312,,,1,30,,3313,,,1,70,,3314,,,1,30,,3315,,,1,70,,3316,,,1,30,,3317,,,1,70,,3318,,,1,30,,3319,,,1,70,,3320,,,1,30,,3321,,,1,70,,3322,,,1,30,,3323,,,1,70,,3324,,,1,28,,3325,,,1,28,,3326,,,1,70,,3327,,,1,30,,3328,,,1,70,,3329,,,1,30,,3330,,,1,70,,3331,,,1,30,,3332,,,1,70,,3333,,,1,30,,3334,,,1,70,,3336,,,1,30,,3335,0,23 1 36,1
1601,'16-Sunday-1-2026_1-0000001',752,,3337,,,1,70,,3338,,,1,30,,3339,,,1,70,,3340,,,1,30,,3341,,,1,73,,3342,,,1,30,,3343,,,1,70,,3344,,,1,30,,3345,,,1,70,,3346,,,1,30,,3347,,,1,70,,3348,,,1,30,,3349,,,1,70,,3350,,,1,30,,3351,,,1,70,,3352,,,1,30,,3353,,,1,70,,3354,,,1,30,,3355,,,1,70,,3356,,,1,30,,3357,,,1,68,,3358,,,1,31,,3359,,,1,70,,3360,,,1,30,,3361,,,1,70,,3362,,,1,30,,3363,,,1,70,,3364,,,1,30,,3365,,,1,70,,3366,,,1,30,,3367,,,1,70,,3368,,,1,30,,3369,,,1
1601,'16-Weekday-1-2026_1-1111100',548,,3370,,,1,72,,3371,,,1,12,,3407,,,1,17,,3372,,,1,59,,3411,,,1,15,,3373,,,1,17,,3408,,,1,16,,3374,,,1,55,,3409,,,1,15,,3375,,,1,15,,3410,,,1,15,,3376,,,1,55,,3420,,,1,15,,3377,,,1,16,,3426,,,1,16,,3378,,,1,55,,3427,,,1,14,,3379,,,1,16,,3428,,,1,15,,3380,,,1,55,,3429,,,1,15,,3381,,,1,15,,3430,,,1,15,,3382,,,1,55,,3431,,,1,15,,3383,,,1,15,,3432,,,1,15,,3384,,,1,55,,3433,,,1,15,,3385,,,1,15,,3434,,,1,15,,3386,,,1,55,,3435,,,1,15,,3387,,,1,15,,3417,,,1,15,,3388,,,1,57,,3412,,,1,15,,3389,,,1,16,,3413,,,1,55,,3390,,,1,15,,3414,,,1,15,,3391,,,1,15,,3415,,,1,55,,3392,,,1,15,,3416,,,1,15,,3393,,,1,15,,3406,,,1,55,,3394,,,1,14,,3418,,,1,13,,3395,,,1,13,,3421,,,1,15,,3396,,,1,54,,3397,,,1,15,,3422,,,1,15,,3398,,,1,15,,3425,,,1,55,,3399,,,1,15,,3423,,,1,15,,3400,,,1,15,,3424,,,1,55,,3401,,,1,15,,3436,,,1,15,,3402,,,1,73,,3403,,,1,27,,3404,,,1,13,,3405,,,1,70,,3419,0,23 1 36,1
9101,'91-Saturday-1-2026_1-0000010',2451,,8402,0,25 26 27,1,70,,8403,0,25 26 27,1,30,,8404,0,25 26 27,1
9101,'91-Weekday-1-2026_1-0001100',2451,,8405,0,25 26 27,1,70,,8406,0,25 26 27,1,30,,8407,0,25 26 27,1
