1201,'12-Holiday1-10000001',738,,2648,,,1,70,,2646,,,1,30,,2614,,,1,70,,2615,,,1,30,,2616,,,1,71,,2617,,,1,31,,2618,,,1,70,,2619,,,1,30,,2620,,,1,70,,2621,,,1,30,,2622,,,1,70,,2623,,,1,30,,2624,,,1,70,,2625,,,1,30,,2626,,,1,70,,2627,,,1,30,,2628,,,1,70,,2629,,,1,30,,2630,,,1,70,,2631,,,1,30,,2632,,,1,69,,2633,,,1,29,,2634,,,1,70,,2635,,,1,30,,2636,,,1,70,,2637,,,1,30,,2638,,,1,70,,2639,,,1,30,,2640,,,1,70,,2641,,,1,30,,2642,,,1,70,,2643,,,1,30,,2644,,,1,70,,2645,,,1
1201,'12-Saturday-10000010',638,,2649,,,1,70,,2650,,,1,30,,2651,,,1,70,,2652,,,1,30,,2653,,,1,71,,2654,,,1,34,,2655,,,1,70,,2656,,,1,30,,2657,,,1,70,,2658,,,1,30,,2659,,,1,70,,2660,,,1,30,,2661,,,1,70,,2662,,,1,30,,2663,,,1,70,,2664,,,1,30,,2665,,,1,70,,2666,,,1,30,,2667,,,1,70,,2668,,,1,30,,2669,,,1,70,,2670,,,1,30,,2671,,,1,68,,2672,,,1,27,,2673,,,1,70,,2674,,,1,30,,2675,,,1,70,,2676,,,1,30,,2677,,,1,70,,2678,,,1,30,,2679,,,1,70,,2680,,,1,30,,2681,,,1,70,,2682,,,1,30,,2683,,,1,70,,2684,,,1
1201,'12-Sunday-10000001',738,,2720,,,1,70,,2718,,,1,30,,2686,,,1,70,,2687,,,1,30,,2688,,,1,71,,2689,,,1,31,,2690,,,1,70,,2691,,,1,30,,2692,,,1,70,,2693,,,1,30,,2694,,,1,70,,2695,,,1,30,,2696,,,1,70,,2697,,,1,30,,2698,,,1,70,,2699,,,1,30,,2700,,,1,70,,2701,,,1,30,,2702,,,1,70,,2703,,,1,30,,2704,,,1,69,,2705,,,1,29,,2706,,,1,70,,2707,,,1,30,,2708,,,1,70,,2709,,,1,30,,2710,,,1,70,,2711,,,1,30,,2712,,,1,70,,2713,,,1,30,,2714,,,1,70,,2715,,,1,30,,2716,,,1,70,,2717,,,1
1201,'12-Weekday-11111100',546,,2721,,,1,62,,2722,,,1,30,,2724,,,1,72,,2726,,,1,24,,2766,,,1,15,,2728,,,1,55,,2729,,,1,15,,2730,,,1,15,,2731,,,1,15,,2732,,,1,55,,2733,,,1,15,,2734,,,1,15,,2735,,,1,15,,2736,,,1,55,,2774,,,1,15,,2738,,,1,15,,2775,,,1,15,,2773,,,1,55,,2776,,,1,15,,2739,,,1,15,,2777,,,1,15,,2741,,,1,55,,2778,,,1,15,,2743,,,1,15,,2779,,,1,15,,2745,,,1,55,,2780,,,1,15,,2746,,,1,15,,2781,,,1,15,,2748,,,1,55,,2782,,,1,15,,2750,,,1,15,,2772,,,1,17,,2752,,,1,56,,2754,,,1,16,,2767,,,1,15,,2756,,,1,15,,2768,,,1,55,,2757,,,1,15,,2758,,,1,15,,2759,,,1,15,,2760,,,1,55,,2761,,,1,15,,2762,,,1,15,,2763,,,1,15,,2764,,,1,55,,2765,,,1,13,,2723,,,1,13,,2727,,,1,19,,2771,,,1,60,,2770,,,1,15,,2783,,,1,15,,2753,,,1,15,,2784,,,1,55,,2742,,,1,15,,2785,,,1,15,,2749,,,1,15,,2786,,,1,55,,2755,,,1,15,,2787,,,1,15,,2751,,,1,67,,2747,,,1,27,,2744,,,1,70,,2740,,,1,30,,2737,,,1,70,,2725,,,1
1901,'19-Holiday1-10000001',901,,3592,,,1,100,,3593,,,1,106,,3594,,,1,100,,3591,,,1,100,,3595,,,1,100,,3596,,,1,100,,3597,,,1,100,,3598,,,1,100,,3599,,,1,100,,3600,,,1,94,,3601,,,1,100,,3602,,,1,100,,3603,,,1,100,,3604,,,1,100,,3605,,,1,100,,3606,,,1
1901,'19-Saturday-10000010',704,,3608,,,1,30,,3609,,,1,70,,3610,,,1,30,,3607,,,1,70,,3611,,,1,33,,3612,,,1,70,,3613,,,1,30,,3614,,,1,70,,3615,,,1,30,,3616,,,1,70,,3617,,,1,30,,3618,,,1,70,,3619,,,1,30,,3620,,,1,70,,3621,,,1,30,,3622,,,1,70,,3623,,,1,30,,3624,,,1,70,,3625,,,1,30,,3626,,,1,70,,3627,,,1,30,,3628,,,1,70,,3629,,,1,29,,3630,,,1,68,,3631,,,1,30,,3632,,,1,70,,3633,,,1,30,,3634,,,1,70,,3635,,,1,30,,3636,,,1,70,,3637,,,1,30,,3638,,,1,70,,3639,,,1,30,,3640,,,1,70,,3641,,,1
1901,'19-Sunday-10000001',831,,3643,,,1,70,,3644,,,1,30,,3645,,,1,70,,3646,,,1,31,,3647,,,1,75,,3648,,,1,30,,3649,,,1,70,,3642,,,1,30,,3650,,,1,70,,3651,,,1,30,,3652,,,1,70,,3653,,,1,30,,3654,,,1,70,,3655,,,1,30,,3656,,,1,70,,3657,,,1,30,,3658,,,1,70,,3659,,,1,30,,3660,,,1,70,,3661,,,1,26,,3662,,,1,68,,3663,,,1,30,,3664,,,1,70,,3665,,,1,30,,3666,,,1,70,,3667,,,1,30,,3668,,,1,70,,3669,,,1,30,,3670,,,1,70,,3671,,,1,30,,3672,,,1,70,,3673,,,1
1901,'19-Weekday-11111100',549,,3733,,,1,68,,3698,,,1,14,,3674,,,1,15,,3699,,,1,55,,3675,,,1,16,,3700,,,1,19,,3676,,,1,15,,3701,,,1,63,,3677,,,1,15,,3702,,,1,15,,3678,,,1,15,,3703,,,1,55,,3679,,,1,15,,3704,,,1,15,,3680,,,1,14,,3705,,,1,54,,3681,,,1,15,,3706,,,1,13,,3682,,,1,15,,3707,,,1,55,,3683,,,1,15,,3708,,,1,15,,3684,,,1,15,,3709,,,1,55,,3685,,,1,15,,3710,,,1,15,,3686,,,1,15,,3711,,,1,55,,3687,,,1,15,,3712,,,1,15,,3688,,,1,15,,3713,,,1,55,,3689,,,1,15,,3714,,,1,15,,3690,,,1,17,,3715,,,1,57,,3691,,,1,15,,3716,,,1,16,,3692,,,1,55,,3717,,,1,15,,3693,,,1,15,,3718,,,1,15,,3694,,,1,55,,3719,,,1,15,,3695,,,1,15,,3720,,,1,15,,3696,,,1,55,,3721,,,1,13,,3697,,,1,14,,3723,,,1,13,,3722,,,1,14,,3724,,,1,53,,3734,,,1,15,,3725,,,1,15,,3735,,,1,15,,3726,,,1,55,,3736,,,1,15,,3727,,,1,15,,3737,,,1,15,,3728,,,1,55,,3738,,,1,15,,3729,,,1,15,,3739,,,1,15,,3730,,,1,54,,3743,,,1,15,,3742,,,1,24,,3732,,,1,68,,3740,,,1,30,,3731,,,1,68,,3741,,,1
2901,'29-Saturday-10000010',738,,5034,,,1,70,,5035,,,1,30,,5036,,,1,71,,5037,,,1,30,,5038,,,1,70,,5039,,,1,30,,5040,,,1,70,,5041,,,1,30,,5042,,,1,70,,5043,,,1,30,,5044,,,1,70,,5045,,,1,30,,5046,,,1,70,,5047,,,1,30,,5048,,,1,70,,5049,,,1,30,,5050,,,1,70,,5051,,,1,30,,5052,,,1,70,,5053,,,1,30,,5054,,,1,69,,5055,,,1,30,,5056,,,1,70,,5057,,,1,30,,5058,,,1,70,,5059,,,1,30,,5060,,,1,70,,5061,,,1,30,,5062,,,1,70,,5063,,,1,30,,5064,,,1,70,,5065,,,1,30,,5066,,,1,100,,5067,,,1
2901,'29-Sunday-10000001',833,,5068,,,1,70,,5069,,,1,30,,5070,,,1,70,,5071,,,1,30,,5072,,,1,70,,5073,,,1,30,,5074,,,1,70,,5075,,,1,30,,5076,,,1,70,,5077,,,1,30,,5078,,,1,70,,5079,,,1,30,,5080,,,1,70,,5081,,,1,30,,5082,,,1,70,,5083,,,1,30,,5084,,,1,70,,5085,,,1,30,,5086,,,1,70,,5087,,,1,30,,5088,,,1,70,,5089,,,1,30,,5090,,,1,70,,5091,,,1,30,,5092,,,1,70,,5093,,,1,30,,5094,,,1,70,,5095,,,1,30,,5096,,,1,70,,5097,,,1,30,,5098,,,1,100,,5099,,,1
2901,'29-Weekday-11111100',602,,5136,,,1,19,,5102,,,1,30,,5103,,,1,75,,5104,,,1,30,,5105,,,1,70,,5106,,,1,30,,5107,,,1,70,,5108,,,1,29,,5109,,,1,70,,5110,,,1,30,,5111,,,1,70,,5112,,,1,30,,5113,,,1,70,,5114,,,1,30,,5115,,,1,70,,5116,,,1,30,,5117,,,1,70,,5101,,,1,34,,5100,,,1,70,,5118,,,1,30,,5119,,,1,70,,5120,,,1,30,,5121,,,1,70,,5122,,,1,30,,5123,,,1,67,,5124,,,1,30,,5125,,,1,70,,5126,,,1,30,,5127,,,1,70,,5128,,,1,30,,5129,,,1,70,,5130,,,1,30,,5131,,,1,65,,5132,,,1,30,,5133,,,1,70,,5134,,,1,30,,5135,,,1
