5000,'50-Saturday-10000010',646,,5980,2,,,1,70,,5981,2,,,1,30,,5982,2,,,1,70,,5983,2,,,1,30,,5984,2,,,1,70,,5985,2,,,1,30,,5986,2,,,1,70,,5987,2,,,1,30,,5988,2,,,1,70,,5989,2,,,1,30,,5990,2,,,1,70,,5991,2,,,1,30,,5992,2,,,1,70,,5993,2,,,1,30,,5994,2,,,1,70,,5995,2,,,1,30,,5996,2,,,1,70,,5997,2,,,1,30,,5998,2,,,1,70,,5999,2,,,1,30,,6000,2,,,1,70,,6001,2,,,1,30,,6008,2,,,1,70,,6010,2,,,1,30,,6009,2,,,1,70,,6007,2,,,1,30,,6011,2,,,1,70,,6006,2,,,1,30,,6005,2,,,1,70,,6012,2,,,1,30,,6004,2,,,1,70,,6003,2,,,1,30,,6002,2,,,1
5000,'50-Sunday-10000001',816,,6033,2,,,1,85,,6032,2,,,1,45,,6031,2,,,1,85,,6030,2,,,1,85,,6029,2,,,1,85,,6028,2,,,1,45,,6027,2,,,1,85,,6026,2,,,1,85,,6025,2,,,1,85,,6024,2,,,1,45,,6023,2,,,1,85,,6022,2,,,1,85,,6021,2,,,1,85,,6020,2,,,1,45,,6019,2,,,1,85,,6018,2,,,1,85,,6017,2,,,1,85,,6016,2,,,1,45,,6015,2,,,1,85,,6014,2,,,1,85,,6013,2,,,1
5000,'50-Weekday-11111100',546,,6034,2,,,1,70,,6035,2,,,1,30,,6036,2,,,1,70,,6037,2,,,1,30,,6038,2,,,1,70,,6039,2,,,1,30,,6040,2,,,1,70,,6041,2,,,1,30,,6042,2,,,1,70,,6043,2,,,1,30,,6044,2,,,1,70,,6045,2,,,1,30,,6046,2,,,1,70,,6047,2,,,1,30,,6048,2,,,1,70,,6049,2,,,1,30,,6050,2,,,1,70,,6051,2,,,1,20,,6052,2,,,1,70,,6053,2,,,1,30,,6054,2,,,1,70,,6055,2,,,1,30,,6056,2,,,1,70,,6057,2,,,1,30,,6058,2,,,1,80,,6059,2,,,1,30,,6060,2,,,1,70,,6061,2,,,1,30,,6062,2,,,1,70,,6063,2,,,1,30,,6064,2,,,1,70,,6065,2,,,1,30,,6066,2,,,1,70,,6067,2,,,1
5300,'53-Saturday-10000010',701,,6553,2,,,1,30,,6554,2,,,1,70,,6555,2,,,1,30,,6556,2,,,1,70,,6557,2,,,1,30,,6558,2,,,1,70,,6559,2,,,1,30,,6560,2,,,1,70,,6561,2,,,1,30,,6562,2,,,1,70,,6563,2,,,1,30,,6564,2,,,1,70,,6565,2,,,1,30,,6566,2,,,1,70,,6567,2,,,1,30,,6568,2,,,1,70,,6569,2,,,1,30,,6570,2,,,1,70,,6571,2,,,1,30,,6572,2,,,1,70,,6573,2,,,1,30,,6574,2,,,1,70,,6575,2,,,1,30,,6576,2,,,1,100,,6577,2,,,1,100,,6578,2,,,1,100,,6579,2,,,1,100,,6580,2,,,1,100,,6581,2,,,1
5300,'53-Sunday-10000001',801,,6582,2,,,1,100,,6583,2,,,1,100,,6584,2,,,1,30,,6585,2,,,1,70,,6586,2,,,1,30,,6587,2,,,1,70,,6588,2,,,1,30,,6589,2,,,1,70,,6590,2,,,1,30,,6591,2,,,1,70,,6592,2,,,1,30,,6593,2,,,1,70,,6594,2,,,1,30,,6595,2,,,1,70,,6596,2,,,1,30,,6597,2,,,1,70,,6598,2,,,1,30,,6599,2,,,1,100,,6600,2,,,1,100,,6601,2,,,1,100,,6602,2,,,1,100,,6603,2,,,1,100,,6604,2,,,1,100,,6605,2,,,1
5300,'53-Weekday-11111100',601,,6633,2,,,1,30,,6634,2,,,1,70,,6635,2,,,1,30,,6636,2,,,1,70,,6637,2,,,1,30,,6622,2,,,1,70,,6623,2,,,1,30,,6624,2,,,1,70,,6615,2,,,1,30,,6616,2,,,1,70,,6617,2,,,1,30,,6618,2,,,1,70,,6619,2,,,1,30,,6620,2,,,1,70,,6621,2,,,1,30,,6640,2,,,1,75,,6625,2,,,1,35,,6641,2,,,1,70,,6628,2,,,1,30,,6632,2,,,1,70,,6631,2,,,1,30,,6630,2,,,1,70,,6629,2,,,1,30,,6638,2,,,1,60,,6639,2,,,1,30,,6614,2,,,1,70,,6608,2,,,1,30,,6609,2,,,1,70,,6610,2,,,1,30,,6611,2,,,1,70,,6607,2,,,1,30,,6606,2,,,1,70,,6627,2,,,1,30,,6626,2,,,1,70,,6612,2,,,1,30,,6613,2,,,1
5501,'55-Saturday-10000010',646,,6893,2,,,1,100,,6892,2,,,1,100,,6884,2,,,1,100,,6900,2,,,1,100,,6885,2,,,1,100,,6901,2,,,1,100,,6891,2,,,1,100,,6894,2,,,1,100,,6890,2,,,1,100,,6895,2,,,1,100,,6889,2,,,1,100,,6896,2,,,1,100,,6888,2,,,1,100,,6897,2,,,1,100,,6887,2,,,1,100,,6898,2,,,1,100,,6886,2,,,1,100,,6899,2,,,1
5501,'55-Weekday-11111100',546,,6945,2,,,1,100,,6946,2,,,1,100,,6936,2,,,1,100,,6947,2,,,1,100,,6937,2,,,1,100,,6948,2,,,1,100,,6938,2,,,1,100,,6949,2,,,1,100,,6939,2,,,1,100,,6950,2,,,1,100,,6940,2,,,1,100,,6951,2,,,1,100,,6941,2,,,1,100,,6952,2,,,1,100,,6942,2,,,1,100,,6953,2,,,1,100,,6943,2,,,1,100,,6954,2,,,1,100,,6944,2,,,1
6300,'63-Saturday-10000010',631,,7965,2,,,1,70,,7966,2,,,1,30,,7967,2,,,1,70,,7968,2,,,1,30,,7969,2,,,1,70,,7993,2,,,1,30,,7970,2,,,1,70,,7971,2,,,1,30,,7972,2,,,1,70,,7973,2,,,1,30,,7974,2,,,1,70,,7975,2,,,1,30,,7976,2,,,1,70,,7977,2,,,1,30,,7978,2,,,1,70,,7979,2,,,1,30,,7980,2,,,1,70,,7981,2,,,1,30,,7982,2,,,1,70,,7983,2,,,1,30,,7984,2,,,1,70,,7985,2,,,1,30,,7986,2,,,1,70,,7987,2,,,1,30,,7994,2,,,1,70,,7988,2,,,1,30,,7995,2,,,1,70,,7989,2,,,1,30,,7996,2,,,1,70,,7990,2,,,1,30,,7997,2,,,1,70,,7991,2,,,1,30,,7998,2,,,1,70,,7992,2,,,1
6300,'63-Sunday-10000001',846,,7999,2,,,1,100,,8000,2,,,1,100,,8001,2,,,1,100,,8002,2,,,1,100,,8003,2,,,1,100,,8004,2,,,1,100,,8005,2,,,1,100,,8006,2,,,1,100,,8007,2,,,1,100,,8008,2,,,1,100,,8009,2,,,1,100,,8010,2,,,1,100,,8011,2,,,1,100,,8012,2,,,1,100,,8013,2,,,1
6300,'63-Weekday-11111100',601,,8014,2,,,1,30,,8015,2,,,1,70,,8048,2,,,1,30,,8016,2,,,1,70,,8017,2,,,1,30,,8018,2,,,1,70,,8019,2,,,1,30,,8020,2,,,1,70,,8021,2,,,1,30,,8022,2,,,1,70,,8023,2,,,1,30,,8024,2,,,1,70,,8025,2,,,1,30,,8026,2,,,1,70,,8027,2,,,1,30,,8028,2,,,1,70,,8029,2,,,1,35,,8030,2,,,1,70,,8031,2,,,1,30,,8032,2,,,1,70,,8033,2,,,1,30,,8034,2,,,1,70,,8035,2,,,1,30,,8036,2,,,1,70,,8037,2,,,1,30,,8038,2,,,1,65,,8039,2,,,1,30,,8040,2,,,1,70,,8041,2,,,1,30,,8042,2,,,1,70,,8043,2,,,1,30,,8044,2,,,1,70,,8045,2,,,1,30,,8046,2,,,1,70,,8047,2,,,1
