801,'8-Holiday1-1-2026_1-0000001',728,,1738,,,1,29,,1737,,,1,71,,1705,,,1,30,,1706,,,1,70,,1707,,,1,30,,1708,,,1,75,,1709,,,1,70,,1710,,,1,30,,1711,,,1,70,,1712,,,1,30,,1713,,,1,70,,1714,,,1,30,,1715,,,1,70,,1716,,,1,30,,1717,,,1,70,,1718,,,1,30,,1719,,,1,70,,1720,,,1,30,,1721,,,1,70,,1722,,,1,30,,1723,,,1,69,,1724,,,1,26,,1725,,,1,30,,1726,,,1,70,,1727,,,1,30,,1728,,,1,70,,1729,,,1,30,,1730,,,1,70,,1731,,,1,30,,1732,,,1,70,,1733,,,1,30,,1734,,,1,70,,1735,,,1,30,,1736,,,1
801,'8-Saturday-1-2026_1-0000010',629,,1773,,,1,30,,1774,,,1,69,,1739,,,1,30,,1740,,,1,70,,1741,,,1,30,,1742,,,1,74,,1743,,,1,71,,1744,,,1,30,,1745,,,1,70,,1746,,,1,30,,1747,,,1,70,,1748,,,1,30,,1749,,,1,70,,1750,,,1,30,,1751,,,1,70,,1752,,,1,30,,1753,,,1,70,,1754,,,1,30,,1755,,,1,70,,1756,,,1,30,,1757,,,1,70,,1758,,,1,30,,1759,,,1,69,,1760,,,1,28,,1761,,,1,70,,1762,,,1,30,,1763,,,1,70,,1764,,,1,30,,1765,,,1,70,,1766,,,1,30,,1767,,,1,70,,1768,,,1,28,,1769,,,1,30,,1770,,,1,70,,1771,,,1,30,,1772,,,1
801,'8-Sunday-1-2026_1-0000001',728,,1808,,,1,29,,1807,,,1,71,,1775,,,1,30,,1776,,,1,70,,1777,,,1,30,,1778,,,1,75,,1779,,,1,70,,1780,,,1,30,,1781,,,1,70,,1782,,,1,30,,1783,,,1,70,,1784,,,1,30,,1785,,,1,70,,1786,,,1,30,,1787,,,1,70,,1788,,,1,30,,1789,,,1,70,,1790,,,1,30,,1791,,,1,70,,1792,,,1,30,,1793,,,1,69,,1794,,,1,26,,1795,,,1,30,,1796,,,1,70,,1797,,,1,30,,1798,,,1,70,,1799,,,1,30,,1800,,,1,70,,1801,,,1,30,,1802,,,1,70,,1803,,,1,30,,1804,,,1,70,,1805,,,1,30,,1806,,,1
801,'8-Weekday-1-2026_1-1111100',541,,1862,,,1,70,,1861,,,1,20,,1809,,,1,10,,1857,,,1,18,,1810,,,1,58,,1811,,,1,4,,1812,,,1,13,,1813,,,1,18,,1814,,,1,55,,1815,,,1,15,,1816,,,1,15,,1817,,,1,15,,1818,,,1,55,,1819,,,1,15,,1820,,,1,15,,1821,,,1,15,,1822,,,1,54,,1864,,,1,14,,1823,,,1,14,,1824,,,1,15,,1866,,,1,55,,1825,,,1,15,,1867,,,1,15,,1826,,,1,15,,1868,,,1,55,,1827,,,1,15,,1869,,,1,15,,1828,,,1,15,,1870,,,1,55,,1829,,,1,15,,1871,,,1,15,,1830,,,1,15,,1872,,,1,55,,1831,,,1,15,,1873,,,1,15,,1832,,,1,17,,1833,,,1,55,,1858,,,1,16,,1834,,,1,17,,1859,,,1,15,,1835,,,1,55,,1836,,,1,15,,1837,,,1,15,,1838,,,1,15,,1839,,,1,55,,1840,,,1,15,,1841,,,1,15,,1842,,,1,15,,1843,,,1,54,,1844,,,1,14,,1845,,,1,14,,1865,,,1,14,,1874,,,1,54,,1846,,,1,15,,1875,,,1,15,,1847,,,1,15,,1876,,,1,55,,1848,,,1,15,,1877,,,1,15,,1849,,,1,15,,1878,,,1,55,,1850,,,1,15,,1879,,,1,15,,1851,,,1,70,,1852,,,1,28,,1853,,,1,26,,1854,,,1,70,,1855,,,1,30,,1856,,,1
2000,'20-Holiday1-1-2026_1-0000001',819,,3744,,,1,30,,3745,,,1,70,,3746,,,1,30,,3747,,,1,72,,3748,,,1,30,,3749,,,1,70,,3750,,,1,30,,3751,,,1,70,,3752,,,1,30,,3753,,,1,70,,3754,,,1,30,,3755,,,1,70,,3756,,,1,30,,3757,,,1,70,,3758,,,1,30,,3759,,,1,70,,3760,,,1,30,,3761,,,1,70,,3762,,,1,30,,3763,,,1,68,,3764,,,1,30,,3765,,,1,70,,3766,,,1,30,,3767,,,1,70,,3768,,,1,30,,3769,,,1,70,,3770,,,1,30,,3771,,,1,70,,3772,,,1,30,,3773,,,1,100,,3774,,,1
2000,'20-Saturday-1-2026_1-0000010',624,,3775,,,1,30,,3776,,,1,70,,3777,,,1,30,,3778,,,1,70,,3779,,,1,30,,3780,,,1,74,,3781,,,1,30,,3782,,,1,70,,3783,,,1,30,,3784,,,1,70,,3785,,,1,30,,3786,,,1,70,,3787,,,1,30,,3788,,,1,70,,3789,,,1,30,,3790,,,1,70,,3791,,,1,30,,3792,,,1,70,,3793,,,1,30,,3794,,,1,70,,3795,,,1,30,,3796,,,1,70,,3797,,,1,30,,3798,,,1,66,,3799,,,1,30,,3800,,,1,70,,3801,,,1,30,,3802,,,1,70,,3803,,,1,30,,3804,,,1,70,,3805,,,1,30,,3806,,,1,70,,3807,,,1,30,,3808,,,1,70,,3809,,,1,30,,3810,,,1
2000,'20-Sunday-1-2026_1-0000001',814,,3812,,,1,30,,3813,,,1,70,,3814,,,1,30,,3815,,,1,71,,3816,,,1,31,,3817,,,1,70,,3818,,,1,30,,3819,,,1,70,,3820,,,1,30,,3821,,,1,70,,3822,,,1,30,,3823,,,1,70,,3824,,,1,30,,3825,,,1,70,,3826,,,1,30,,3827,,,1,70,,3828,,,1,30,,3829,,,1,70,,3830,,,1,30,,3831,,,1,69,,3832,,,1,29,,3833,,,1,70,,3834,,,1,30,,3835,,,1,70,,3836,,,1,30,,3837,,,1,70,,3838,,,1,30,,3839,,,1,70,,3840,,,1,30,,3841,,,1,100,,3842,,,1
2000,'20-Weekday-2-2026_1-1111100',550,,3855,,,1,70,,3856,,,1,15,,3882,,,1,15,,3857,,,1,76,,3879,,,1,30,,3878,,,1,70,,3845,,,1,30,,3846,,,1,70,,3847,,,1,29,,3880,,,1,70,,3858,,,1,30,,3859,,,1,70,,3860,,,1,30,,3861,,,1,70,,3862,,,1,30,,3863,,,1,70,,3864,,,1,30,,3865,,,1,70,,3866,,,1,81,,3848,,,1,30,,3849,,,1,70,,3850,,,1,30,,3851,,,1,70,,3852,,,1,30,,3853,,,1,70,,3854,,,1,17,,3867,,,1,30,,3881,,,1,70,,3868,,,1,30,,3869,,,1,70,,3870,,,1,30,,3871,,,1,70,,3872,,,1,30,,3873,,,1,67,,3874,,,1,30,,3875,,,1,70,,3876,,,1,30,,3877,,,1
20401,'204-Holiday1-1-2026_1-0000001',742,,9490,,,1,70,,9491,,,1,30,,9492,,,1,70,,9493,,,1,30,,9494,,,1,70,,9489,,,1,30,,9495,,,1,70,,9496,,,1,30,,9497,,,1,70,,9498,,,1,30,,9499,,,1,70,,9500,,,1,30,,9501,,,1,70,,9502,,,1,30,,9503,,,1,70,,9504,,,1,30,,9505,,,1,70,,9506,,,1,30,,9507,,,1,70,,9508,,,1,30,,9509,,,1,70,,9510,,,1,30,,9511,,,1,70,,9512,,,1,30,,9513,,,1,70,,9514,,,1,30,,9515,,,1,70,,9516,,,1,30,,9517,,,1,70,,9518,,,1,30,,9519,,,1,70,,9520,,,1,30,,9521,,,1
20401,'204-Saturday-1-2026_1-0000010',642,,9556,,,1,70,,9522,,,1,30,,9523,,,1,70,,9524,,,1,30,,9525,,,1,70,,9526,,,1,30,,9527,,,1,70,,9555,,,1,30,,9528,,,1,70,,9529,,,1,30,,9530,,,1,70,,9531,,,1,30,,9532,,,1,70,,9533,,,1,30,,9534,,,1,70,,9535,,,1,30,,9536,,,1,70,,9537,,,1,30,,9538,,,1,70,,9539,,,1,30,,9540,,,1,70,,9541,,,1,30,,9542,,,1,70,,9543,,,1,30,,9544,,,1,70,,9545,,,1,30,,9546,,,1,70,,9547,,,1,30,,9548,,,1,70,,9549,,,1,30,,9550,,,1,70,,9551,,,1,30,,9552,,,1,70,,9553,,,1,30,,9554,,,1
20401,'204-Sunday-1-2026_1-0000001',740,,9558,,,1,70,,9559,,,1,30,,9560,,,1,70,,9561,,,1,30,,9562,,,1,70,,9557,,,1,34,,9563,,,1,70,,9564,,,1,30,,9565,,,1,70,,9566,,,1,30,,9567,,,1,70,,9568,,,1,30,,9569,,,1,70,,9570,,,1,30,,9571,,,1,70,,9572,,,1,30,,9573,,,1,70,,9574,,,1,30,,9575,,,1,70,,9576,,,1,30,,9577,,,1,70,,9578,,,1,27,,9579,,,1,70,,9580,,,1,30,,9581,,,1,70,,9582,,,1,30,,9583,,,1,70,,9584,,,1,30,,9585,,,1,70,,9586,,,1,30,,9587,,,1,70,,9588,,,1,30,,9589,,,1
20401,'204-Weekday-1-2026_1-1111100',608,,9647,,,1,31,,9641,,,1,70,,9590,,,1,16,,9648,,,1,15,,9642,,,1,15,,9591,,,1,55,,9643,,,1,15,,9592,,,1,15,,9593,,,1,15,,9594,,,1,55,,9595,,,1,15,,9596,,,1,15,,9597,,,1,15,,9598,,,1,59,,9599,,,1,15,,9600,,,1,15,,9601,,,1,15,,9602,,,1,55,,9603,,,1,15,,9604,,,1,15,,9605,,,1,15,,9606,,,1,55,,9607,,,1,15,,9608,,,1,15,,9609,,,1,15,,9610,,,1,55,,9611,,,1,15,,9612,,,1,15,,9613,,,1,15,,9614,,,1,55,,9615,,,1,15,,9616,,,1,16,,9617,,,1,56,,9618,,,1,10,,9646,,,1,13,,9619,,,1,20,,9620,,,1,15,,9621,,,1,55,,9622,,,1,15,,9623,,,1,15,,9624,,,1,15,,9625,,,1,55,,9626,,,1,15,,9627,,,1,15,,9645,,,1,15,,9628,,,1,54,,9629,,,1,14,,9630,,,1,27,,9644,,,1,50,,9631,,,1,40,,9632,,,1,70,,9633,,,1,30,,9634,,,1,70,,9635,,,1,30,,9636,,,1,69,,9637,,,1,28,,9638,,,1,70,,9639,,,1,30,,9640,,,1
