6100,'61-Holiday1-11111111',849,,29094,28,4,,1,70,,29066,28,4,,1,30,,29067,28,4,,1,74,,29068,28,4,,1,31,,29069,28,4,,1,70,,29070,28,4,,1,30,,29071,28,4,,1,70,,29072,28,4,,1,30,,29073,28,4,,1,70,,29074,28,4,,1,30,,29075,28,4,,1,70,,29076,28,4,,1,30,,29077,28,4,,1,70,,29078,28,4,,1,30,,29079,28,4,,1,70,,29080,28,4,,1,30,,29081,28,4,,1,70,,29082,28,4,,1,30,,29083,28,4,,1,66,,29084,28,4,,1,24,,29085,28,4,,1,70,,29086,28,4,,1,30,,29087,28,4,,1,70,,29088,28,4,,1,30,,29089,28,4,,1,70,,29090,28,4,,1,30,,29091,28,4,,1,70,,29092,28,4,,1,30,,29093,28,4,,1
6100,'61-Saturday-10000010',640,,29095,21,4,,1,106,,29119,28,4,,1,70,,29120,28,4,,1,30,,29121,28,4,,1,70,,29122,28,4,,1,31,,29123,28,4,,1,70,,29124,28,4,,1,30,,29126,28,4,,1,70,,29125,28,4,,1,30,,29105,28,4,,1,70,,29106,28,4,,1,30,,29107,28,4,,1,70,,29108,28,4,,1,30,,29109,28,4,,1,70,,29110,28,4,,1,30,,29111,28,4,,1,70,,29112,28,4,,1,30,,29113,28,4,,1,70,,29114,28,4,,1,30,,29115,28,4,,1,70,,29116,28,4,,1,30,,29117,28,4,,1,70,,29118,28,4,,1,32,,29096,28,4,,1,70,,29097,28,4,,1,30,,29098,28,4,,1,70,,29099,28,4,,1,30,,29100,28,4,,1,70,,29101,28,4,,1,30,,29102,28,4,,1,70,,29127,28,4,,1,30,,29103,28,4,,1,70,,29104,28,4,,1,30,,29128,28,4,,1
6100,'61-Sunday-10000001',849,,29134,28,4,,1,70,,29133,28,4,,1,30,,29132,28,4,,1,74,,29131,28,4,,1,31,,29130,28,4,,1,70,,29129,28,4,,1,30,,29143,28,4,,1,70,,29142,28,4,,1,30,,29141,28,4,,1,70,,29140,28,4,,1,30,,29139,28,4,,1,70,,29138,28,4,,1,30,,29137,28,4,,1,70,,29136,28,4,,1,30,,29135,28,4,,1,70,,29157,28,4,,1,30,,29155,28,4,,1,70,,29156,28,4,,1,30,,29154,28,4,,1,66,,29153,28,4,,1,24,,29152,28,4,,1,70,,29151,28,4,,1,30,,29150,28,4,,1,70,,29148,28,4,,1,30,,29147,28,4,,1,70,,29146,28,4,,1,30,,29145,28,4,,1,70,,29144,28,4,,1,30,,29149,28,4,,1
6100,'61-Weekday-11111100',611,,29191,21,4,,1,37,,29170,28,4,,1,70,,29171,28,4,,1,30,,29178,28,4,,1,55,,29192,28,4,,1,15,,29179,28,4,,1,15,,29193,28,4,,1,15,,29175,28,4,,1,55,,29194,28,4,,1,15,,29172,28,4,,1,16,,29195,28,4,,1,15,,29174,28,4,,1,55,,29196,28,4,,1,15,,29173,28,4,,1,30,,29180,28,4,,1,70,,29158,28,4,,1,30,,29181,28,4,,1,70,,29182,28,4,,1,30,,29159,28,4,,1,70,,29160,28,4,,1,30,,29161,28,4,,1,70,,29205,28,4,,1,32,,29162,28,4,,1,70,,29163,28,4,,1,15,,29197,28,4,,1,15,,29164,28,4,,1,55,,29198,28,4,,1,15,,29165,28,4,,1,15,,29199,28,4,,1,15,,29166,28,4,,1,55,,29200,28,4,,1,15,,29167,28,4,,1,15,,29201,28,4,,1,15,,29168,28,4,,1,54,,29202,28,4,,1,13,,29169,28,4,,1,15,,29203,28,4,,1,15,,29177,28,4,,1,55,,29204,28,4,,1,15,,29176,28,4,,1,30,,29190,28,4,,1,70,,29189,28,4,,1,30,,29188,28,4,,1,70,,29187,28,4,,1,30,,29186,28,4,,1,68,,29206,28,4,,1,30,,29185,28,4,,1,70,,29184,28,4,,1,30,,29183,28,4,,1
6101,'61-Holiday1-11111111',815,,29207,1,,,1,30,,29208,1,,,1,70,,29209,1,,,1,30,,29210,1,,,1,70,,29211,1,,,1,30,,29212,1,,,1,70,,29213,1,,,1,30,,29214,1,,,1,70,,29215,1,,,1,30,,29216,1,,,1,70,,29217,1,,,1,30,,29218,1,,,1,70,,29219,1,,,1,30,,29220,1,,,1,70,,29221,1,,,1,30,,29222,1,,,1,70,,29223,1,,,1,30,,29224,1,,,1,70,,29225,1,,,1,30,,29226,1,,,1,70,,29227,1,,,1,30,,29228,1,,,1,70,,29229,1,,,1,30,,29230,1,,,1,70,,29231,1,,,1,30,,29232,1,,,1,70,,29233,1,,,1,30,,29234,1,,,1,70,,29235,1,,,1
6101,'61-Saturday-10000010',645,,29259,1,,,1,70,,29260,1,,,1,30,,29261,1,,,1,70,,29262,1,,,1,30,,29263,1,,,1,70,,29264,1,,,1,30,,29265,1,,,1,70,,29266,1,,,1,30,,29269,1,,,1,70,,29267,1,,,1,30,,29268,1,,,1,70,,29239,1,,,1,30,,29238,1,,,1,70,,29240,1,,,1,30,,29237,1,,,1,70,,29241,1,,,1,30,,29242,1,,,1,70,,29243,1,,,1,30,,29244,1,,,1,70,,29245,1,,,1,30,,29246,1,,,1,70,,29258,1,,,1,30,,29257,1,,,1,70,,29256,1,,,1,30,,29255,1,,,1,70,,29254,1,,,1,30,,29253,1,,,1,70,,29252,1,,,1,30,,29251,1,,,1,70,,29250,1,,,1,30,,29249,1,,,1,70,,29248,1,,,1,30,,29247,1,,,1,70,,29271,1,0,18 19,1,30,,29236,1,0,18 19,1
6101,'61-Sunday-10000001',815,,29300,1,,,1,30,,29299,1,,,1,70,,29298,1,,,1,30,,29297,1,,,1,70,,29296,1,,,1,30,,29295,1,,,1,70,,29280,1,,,1,30,,29281,1,,,1,70,,29282,1,,,1,30,,29283,1,,,1,70,,29284,1,,,1,30,,29285,1,,,1,70,,29286,1,,,1,30,,29287,1,,,1,70,,29288,1,,,1,30,,29289,1,,,1,70,,29291,1,,,1,30,,29292,1,,,1,70,,29293,1,,,1,30,,29290,1,,,1,70,,29294,1,,,1,30,,29274,1,,,1,70,,29273,1,,,1,30,,29279,1,,,1,70,,29272,1,,,1,30,,29278,1,,,1,70,,29277,1,,,1,30,,29275,1,,,1,70,,29276,1,,,1
6101,'61-Weekday-11111100',615,,29324,1,,,1,30,,29330,1,,,1,55,,29346,1,,,1,15,,29331,1,,,1,15,,29340,1,,,1,15,,29332,1,,,1,55,,29345,1,,,1,15,,29333,1,,,1,15,,29336,1,,,1,15,,29334,1,,,1,55,,29342,1,,,1,15,,29335,1,,,1,15,,29339,1,,,1,15,,29327,1,,,1,70,,29328,1,,,1,30,,29329,1,,,1,70,,29326,1,,,1,30,,29325,1,,,1,70,,29303,1,,,1,30,,29304,1,,,1,70,,29305,1,,,1,30,,29306,1,,,1,70,,29307,1,,,1,15,,29344,1,,,1,15,,29308,1,,,1,55,,29338,1,,,1,15,,29309,1,,,1,15,,29347,1,,,1,15,,29310,1,,,1,55,,29348,1,,,1,15,,29311,1,,,1,15,,29349,1,,,1,15,,29312,1,,,1,55,,29337,1,,,1,15,,29313,1,,,1,15,,29341,1,,,1,15,,29314,1,,,1,55,,29343,1,,,1,15,,29315,1,,,1,30,,29316,1,,,1,55,,29350,1,,,1,15,,29317,1,,,1,30,,29318,1,,,1,70,,29319,1,,,1,30,,29320,1,,,1,70,,29351,1,,,1,30,,29321,1,,,1,70,,29322,1,,,1,30,,29323,1,,,1,70,,29302,1,0,18 19,1,30,,29301,1,0,18 19,1
6500,'65-Holiday1-10000001',845,,29587,1,,,1,85,,29588,1,,,1,85,,29589,1,,,1,85,,29590,1,,,1,45,,29591,1,,,1,85,,29592,1,,,1,85,,29593,1,,,1,85,,29594,1,,,1,45,,29595,1,,,1,85,,29596,1,,,1,85,,29597,1,,,1,85,,29598,1,,,1,45,,29599,1,,,1,85,,29600,1,,,1,85,,29601,1,,,1,85,,29602,1,,,1,45,,29603,1,,,1,85,,29604,1,,,1
6500,'65-Saturday-10000010',715,,29605,1,,,1,30,,29606,1,,,1,70,,29607,1,,,1,30,,29608,1,,,1,70,,29609,1,,,1,30,,29610,1,,,1,70,,29611,1,,,1,30,,29612,1,,,1,70,,29613,1,,,1,30,,29614,1,,,1,70,,29615,1,,,1,30,,29616,1,,,1,70,,29617,1,,,1,30,,29618,1,,,1,70,,29619,1,,,1,30,,29620,1,,,1,70,,29621,1,,,1,30,,29622,1,,,1,70,,29623,1,,,1,30,,29624,1,,,1,70,,29625,1,,,1,30,,29626,1,,,1,70,,29627,1,,,1,85,,29628,1,,,1,45,,29629,1,,,1,85,,29630,1,,,1,85,,29631,1,,,1,85,,29632,1,,,1,45,,29633,1,,,1,85,,29634,1,,,1
6500,'65-Sunday-10000001',845,,29635,1,,,1,70,,29667,1,,,1,30,,29636,1,,,1,70,,29659,1,,,1,30,,29638,1,,,1,70,,29660,1,,,1,30,,29640,1,,,1,70,,29661,1,,,1,30,,29642,1,,,1,70,,29662,1,,,1,30,,29644,1,,,1,70,,29663,1,,,1,30,,29646,1,,,1,70,,29664,1,,,1,30,,29648,1,,,1,70,,29665,1,,,1,30,,29650,1,,,1,70,,29666,1,,,1,30,,29652,1,,,1,70,,29653,1,,,1,85,,29654,1,,,1,45,,29655,1,,,1,85,,29656,1,,,1,85,,29657,1,,,1,85,,29658,1,,,1
6500,'65-Weekday-11111100',615,,29668,1,,,1,30,,29669,1,,,1,70,,29670,1,,,1,30,,29671,1,,,1,70,,29672,1,,,1,30,,29673,1,,,1,70,,29674,1,,,1,30,,29675,1,,,1,70,,29676,1,,,1,30,,29677,1,,,1,70,,29678,1,,,1,30,,29679,1,,,1,70,,29680,1,,,1,30,,29681,1,,,1,70,,29682,1,,,1,30,,29683,1,,,1,75,,29684,1,,,1,30,,29685,1,,,1,70,,29686,1,,,1,30,,29687,1,,,1,70,,29688,1,,,1,30,,29689,1,,,1,70,,29690,1,,,1,30,,29691,1,,,1,65,,29692,1,,,1,30,,29693,1,,,1,70,,29694,1,,,1,30,,29695,1,,,1,70,,29696,1,,,1,30,,29697,1,,,1,70,,29698,1,,,1,30,,29699,1,,,1,70,,29700,1,,,1,30,,29701,1,,,1,70,,29702,1,,,1,30,,29703,1,,,1
6501,'65-Holiday1-10000001',840,,29704,20,4,,1,81,,29705,20,4,,1,85,,29706,20,4,,1,46,,29707,20,4,,1,85,,29708,20,4,,1,85,,29709,20,4,,1,85,,29710,20,4,,1,45,,29711,20,4,,1,85,,29712,20,4,,1,85,,29713,20,4,,1,85,,29714,20,4,,1,45,,29715,20,4,,1,85,,29716,20,4,,1,84,,29717,20,4,,1,85,,29718,20,4,,1,45,,29719,20,4,,1,85,,29720,20,4,,1,85,,29721,20,4,,1,85,,29722,20,4,,1
6501,'65-Saturday-10000010',721,,29723,20,4,,1,30,,29724,20,4,,1,70,,29725,20,4,,1,30,,29726,20,4,,1,72,,29727,20,4,,1,31,,29728,20,4,,1,70,,29729,20,4,,1,30,,29730,20,4,,1,70,,29731,20,4,,1,30,,29732,20,4,,1,70,,29733,20,4,,1,30,,29734,20,4,,1,70,,29735,20,4,,1,30,,29736,20,4,,1,70,,29737,20,4,,1,30,,29738,20,4,,1,70,,29739,20,4,,1,30,,29740,20,4,,1,70,,29741,20,4,,1,30,,29742,20,4,,1,70,,29743,20,4,,1,30,,29744,20,4,,1,68,,29745,20,4,,1,29,,29746,20,4,,1,85,,29747,20,4,,1,85,,29748,20,4,,1,85,,29749,20,4,,1,45,,29750,20,4,,1,85,,29751,20,4,,1,85,,29752,20,4,,1
6501,'65-Sunday-10000001',851,,29753,20,4,,1,70,,29754,20,4,,1,30,,29786,20,4,,1,71,,29755,20,4,,1,22,,29778,20,4,,1,8,,29756,20,4,,1,70,,29757,20,4,,1,22,,29779,20,4,,1,8,,29758,20,4,,1,70,,29759,20,4,,1,22,,29780,20,4,,1,8,,29760,20,4,,1,70,,29761,20,4,,1,22,,29781,20,4,,1,8,,29762,20,4,,1,70,,29763,20,4,,1,22,,29782,20,4,,1,8,,29764,20,4,,1,70,,29765,20,4,,1,22,,29783,20,4,,1,8,,29766,20,4,,1,70,,29767,20,4,,1,22,,29784,20,4,,1,8,,29768,20,4,,1,70,,29769,20,4,,1,22,,29785,20,4,,1,8,,29770,20,4,,1,69,,29771,20,4,,1,30,,29772,20,4,,1,85,,29773,20,4,,1,85,,29774,20,4,,1,85,,29775,20,4,,1,45,,29776,20,4,,1,85,,29777,20,4,,1
6501,'65-Weekday-11111100',551,,29787,20,4,,1,70,,29788,20,4,,1,30,,29789,20,4,,1,72,,29790,20,4,,1,32,,29791,20,4,,1,70,,29792,20,4,,1,30,,29793,20,4,,1,70,,29794,20,4,,1,29,,29795,20,4,,1,70,,29796,20,4,,1,30,,29797,20,4,,1,70,,29798,20,4,,1,30,,29799,20,4,,1,70,,29800,20,4,,1,30,,29801,20,4,,1,70,,29802,20,4,,1,30,,29803,20,4,,1,70,,29804,20,4,,1,78,,29805,20,4,,1,32,,29806,20,4,,1,70,,29807,20,4,,1,30,,29808,20,4,,1,70,,29809,20,4,,1,30,,29810,20,4,,1,70,,29811,20,4,,1,26,,29812,20,4,,1,22,,29813,20,4,,1,70,,29814,20,4,,1,30,,29815,20,4,,1,70,,29816,20,4,,1,30,,29817,20,4,,1,70,,29818,20,4,,1,30,,29819,20,4,,1,68,,29820,20,4,,1,28,,29821,20,4,,1,70,,29822,20,4,,1,30,,29823,20,4,,1
