100,2709,1,0
100,3575,2,0
100,2359,3,0
100,3578,4,0
100,2360,5,0
100,2361,6,0
100,2362,7,0
100,2363,8,0
100,2364,9,0
100,2365,10,0
100,2366,11,0
100,2367,12,0
100,2368,13,0
100,2370,14,0
100,2371,15,0
100,2372,16,0
100,1012,17,0
100,1013,18,0
100,2373,19,0
100,2374,20,0
100,2375,21,0
100,2376,22,0
100,1684,23,0
100,1685,24,0
100,2377,25,0
100,2378,26,0
100,1057,27,0
100,1689,28,0
100,1690,29,0
100,1691,30,0
100,2379,31,0
100,2380,32,0
100,2381,33,0
100,1014,34,0
100,1015,35,0
100,1016,36,0
100,1667,37,1
101,1667,1,0
101,2382,2,0
101,2383,3,0
101,2384,4,0
101,1670,5,0
101,1671,6,0
101,1030,7,0
101,1031,8,0
101,2385,9,0
101,2386,10,0
101,2387,11,0
101,2388,12,0
101,2389,13,0
101,2390,14,0
101,2391,15,0
101,2392,16,0
101,2393,17,0
101,2394,18,0
101,1071,19,0
101,1072,20,0
101,3574,21,0
101,1073,22,0
101,1074,23,0
101,2395,24,0
101,2396,25,0
101,2397,26,0
101,2398,27,0
101,2399,28,0
101,2369,29,0
101,2400,30,0
101,2401,31,0
101,2402,32,0
101,2403,33,0
101,2404,34,0
101,2405,35,0
101,2406,36,0
101,2407,37,0
101,2408,38,0
101,1088,39,0
101,1889,40,0
101,1890,41,0
101,2555,42,0
101,2709,43,1
200,2710,1,0
200,3068,2,0
200,2754,3,0
200,3069,4,0
200,3070,5,0
200,3071,6,0
200,3072,7,0
200,3073,8,0
200,3074,9,0
200,3075,10,0
200,3076,11,0
200,3077,12,0
200,3078,13,0
200,3079,14,0
200,3080,15,0
200,3081,16,0
200,3082,17,0
200,3083,18,0
200,3084,19,0
200,3085,20,0
200,3086,21,0
200,3087,22,0
200,3088,23,0
200,3089,24,0
200,3090,25,0
200,3091,26,0
200,3092,27,0
200,3093,28,0
200,2971,29,0
200,2972,30,0
200,2973,31,0
200,2979,32,1
201,2979,1,0
201,2981,2,0
201,2982,3,0
201,2983,4,0
201,3094,5,0
201,3095,6,0
201,3096,7,0
201,3097,8,0
201,3098,9,0
201,3099,10,0
201,3100,11,0
201,3078,12,0
201,3079,13,0
201,3080,14,0
201,3081,15,0
201,3082,16,0
201,3101,17,0
201,3102,18,0
201,3103,19,0
201,3104,20,0
201,3105,21,0
201,3106,22,0
201,3107,23,0
201,3108,24,0
201,2705,25,0
201,2706,26,0
201,2707,27,0
201,2710,28,1
300,2559,1,0
300,3068,2,0
300,2715,3,0
300,2716,4,0
300,3618,5,0
300,2929,6,0
300,2930,7,0
300,2931,8,0
300,2932,9,0
300,2933,10,0
300,2934,11,0
300,2935,12,0
300,2936,13,0
300,2937,14,0
300,3229,15,0
300,2863,16,0
300,2864,17,0
300,2865,18,0
300,2866,19,0
300,2867,20,0
300,2868,21,0
300,2869,22,0
300,2870,23,0
300,2871,24,0
300,2872,25,0
300,2873,26,0
300,2874,27,0
300,2875,28,0
300,2876,29,0
300,2877,30,0
300,2878,31,0
300,2879,32,0
300,2880,33,0
300,2882,34,0
300,2883,35,0
300,2884,36,0
300,1768,37,1
301,1768,1,0
301,2885,2,0
301,2886,3,0
301,2887,4,0
301,2888,5,0
301,2889,6,0
301,2890,7,0
301,2891,8,0
301,2892,9,0
301,2893,10,0
301,2894,11,0
301,2895,12,0
301,2896,13,0
301,2897,14,0
301,2898,15,0
301,2899,16,0
301,2900,17,0
301,2901,18,0
301,2902,19,0
301,2903,20,0
301,2904,21,0
301,2905,22,0
301,2906,23,0
301,2907,24,0
301,2908,25,0
301,2909,26,0
301,2910,27,0
301,2911,28,0
301,2912,29,0
301,2913,30,0
301,2914,31,0
301,2751,32,0
301,2752,33,0
301,2753,34,0
301,2707,35,0
301,2559,36,1
400,2708,1,0
400,2319,2,0
400,2459,3,0
400,3580,4,0
400,2462,5,0
400,2463,6,0
400,2464,7,0
400,2465,8,0
400,2466,9,0
400,1091,10,0
400,1005,11,0
400,3237,12,0
400,3238,13,0
400,3239,14,0
400,3240,15,0
400,3241,16,0
400,3242,17,0
400,3243,18,0
400,3244,19,0
400,3245,20,0
400,3246,21,0
400,3248,22,0
400,3249,23,0
400,3250,24,0
400,3251,25,0
400,3252,26,0
400,3253,27,0
400,3254,28,0
400,3255,29,0
400,3256,30,0
400,3257,31,0
400,3258,32,0
400,3259,33,0
400,3260,34,0
400,3879,35,0
400,3880,36,0
400,3662,37,0
400,4003,38,1
401,4003,1,0
401,3663,2,0
401,3664,3,0
401,3264,4,0
401,3265,5,0
401,3167,6,0
401,3266,7,0
401,3267,8,0
401,3268,9,0
401,3269,10,0
401,3270,11,0
401,3271,12,0
401,3272,13,0
401,3273,14,0
401,3274,15,0
401,3275,16,0
401,3277,17,0
401,3278,18,0
401,3279,19,0
401,3720,20,0
401,3281,21,0
401,3282,22,0
401,3283,23,0
401,3284,24,0
401,3285,25,0
401,1083,26,0
401,1092,27,0
401,2494,28,0
401,2495,29,0
401,2496,30,0
401,2498,31,0
401,2499,32,0
401,2500,33,0
401,2501,34,0
401,2502,35,0
401,2503,36,0
401,2842,37,0
401,1088,38,0
401,1889,39,0
401,1890,40,0
401,2708,41,1
500,3908,1,0
500,3883,2,0
500,3663,3,0
500,3664,4,0
500,4064,5,0
500,4066,6,0
500,4068,7,0
500,4069,8,0
500,4070,9,0
500,1984,10,0
500,1994,11,0
500,1995,12,0
500,1996,13,0
500,1997,14,0
500,1998,15,0
500,1999,16,0
500,2000,17,0
500,2001,18,0
500,2002,19,0
500,2003,20,0
500,2004,21,0
500,1907,22,0
500,2006,23,0
500,2007,24,0
500,2009,25,0
500,2010,26,0
500,2011,27,0
500,2012,28,0
500,2013,29,0
500,2014,30,0
500,2015,31,0
500,2016,32,0
500,2020,33,0
500,2021,34,0
500,2424,35,0
500,2425,36,0
500,2426,37,0
500,2427,38,0
500,2428,39,0
500,2429,40,0
500,2430,41,0
500,2431,42,0
500,2432,43,0
500,2433,44,0
500,2434,45,1
501,2434,1,0
501,2435,2,0
501,2436,3,0
501,2437,4,0
501,2438,5,0
501,2439,6,0
501,1943,7,0
501,1944,8,0
501,1945,9,0
501,1946,10,0
501,1947,11,0
501,1948,12,0
501,1949,13,0
501,1950,14,0
501,1951,15,0
501,1952,16,0
501,1954,17,0
501,1955,18,0
501,1956,19,0
501,1957,20,0
501,1958,21,0
501,4015,22,0
501,1907,23,0
501,5007,24,0
501,1961,25,0
501,1962,26,0
501,1963,27,0
501,1964,28,0
501,1965,29,0
501,1966,30,0
501,1967,31,0
501,1968,32,0
501,1969,33,0
501,1970,34,0
501,1971,35,0
501,4056,36,0
501,4071,37,0
501,1985,38,0
501,1986,39,0
501,1988,40,0
501,4067,41,0
501,4065,42,0
501,4063,43,0
501,3880,44,0
501,3662,45,0
501,3908,46,1
600,2555,1,0
600,5010,2,0
600,5017,3,0
600,2413,4,0
600,2414,5,0
600,2415,6,0
600,2416,7,0
600,2417,8,0
600,2418,9,0
600,2419,10,0
600,2420,11,0
600,2421,12,0
600,2422,13,0
600,3657,14,0
600,2423,15,0
600,2020,16,0
600,2021,17,0
600,2424,18,0
600,2022,19,0
600,2023,20,0
600,4031,21,0
600,4033,22,0
600,3673,23,0
600,4034,24,0
600,3789,25,0
600,3790,26,0
600,1925,27,0
600,4037,28,0
600,4028,29,0
600,4016,30,0
600,2044,31,0
600,4050,32,0
600,2088,33,0
600,4043,34,0
600,1212,35,0
600,1126,36,1
601,1126,1,0
601,2809,2,0
601,2810,3,0
601,4042,4,0
601,1920,5,0
601,4051,6,0
601,1922,7,0
601,4038,8,0
601,4029,9,0
601,4036,10,0
601,4035,11,0
601,3783,12,0
601,3784,13,0
601,3679,14,0
601,3680,15,0
601,4032,16,0
601,4030,17,0
601,1941,18,0
601,1942,19,0
601,1943,20,0
601,1944,21,0
601,1945,22,0
601,2440,23,0
601,2441,24,0
601,2442,25,0
601,2443,26,0
601,2444,27,0
601,2445,28,0
601,2446,29,0
601,2447,30,0
601,2448,31,0
601,2449,32,0
601,2450,33,0
601,3744,34,0
601,5011,35,0
601,2555,36,1
700,1552,1,0
700,1047,2,0
700,1048,3,0
700,1049,4,0
700,1050,5,0
700,1866,6,0
700,1867,7,0
700,1868,8,0
700,1869,9,0
700,1870,10,0
700,1871,11,0
700,1872,12,0
700,1873,13,0
700,1874,14,0
700,1875,15,0
700,1876,16,0
700,1877,17,0
700,1555,18,0
700,2584,19,0
700,2585,20,0
700,2596,21,0
700,2597,22,0
700,2599,23,0
700,2600,24,0
700,2601,25,0
700,2602,26,0
700,2586,27,0
700,2587,28,0
700,2589,29,0
700,2590,30,0
700,2603,31,0
700,2605,32,0
700,2606,33,0
700,1878,34,0
700,1880,35,0
700,1881,36,0
700,1882,37,0
700,1883,38,0
700,1884,39,0
700,1885,40,0
700,1886,41,0
700,2564,42,0
700,1888,43,0
700,1889,44,0
700,1890,45,0
700,2551,46,0
700,2550,47,0
700,5010,48,0
700,5012,49,0
700,3110,50,0
700,3111,51,0
700,5033,52,0
700,3279,53,0
700,3720,54,0
700,5028,55,0
700,3743,56,0
700,1906,57,0
700,1908,58,0
700,1909,59,0
700,1910,60,0
700,1911,61,0
700,1913,62,0
700,1914,63,0
700,1915,64,0
700,1916,65,0
700,1917,66,0
700,2045,67,0
700,1918,68,0
700,1919,69,0
700,1130,70,0
700,4072,71,0
700,2511,72,0
700,2512,73,0
700,2513,74,0
700,2514,75,0
700,1093,76,0
700,1094,77,0
700,1122,78,0
700,1123,79,0
700,1166,80,0
700,3619,81,0
700,2673,82,0
700,2674,83,0
700,2675,84,0
700,2515,85,0
700,2516,86,0
700,2517,87,0
700,2518,88,0
700,2519,89,1
701,1130,1,0
701,2508,2,0
701,2509,3,0
701,2532,4,0
701,2519,5,0
701,2520,6,0
701,2521,7,0
701,2522,8,0
701,2523,9,0
701,2524,10,0
701,2525,11,0
701,2526,12,0
701,2527,13,0
701,2528,14,0
701,2529,15,0
701,1165,16,0
701,1123,17,0
701,1124,18,0
701,3943,19,0
701,3945,20,0
701,2783,21,0
701,3620,22,0
701,2533,23,0
701,3581,24,0
701,2535,25,0
701,1957,26,0
701,1958,27,0
701,4015,28,0
701,1959,29,0
701,5029,30,0
701,3241,31,0
701,3242,32,0
701,3243,33,0
701,5032,34,0
701,3225,35,0
701,3227,36,0
701,5013,37,0
701,5011,38,0
701,2550,39,0
701,2554,40,0
701,2547,41,0
701,2562,42,0
701,2561,43,0
701,3730,44,0
701,1887,45,0
701,2565,46,0
701,3579,47,0
701,2567,48,0
701,2568,49,0
701,2569,50,0
701,2570,51,0
701,2571,52,0
701,2572,53,0
701,2609,54,0
701,2610,55,0
701,2611,56,0
701,3642,57,0
701,2612,58,0
701,2613,59,0
701,2614,60,0
701,2615,61,0
701,2616,62,0
701,2617,63,0
701,2618,64,0
701,2619,65,0
701,2620,66,0
701,1041,67,0
701,1042,68,0
701,1043,69,0
701,1044,70,0
701,1045,71,0
701,1555,72,0
701,3661,73,0
701,2573,74,0
701,2575,75,0
701,2576,76,0
701,2577,77,0
701,2578,78,0
701,2580,79,0
701,2581,80,0
701,2582,81,0
701,2583,82,0
701,2591,83,0
701,2592,84,0
701,2593,85,0
701,2594,86,0
701,2595,87,0
701,1552,88,0
701,2551,89,1
800,1554,1,0
800,2584,2,0
800,2585,3,0
800,2596,4,0
800,2736,5,0
800,2737,6,0
800,2738,7,0
800,2739,8,0
800,2740,9,0
800,2741,10,0
800,2742,11,0
800,2743,12,0
800,2744,13,0
800,2745,14,0
800,2746,15,0
800,2747,16,0
800,2748,17,0
800,2749,18,0
800,2750,19,0
800,2751,20,0
800,2752,21,0
800,2753,22,0
800,2707,23,0
800,2553,24,0
800,2319,25,0
800,2320,26,0
800,2654,27,0
800,2655,28,0
800,5015,29,0
800,5000,30,0
800,2657,31,0
800,2658,32,0
800,2659,33,0
800,2491,34,0
800,2492,35,0
800,2493,36,0
800,2660,37,0
800,2661,38,0
800,2662,39,0
800,2663,40,0
800,2664,41,0
800,2665,42,0
800,2666,43,0
800,2668,44,0
800,2667,45,0
800,2670,46,0
800,2671,47,0
800,1166,48,0
800,3228,49,0
800,1047,50,0
800,2621,51,0
800,2622,52,0
800,2623,53,0
800,1870,54,0
800,1871,55,0
800,1872,56,0
800,1873,57,0
800,2624,58,0
800,2625,59,0
800,2626,60,0
800,2627,61,0
800,2628,62,0
800,2629,63,0
800,2630,64,0
800,2631,65,0
800,2632,66,0
800,2633,67,0
800,2634,68,0
800,2635,69,0
800,2636,70,0
800,2637,71,0
800,2638,72,0
800,2639,73,0
800,2640,74,0
800,2641,75,0
800,1082,76,0
800,1084,77,0
800,1085,78,0
800,1086,79,0
800,1087,80,0
800,2649,81,0
800,2650,82,0
800,2651,83,0
800,2652,84,0
800,2653,85,0
800,2408,86,0
800,1088,87,0
800,1889,88,0
800,1890,89,0
800,2545,90,0
800,3068,91,0
800,2754,92,0
800,3069,93,0
800,2755,94,0
800,2756,95,0
800,2757,96,0
800,2758,97,0
800,2759,98,0
800,2760,99,0
800,2761,100,0
800,2762,101,0
800,2763,102,0
800,2764,103,0
800,2765,104,0
800,2766,105,0
800,2767,106,0
800,2768,107,0
800,2769,108,0
800,3914,109,0
800,2772,110,0
800,2773,111,0
800,2774,112,0
800,2775,113,0
800,4053,114,0
800,2777,115,0
800,2778,116,0
800,2779,117,0
800,2780,118,0
800,2781,119,0
800,3943,120,0
800,3945,121,0
800,2783,122,0
800,3620,123,0
800,2785,124,1
801,1166,1,0
801,3619,2,0
801,2673,3,0
801,2674,4,0
801,2675,5,0
801,2676,6,0
801,2677,7,0
801,2678,8,0
801,2679,9,0
801,2680,10,0
801,2681,11,0
801,2682,12,0
801,2683,13,0
801,2685,14,0
801,2686,15,0
801,2687,16,0
801,2688,17,0
801,2689,18,0
801,3897,19,0
801,2692,20,0
801,2693,21,0
801,2694,22,0
801,2695,23,0
801,2696,24,0
801,2697,25,0
801,2698,26,0
801,2699,27,0
801,2701,28,0
801,2702,29,0
801,2703,30,0
801,2704,31,0
801,2705,32,0
801,2706,33,0
801,2707,34,0
801,2552,35,0
801,3575,36,0
801,2359,37,0
801,2843,38,0
801,2844,39,0
801,2845,40,0
801,2846,41,0
801,2847,42,0
801,1001,43,0
801,1002,44,0
801,1003,45,0
801,1004,46,0
801,2642,47,0
801,2643,48,0
801,2644,49,0
801,2645,50,0
801,2646,51,0
801,2647,52,0
801,2648,53,0
801,2848,54,0
801,2849,55,0
801,2850,56,0
801,2851,57,0
801,2852,58,0
801,2853,59,0
801,2854,60,0
801,2855,61,0
801,2856,62,0
801,2857,63,0
801,2858,64,0
801,2859,65,0
801,2860,66,0
801,2612,67,0
801,2613,68,0
801,2614,69,0
801,2861,70,0
801,2862,71,0
801,1043,72,0
801,1044,73,0
801,1045,74,0
801,3614,75,0
801,1661,76,0
801,2785,77,0
801,2786,78,0
801,2787,79,0
801,2833,80,0
801,2834,81,0
801,2835,82,0
801,3606,83,0
801,2836,84,0
801,2837,85,0
801,2467,86,0
801,2468,87,0
801,2469,88,0
801,2471,89,0
801,2472,90,0
801,2838,91,0
801,2839,92,0
801,2414,93,0
801,2415,94,0
801,2840,95,0
801,2841,96,0
801,2358,97,0
801,2842,98,0
801,1088,99,0
801,1889,100,0
801,1890,101,0
801,2546,102,0
801,3068,103,0
801,2715,104,0
801,2716,105,0
801,3618,106,0
801,2718,107,0
801,2719,108,0
801,2721,109,0
801,2722,110,0
801,2724,111,0
801,2725,112,0
801,2726,113,0
801,2727,114,0
801,2728,115,0
801,2729,116,0
801,2730,117,0
801,2731,118,0
801,2732,119,0
801,2733,120,0
801,2734,121,0
801,2735,122,0
801,2582,123,0
801,2583,124,0
801,3228,125,0
801,1559,126,0
801,1554,127,1
900,1123,1,0
900,1124,2,0
900,1090,3,0
900,3943,4,0
900,3945,5,0
900,2783,6,0
900,1166,7,0
900,1167,8,0
900,1168,9,0
900,1171,10,0
900,1172,11,0
900,1173,12,0
900,1174,13,0
900,1175,14,0
900,1176,15,0
900,1177,16,0
900,1178,17,0
900,1179,18,0
900,1181,19,0
900,1182,20,0
900,1183,21,0
900,1184,22,0
900,1185,23,0
900,1186,24,0
900,1187,25,0
900,1188,26,0
900,1189,27,0
900,1190,28,0
900,1191,29,0
900,1193,30,0
900,1194,31,0
900,1195,32,0
900,1196,33,0
900,1197,34,0
900,1198,35,0
900,1199,36,0
900,1200,37,0
900,1201,38,0
900,1202,39,0
900,4042,40,0
900,1204,41,0
900,3393,42,0
900,1125,43,1
901,1125,1,0
901,2809,2,0
901,2810,3,0
901,1131,4,0
901,1132,5,0
901,1227,6,0
901,1228,7,0
901,1229,8,0
901,3605,9,0
901,1134,10,0
901,1135,11,0
901,1136,12,0
901,1137,13,0
901,1138,14,0
901,1139,15,0
901,1140,16,0
901,1141,17,0
901,1142,18,0
901,1143,19,0
901,1144,20,0
901,1145,21,0
901,1146,22,0
901,1147,23,0
901,1148,24,0
901,1149,25,0
901,1150,26,0
901,1152,27,0
901,1153,28,0
901,1154,29,0
901,1155,30,0
901,1156,31,0
901,1157,32,0
901,1158,33,0
901,1159,34,0
901,1160,35,0
901,1161,36,0
901,3623,37,0
901,1162,38,0
901,1163,39,0
901,3682,40,0
901,2673,41,0
901,2674,42,0
901,2675,43,0
901,3683,44,0
901,3699,45,0
901,1164,46,0
901,1166,47,1
1000,1729,1,0
1000,3641,2,0
1000,1731,3,0
1000,1732,4,0
1000,1733,5,0
1000,1734,6,0
1000,1735,7,0
1000,1736,8,0
1000,1737,9,0
1000,1738,10,0
1000,1739,11,0
1000,1740,12,0
1000,1741,13,0
1000,1742,14,0
1000,1743,15,0
1000,1744,16,0
1000,1746,17,0
1000,1747,18,0
1000,1748,19,0
1000,1749,20,0
1000,1750,21,0
1000,1751,22,0
1000,1752,23,0
1000,1753,24,0
1000,1754,25,0
1000,1755,26,0
1000,1756,27,0
1000,1757,28,0
1000,1758,29,0
1000,1759,30,0
1000,1760,31,0
1000,1761,32,0
1000,1762,33,0
1000,1763,34,0
1000,1764,35,0
1000,1553,36,1
1001,1553,1,0
1001,1559,2,0
1001,1697,3,0
1001,1698,4,0
1001,1699,5,0
1001,1700,6,0
1001,1701,7,0
1001,1702,8,0
1001,1703,9,0
1001,1704,10,0
1001,1705,11,0
1001,1706,12,0
1001,1707,13,0
1001,1708,14,0
1001,1709,15,0
1001,1710,16,0
1001,1711,17,0
1001,1712,18,0
1001,1713,19,0
1001,1714,20,0
1001,1715,21,0
1001,1745,22,0
1001,1717,23,0
1001,1718,24,0
1001,1719,25,0
1001,1720,26,0
1001,1721,27,0
1001,1722,28,0
1001,1723,29,0
1001,1724,30,0
1001,1725,31,0
1001,1726,32,0
1001,1727,33,0
1001,1731,34,0
1001,1732,35,0
1001,1733,36,0
1001,1734,37,0
1001,1728,38,0
1001,1729,39,1
1100,2560,1,0
1100,3068,2,0
1100,2715,3,0
1100,2716,4,0
1100,3618,5,0
1100,2929,6,0
1100,2930,7,0
1100,3060,8,0
1100,3061,9,0
1100,3062,10,0
1100,3063,11,0
1100,3064,12,0
1100,3065,13,0
1100,3066,14,0
1100,3067,15,0
1100,2935,16,0
1100,2936,17,0
1100,3052,18,0
1100,2937,19,0
1100,2938,20,0
1100,3021,21,0
1100,3022,22,0
1100,3023,23,0
1100,3024,24,0
1100,3025,25,0
1100,3026,26,0
1100,3027,27,0
1100,3028,28,0
1100,3029,29,0
1100,3030,30,0
1100,3031,31,0
1100,3032,32,0
1100,3033,33,0
1100,3034,34,0
1100,3035,35,0
1100,3036,36,0
1100,1766,37,1
1101,1766,1,0
1101,3037,2,0
1101,3038,3,0
1101,3039,4,0
1101,3040,5,0
1101,3041,6,0
1101,3042,7,0
1101,3043,8,0
1101,3044,9,0
1101,3045,10,0
1101,3046,11,0
1101,3047,12,0
1101,3048,13,0
1101,3049,14,0
1101,3050,15,0
1101,3051,16,0
1101,2906,17,0
1101,2907,18,0
1101,3053,19,0
1101,2908,20,0
1101,2909,21,0
1101,3054,22,0
1101,3055,23,0
1101,3056,24,0
1101,3057,25,0
1101,3058,26,0
1101,3059,27,0
1101,2913,28,0
1101,2914,29,0
1101,2750,30,0
1101,2751,31,0
1101,2752,32,0
1101,2753,33,0
1101,2707,34,0
1101,2556,35,1
1200,1558,1,0
1200,1559,2,0
1200,1854,3,0
1200,1855,4,0
1200,1856,5,0
1200,3608,6,0
1200,1862,7,0
1200,1863,8,0
1200,1864,9,0
1200,1865,10,0
1200,1772,11,0
1200,2885,12,0
1200,2886,13,0
1200,2887,14,0
1200,2888,15,0
1200,3188,16,0
1200,3189,17,0
1200,3190,18,0
1200,3191,19,0
1200,3192,20,0
1200,3193,21,0
1200,3194,22,0
1200,3195,23,0
1200,3196,24,0
1200,3197,25,0
1200,3909,26,0
1200,3910,27,0
1200,3911,28,0
1200,3912,29,0
1200,3913,30,0
1200,3914,31,0
1200,2772,32,0
1200,2773,33,0
1200,2774,34,0
1200,2775,35,0
1200,4053,36,0
1200,2777,37,0
1200,2778,38,0
1200,2779,39,0
1200,2780,40,0
1200,2781,41,0
1200,3943,42,0
1200,3945,43,0
1200,2783,44,0
1200,1167,45,0
1200,1164,46,0
1200,3621,47,0
1200,3620,48,0
1200,2785,49,0
1200,2786,50,0
1200,2787,51,0
1200,2833,52,0
1200,2834,53,0
1200,4058,54,0
1200,4059,55,0
1200,4061,56,0
1200,2793,57,0
1200,2794,58,0
1200,2795,59,0
1200,3672,60,0
1200,3673,61,0
1200,3674,62,0
1200,3675,63,0
1200,2821,64,0
1200,3676,65,0
1200,2804,66,0
1200,2805,67,0
1200,2806,68,0
1200,2807,69,0
1200,2808,70,0
1200,3882,71,0
1200,1129,72,1
1201,1129,1,0
1201,2811,2,0
1201,2812,3,0
1201,2813,4,0
1201,2814,5,0
1201,2815,6,0
1201,2817,7,0
1201,3677,8,0
1201,3678,9,0
1201,2800,10,0
1201,2801,11,0
1201,3679,12,0
1201,3680,13,0
1201,4054,14,0
1201,2826,15,0
1201,2827,16,0
1201,4062,17,0
1201,4060,18,0
1201,4057,19,0
1201,2666,20,0
1201,2668,21,0
1201,2667,22,0
1201,2670,23,0
1201,2671,24,0
1201,3621,25,0
1201,3619,26,0
1201,2673,27,0
1201,2674,28,0
1201,2675,29,0
1201,2676,30,0
1201,2677,31,0
1201,2678,32,0
1201,2679,33,0
1201,2680,34,0
1201,2681,35,0
1201,2682,36,0
1201,2683,37,0
1201,2685,38,0
1201,3920,39,0
1201,3919,40,0
1201,3918,41,0
1201,3917,42,0
1201,3916,43,0
1201,3915,44,0
1201,3178,45,0
1201,3179,46,0
1201,3180,47,0
1201,3086,48,0
1201,3181,49,0
1201,3182,50,0
1201,3183,51,0
1201,3184,52,0
1201,3185,53,0
1201,3004,54,0
1201,3186,55,0
1201,2881,56,0
1201,2882,57,0
1201,2883,58,0
1201,2884,59,0
1201,1771,60,0
1201,1773,61,0
1201,1774,62,0
1201,1846,63,0
1201,1847,64,0
1201,1851,65,0
1201,1852,66,0
1201,1853,67,0
1201,1661,68,0
1201,1046,69,0
1201,1558,70,1
1300,3699,1,0
1300,3700,2,0
1300,1096,3,0
1300,1097,4,0
1300,1098,5,0
1300,1099,6,0
1300,4026,7,0
1300,4076,8,0
1300,4077,9,0
1300,4078,10,0
1300,4079,11,0
1300,4080,12,0
1300,4081,13,0
1300,4082,14,0
1300,4083,15,0
1300,4014,16,0
1300,4084,17,0
1300,4086,18,0
1300,3454,19,0
1300,3455,20,0
1300,4087,21,0
1300,3456,22,0
1300,3446,23,0
1300,1979,24,0
1300,1980,25,0
1300,1981,26,0
1300,3685,27,0
1300,3906,28,0
1300,3904,29,0
1300,1293,30,0
1300,3901,31,0
1300,4002,32,1
1301,4002,1,0
1301,1292,2,0
1301,3902,3,0
1301,3903,4,0
1301,3905,5,0
1301,3689,6,0
1301,3690,7,0
1301,3691,8,0
1301,3451,9,0
1301,3452,10,0
1301,4088,11,0
1301,3453,12,0
1301,1106,13,0
1301,3392,14,0
1301,4085,15,0
1301,4014,16,0
1301,1107,17,0
1301,1108,18,0
1301,1109,19,0
1301,1110,20,0
1301,1111,21,0
1301,1112,22,0
1301,3949,23,0
1301,1113,24,0
1301,1114,25,0
1301,1115,26,0
1301,1116,27,0
1301,1117,28,0
1301,1118,29,0
1301,1119,30,0
1301,1120,31,0
1301,1122,32,0
1301,1123,33,1
1400,3800,1,0
1400,1205,2,0
1400,1206,3,0
1400,1207,4,0
1400,1208,5,0
1400,1209,6,0
1400,1210,7,0
1400,1215,8,0
1400,1216,9,0
1400,1217,10,0
1400,1218,11,0
1400,1219,12,0
1400,1220,13,0
1400,1221,14,0
1400,1226,15,0
1400,1201,16,0
1400,1202,17,0
1400,1131,18,0
1400,1132,19,0
1400,1227,20,0
1400,1228,21,0
1400,3886,22,0
1400,1230,23,0
1400,1231,24,0
1400,2084,25,0
1400,1199,26,0
1400,1200,27,1
1500,2555,1,0
1500,2319,2,0
1500,2320,3,0
1500,2357,4,0
1500,2322,5,0
1500,2323,6,0
1500,2324,7,0
1500,2325,8,0
1500,2326,9,0
1500,2328,10,0
1500,1007,11,0
1500,1008,12,0
1500,1009,13,0
1500,2329,14,0
1500,2330,15,0
1500,2331,16,0
1500,2332,17,0
1500,2333,18,0
1500,2334,19,0
1500,2335,20,0
1500,2336,21,0
1500,2337,22,0
1500,2338,23,0
1500,3145,24,0
1500,3147,25,0
1500,3148,26,0
1500,3163,27,0
1500,3164,28,0
1500,3571,29,0
1500,3572,30,0
1500,4011,31,0
1500,3573,32,0
1500,2339,33,1
1501,2339,1,0
1501,2340,2,0
1501,2341,3,0
1501,2342,4,0
1501,2343,5,0
1501,2344,6,0
1501,2345,7,0
1501,2346,8,0
1501,2347,9,0
1501,2348,10,0
1501,2350,11,0
1501,1076,12,0
1501,1077,13,0
1501,1078,14,0
1501,1079,15,0
1501,1081,16,0
1501,1080,17,0
1501,2351,18,0
1501,2352,19,0
1501,2353,20,0
1501,2354,21,0
1501,2355,22,0
1501,2356,23,0
1501,2321,24,0
1501,2358,25,0
1501,2842,26,0
1501,1088,27,0
1501,1889,28,0
1501,1890,29,0
1501,2555,30,1
1600,1732,1,0
1600,1733,2,0
1600,1734,3,0
1600,1728,4,0
1600,2308,5,0
1600,1828,6,0
1600,1829,7,0
1600,1830,8,0
1600,3746,9,0
1600,1831,10,0
1600,1709,11,0
1600,1710,12,0
1600,1711,13,0
1600,1832,14,0
1600,1833,15,0
1600,1834,16,0
1600,1835,17,0
1600,1836,18,0
1600,1837,19,0
1600,1838,20,0
1600,3843,21,0
1600,1839,22,0
1600,1840,23,0
1600,1841,24,0
1600,1842,25,0
1600,1843,26,0
1600,1844,27,0
1600,1845,28,0
1600,1864,29,0
1600,1865,30,0
1600,1767,31,1
1601,1767,1,0
1601,1773,2,0
1601,1774,3,0
1601,1775,4,0
1601,1776,5,0
1601,1804,6,0
1601,1805,7,0
1601,1806,8,0
1601,1807,9,0
1601,1808,10,0
1601,3844,11,0
1601,1809,12,0
1601,1810,13,0
1601,1811,14,0
1601,1812,15,0
1601,1820,16,0
1601,1821,17,0
1601,1822,18,0
1601,1751,19,0
1601,1752,20,0
1601,1823,21,0
1601,1745,22,0
1601,1824,23,0
1601,1825,24,0
1601,1826,25,0
1601,1827,26,0
1601,3641,27,0
1601,1731,28,0
1601,1732,29,1
1700,3228,1,0
1700,1047,2,0
1700,1048,3,0
1700,1049,4,0
1700,1050,5,0
1700,1051,6,0
1700,1662,7,0
1700,1663,8,0
1700,1664,9,0
1700,1665,10,0
1700,1666,11,0
1700,1068,12,0
1700,1069,13,0
1700,1668,14,0
1700,1070,15,0
1700,1669,16,0
1700,1670,17,0
1700,1671,18,0
1700,1030,19,0
1700,1672,20,0
1700,1673,21,0
1700,1674,22,0
1700,1675,23,0
1700,1676,24,0
1700,1677,25,0
1700,1678,26,1
1701,1678,1,0
1701,1679,2,0
1701,1680,3,0
1701,1681,4,0
1701,1682,5,0
1701,1683,6,0
1701,1684,7,0
1701,1685,8,0
1701,1686,9,0
1701,1687,10,0
1701,1688,11,0
1701,1057,12,0
1701,1689,13,0
1701,1690,14,0
1701,1691,15,0
1701,1692,16,0
1701,1668,17,0
1701,1018,18,0
1701,1019,19,0
1701,1693,20,0
1701,1694,21,0
1701,1695,22,0
1701,1696,23,0
1701,1040,24,0
1701,1041,25,0
1701,1042,26,0
1701,1043,27,0
1701,1044,28,0
1701,1045,29,0
1701,1553,30,1
1900,2556,1,0
1900,5010,2,0
1900,5012,3,0
1900,3110,4,0
1900,3111,5,0
1900,3112,6,0
1900,3566,7,0
1900,3113,8,0
1900,3114,9,0
1900,3115,10,0
1900,3116,11,0
1900,3117,12,0
1900,3118,13,0
1900,3119,14,0
1900,3126,15,0
1900,3128,16,0
1900,3129,17,0
1900,3130,18,0
1900,3131,19,0
1900,3132,20,0
1900,3133,21,0
1900,3134,22,0
1900,3135,23,0
1900,3136,24,0
1900,3137,25,0
1900,3138,26,0
1900,3139,27,0
1900,3639,28,0
1900,2975,29,1
1901,2975,1,0
1901,3201,2,0
1901,3202,3,0
1901,3203,4,0
1901,3204,5,0
1901,3205,6,0
1901,3206,7,0
1901,3207,8,0
1901,3208,9,0
1901,3209,10,0
1901,3210,11,0
1901,3142,12,0
1901,3212,13,0
1901,3214,14,0
1901,3215,15,0
1901,3216,16,0
1901,3217,17,0
1901,3218,18,0
1901,3219,19,0
1901,3220,20,0
1901,3564,21,0
1901,3221,22,0
1901,3222,23,0
1901,3565,24,0
1901,3224,25,0
1901,3225,26,0
1901,3227,27,0
1901,5013,28,0
1901,5011,29,0
1901,2560,30,1
2000,2556,1,0
2000,5010,2,0
2000,5012,3,0
2000,3110,4,0
2000,3111,5,0
2000,3112,6,0
2000,3566,7,0
2000,3113,8,0
2000,3114,9,0
2000,3115,10,0
2000,3116,11,0
2000,3117,12,0
2000,3214,13,0
2000,3118,14,0
2000,3120,15,0
2000,3121,16,0
2000,3122,17,0
2000,3123,18,0
2000,3124,19,0
2000,3125,20,0
2000,3126,21,0
2000,3128,22,0
2000,3170,23,0
2000,3172,24,0
2000,3892,25,0
2000,2975,26,1
2001,2975,1,0
2001,3891,2,0
2001,3141,3,0
2001,3142,4,0
2001,3212,5,0
2001,3214,6,0
2001,3120,7,0
2001,3121,8,0
2001,3122,9,0
2001,3123,10,0
2001,3124,11,0
2001,3125,12,0
2001,3216,13,0
2001,3217,14,0
2001,3218,15,0
2001,3219,16,0
2001,3220,17,0
2001,3564,18,0
2001,3221,19,0
2001,3222,20,0
2001,3565,21,0
2001,3224,22,0
2001,3225,23,0
2001,3227,24,0
2001,5013,25,0
2001,5011,26,0
2001,2560,27,1
2100,3798,1,0
2100,2089,2,0
2100,3848,3,0
2100,2090,4,0
2100,3727,5,0
2100,3807,6,0
2100,2091,7,0
2100,4040,8,0
2100,3836,9,0
2100,3808,10,0
2100,2092,11,0
2100,4090,12,0
2100,2093,13,0
2100,2094,14,0
2100,3809,15,0
2100,3729,16,0
2100,3837,17,0
2100,3884,18,0
2100,3838,19,0
2100,3810,20,0
2100,3811,21,0
2100,3812,22,0
2100,3813,23,0
2100,3873,24,0
2100,3814,25,0
2100,3815,26,0
2100,3816,27,0
2100,3817,28,0
2100,3818,29,0
2100,3833,30,1
2101,3818,1,0
2101,3819,2,0
2101,3820,3,0
2101,3821,4,0
2101,3822,5,0
2101,3823,6,0
2101,3824,7,0
2101,3825,8,0
2101,3826,9,0
2101,3827,10,0
2101,3839,11,0
2101,3885,12,0
2101,3840,13,0
2101,3828,14,0
2101,3829,15,0
2101,3830,16,0
2101,4089,17,0
2101,3831,18,0
2101,3832,19,0
2101,3841,20,0
2101,4039,21,0
2101,3833,22,0
2101,3834,23,0
2101,3728,24,0
2101,2095,25,0
2101,3847,26,0
2101,2096,27,0
2101,3798,28,1
2200,2711,1,0
2200,3068,2,0
2200,2715,3,0
2200,2716,4,0
2200,3618,5,0
2200,2929,6,0
2200,2930,7,0
2200,2931,8,0
2200,2932,9,0
2200,2933,10,0
2200,2934,11,0
2200,2935,12,0
2200,2936,13,0
2200,2937,14,0
2200,2938,15,0
2200,2939,16,0
2200,2940,17,0
2200,2941,18,0
2200,2884,19,0
2200,1769,20,0
2200,2885,21,0
2200,2942,22,0
2200,2943,23,0
2200,2944,24,0
2200,2945,25,0
2200,2946,26,0
2200,2947,27,0
2200,2948,28,0
2200,2949,29,0
2200,2950,30,0
2200,2951,31,0
2200,2952,32,0
2200,2953,33,0
2200,2954,34,0
2200,2955,35,0
2200,2956,36,0
2200,2957,37,0
2200,2958,38,0
2200,2959,39,0
2200,2960,40,0
2200,2961,41,0
2200,2962,42,0
2200,2963,43,0
2200,2964,44,0
2200,2965,45,0
2200,2966,46,0
2200,2967,47,0
2200,2968,48,0
2200,2969,49,0
2200,2970,50,0
2200,2971,51,0
2200,2972,52,0
2200,2973,53,0
2200,2974,54,1
2201,2974,1,0
2201,2981,2,0
2201,2982,3,0
2201,2983,4,0
2201,2984,5,0
2201,2985,6,0
2201,3894,7,0
2201,2987,8,0
2201,2988,9,0
2201,2989,10,0
2201,2990,11,0
2201,2991,12,0
2201,2992,13,0
2201,2993,14,0
2201,2994,15,0
2201,2995,16,0
2201,2996,17,0
2201,2997,18,0
2201,2998,19,0
2201,2999,20,0
2201,3000,21,0
2201,3001,22,0
2201,3002,23,0
2201,3874,24,0
2201,3005,25,0
2201,3006,26,0
2201,3007,27,0
2201,3008,28,0
2201,3009,29,0
2201,3011,30,0
2201,3012,31,0
2201,3013,32,0
2201,3014,33,0
2201,3015,34,0
2201,3016,35,0
2201,2884,36,0
2201,1765,37,0
2201,3017,38,0
2201,3018,39,0
2201,3019,40,0
2201,3020,41,0
2201,2906,42,0
2201,2907,43,0
2201,2908,44,0
2201,2909,45,0
2201,2910,46,0
2201,2911,47,0
2201,2912,48,0
2201,2913,49,0
2201,2914,50,0
2201,2750,51,0
2201,2751,52,0
2201,2752,53,0
2201,2753,54,0
2201,2707,55,0
2201,2557,56,1
2300,2557,1,0
2300,3575,2,0
2300,1001,3,0
2300,1002,4,0
2300,1003,5,0
2300,1004,6,0
2300,1006,7,0
2300,1007,8,0
2300,1008,9,0
2300,1009,10,0
2300,1010,11,0
2300,1011,12,0
2300,1012,13,0
2300,1013,14,0
2300,1014,15,0
2300,1015,16,0
2300,1016,17,0
2300,1017,18,0
2300,1018,19,0
2300,1019,20,0
2300,1020,21,0
2300,1021,22,0
2300,1022,23,0
2300,1024,24,0
2300,1025,25,0
2300,1061,26,0
2300,1062,27,0
2300,3569,28,0
2300,1057,29,0
2300,1026,30,0
2300,1027,31,0
2300,1028,32,0
2300,1029,33,0
2300,1030,34,0
2300,1031,35,0
2300,1032,36,0
2300,1033,37,0
2300,1034,38,0
2300,1035,39,0
2300,1036,40,0
2300,1037,41,0
2300,3726,42,0
2300,1038,43,0
2300,3570,44,0
2300,1039,45,0
2300,3731,46,0
2300,1040,47,0
2300,1041,48,0
2300,1042,49,0
2300,1043,50,0
2300,1044,51,0
2300,3614,52,0
2300,1661,53,0
2300,1046,54,1
2301,1046,1,0
2301,1047,2,0
2301,1048,3,0
2301,1049,4,0
2301,1050,5,0
2301,1051,6,0
2301,1052,7,0
2301,3568,8,0
2301,1053,9,0
2301,3725,10,0
2301,1054,11,0
2301,1055,12,0
2301,1056,13,0
2301,3569,14,0
2301,1057,15,0
2301,1058,16,0
2301,1059,17,0
2301,1060,18,0
2301,1063,19,0
2301,1064,20,0
2301,1065,21,0
2301,1066,22,0
2301,1067,23,0
2301,1068,24,0
2301,1069,25,0
2301,1070,26,0
2301,1071,27,0
2301,1072,28,0
2301,3574,29,0
2301,1073,30,0
2301,1074,31,0
2301,1075,32,0
2301,1076,33,0
2301,1077,34,0
2301,1078,35,0
2301,1079,36,0
2301,1081,37,0
2301,1080,38,0
2301,1082,39,0
2301,1084,40,0
2301,1085,41,0
2301,1086,42,0
2301,1087,43,0
2301,1088,44,0
2301,1889,45,0
2301,1890,46,0
2301,2557,47,1
2400,2710,1,0
2400,3068,2,0
2400,2754,3,0
2400,3069,4,0
2400,2755,5,0
2400,2756,6,0
2400,2757,7,0
2400,2758,8,0
2400,3356,9,0
2400,3357,10,0
2400,3358,11,0
2400,3198,12,0
2400,3199,13,0
2400,3567,14,0
2400,3200,15,0
2400,3892,16,0
2400,2976,17,0
2400,3306,18,0
2400,3307,19,0
2400,3359,20,0
2400,3360,21,0
2400,3361,22,0
2400,3362,23,0
2400,3363,24,1
2401,3363,1,0
2401,3364,2,0
2401,3365,3,0
2401,3366,4,0
2401,3367,5,0
2401,3368,6,0
2401,3369,7,0
2401,3370,8,0
2401,3384,9,0
2401,3385,10,0
2401,3386,11,0
2401,3387,12,0
2401,3388,13,0
2401,3371,14,0
2401,3372,15,0
2401,3373,16,0
2401,3374,17,0
2401,3375,18,0
2401,3376,19,0
2401,3377,20,0
2401,3378,21,0
2401,3379,22,0
2401,3380,23,0
2401,3381,24,0
2401,3382,25,0
2401,3383,26,0
2401,3334,27,0
2401,3335,28,0
2401,3336,29,0
2401,3337,30,0
2401,3338,31,0
2401,3340,32,0
2401,3341,33,0
2401,3342,34,0
2401,3637,35,0
2401,3343,36,0
2401,2980,37,0
2401,3173,38,0
2401,3174,39,0
2401,3175,40,0
2401,3176,41,0
2401,3389,42,0
2401,3390,43,0
2401,3391,44,0
2401,2701,45,0
2401,2702,46,0
2401,2703,47,0
2401,2704,48,0
2401,2705,49,0
2401,2706,50,0
2401,2707,51,0
2401,2710,52,1
2500,2558,1,0
2500,3068,2,0
2500,2754,3,0
2500,3069,4,0
2500,2755,5,0
2500,3293,6,0
2500,3294,7,0
2500,3295,8,0
2500,3296,9,0
2500,3297,10,0
2500,3298,11,0
2500,3299,12,0
2500,3300,13,0
2500,3301,14,0
2500,3302,15,0
2500,3303,16,0
2500,3304,17,0
2500,3305,18,0
2500,2977,19,0
2500,3306,20,0
2500,3307,21,0
2500,3308,22,0
2500,3309,23,0
2500,3310,24,0
2500,3311,25,0
2500,3312,26,0
2500,3313,27,0
2500,3314,28,0
2500,3315,29,0
2500,3316,30,0
2500,3317,31,0
2500,3318,32,0
2500,3319,33,0
2500,3320,34,0
2500,3321,35,0
2500,3322,36,0
2500,3323,37,0
2500,3324,38,0
2500,3325,39,0
2500,3326,40,0
2500,3327,41,0
2500,3328,42,1
2501,3328,1,0
2501,3329,2,0
2501,3330,3,0
2501,3331,4,0
2501,3332,5,0
2501,3377,6,0
2501,3378,7,0
2501,3379,8,0
2501,3380,9,0
2501,3381,10,0
2501,3382,11,0
2501,3383,12,0
2501,3333,13,0
2501,3334,14,0
2501,3335,15,0
2501,3336,16,0
2501,3337,17,0
2501,3338,18,0
2501,3340,19,0
2501,3341,20,0
2501,3342,21,0
2501,3637,22,0
2501,3343,23,0
2501,3140,24,0
2501,3344,25,0
2501,3345,26,0
2501,3346,27,0
2501,3347,28,0
2501,3348,29,0
2501,3349,30,0
2501,3350,31,0
2501,3351,32,0
2501,3353,33,0
2501,3354,34,0
2501,3355,35,0
2501,2704,36,0
2501,2705,37,0
2501,2706,38,0
2501,2707,39,0
2501,2709,40,1
2700,1046,1,0
2700,1047,2,0
2700,1561,3,0
2700,1562,4,0
2700,1563,5,0
2700,1564,6,0
2700,1565,7,0
2700,1647,8,0
2700,1648,9,0
2700,1649,10,0
2700,1650,11,0
2700,1651,12,1
2701,1651,1,0
2701,1652,2,0
2701,1653,3,0
2701,1655,4,0
2701,1656,5,0
2701,1657,6,0
2701,1658,7,0
2701,1659,8,0
2701,1660,9,0
2701,1042,10,0
2701,1043,11,0
2701,1044,12,0
2701,1045,13,0
2701,1558,14,1
2900,3881,1,0
2900,3883,2,0
2900,1292,3,0
2900,3902,4,0
2900,3903,5,0
2900,3905,6,0
2900,3689,7,0
2900,3690,8,0
2900,3691,9,0
2900,3692,10,0
2900,3693,11,0
2900,3694,12,0
2900,3695,13,0
2900,3463,14,0
2900,3464,15,0
2900,3149,16,0
2900,3150,17,0
2900,3151,18,0
2900,3153,19,0
2900,3631,20,0
2900,2780,21,0
2900,1090,22,0
2900,3943,23,0
2900,3945,24,0
2900,2783,25,0
2900,1167,26,0
2900,1164,27,0
2900,1166,28,1
2901,1166,1,0
2901,3619,2,0
2901,2673,3,0
2901,2674,4,0
2901,2675,5,0
2901,2676,6,0
2901,2677,7,0
2901,3589,8,0
2901,3156,9,0
2901,3158,10,0
2901,3159,11,0
2901,3160,12,0
2901,3907,13,0
2901,1974,14,0
2901,1975,15,0
2901,1976,16,0
2901,1977,17,0
2901,1978,18,0
2901,1979,19,0
2901,1980,20,0
2901,1981,21,0
2901,3685,22,0
2901,3906,23,0
2901,3904,24,0
2901,1293,25,0
2901,3901,26,0
2901,3881,27,1
3100,4005,1,0
3100,1205,2,0
3100,1206,3,0
3100,1207,4,0
3100,1208,5,0
3100,1209,6,0
3100,1210,7,0
3100,3760,8,0
3100,3593,9,0
3100,4051,10,0
3100,1922,11,0
3100,3781,12,0
3100,1133,13,0
3100,3780,14,0
3100,3782,15,0
3100,3594,16,0
3100,3595,17,0
3100,2038,18,0
3100,2039,19,0
3100,2040,20,0
3100,2041,21,0
3100,3783,22,0
3100,3768,23,0
3100,3764,24,0
3100,2803,25,0
3100,3900,26,0
3100,3769,27,0
3100,3770,28,0
3100,3771,29,0
3100,3772,30,0
3100,4072,31,0
3100,2511,32,0
3100,2512,33,0
3100,2513,34,0
3100,2514,35,0
3100,1093,36,0
3100,1094,37,0
3100,3898,38,0
3100,1096,39,0
3100,1097,40,0
3100,1098,41,0
3100,1099,42,0
3100,4027,43,0
3100,1100,44,0
3100,1102,45,0
3100,1104,46,0
3100,1105,47,0
3100,4017,48,0
3100,4022,49,0
3100,4020,50,0
3100,1213,51,0
3100,4023,52,1
3101,4023,1,0
3101,1214,2,0
3101,4019,3,0
3101,4021,4,0
3101,4018,5,0
3101,4012,6,0
3101,4013,7,0
3101,4024,8,0
3101,4025,9,0
3101,1116,10,0
3101,1117,11,0
3101,1118,12,0
3101,1119,13,0
3101,1120,14,0
3101,3899,15,0
3101,2520,16,0
3101,2521,17,0
3101,2522,18,0
3101,2523,19,0
3101,2524,20,0
3101,2525,21,0
3101,2526,22,0
3101,3773,23,0
3101,3747,24,0
3101,3622,25,0
3101,3748,26,0
3101,2817,27,0
3101,3677,28,0
3101,2819,29,0
3101,3749,30,0
3101,3790,31,0
3101,1925,32,0
3101,1926,33,0
3101,1927,34,0
3101,1928,35,0
3101,1929,36,0
3101,3598,37,0
3101,3599,38,0
3101,3443,39,0
3101,1121,40,0
3101,4016,41,0
3101,2044,42,0
3101,4050,43,0
3101,3757,44,0
3101,3758,45,0
3101,3759,46,0
3101,2067,47,0
3101,1204,48,0
3101,3393,49,0
3101,4005,50,1
3300,1770,1,0
3300,1773,2,0
3300,1774,3,0
3300,1775,4,0
3300,1776,5,0
3300,1804,6,0
3300,1805,7,0
3300,1806,8,0
3300,1807,9,0
3300,1808,10,0
3300,1777,11,0
3300,1778,12,0
3300,1779,13,0
3300,1780,14,0
3300,1781,15,0
3300,3724,16,0
3300,1782,17,0
3300,1783,18,0
3300,1784,19,0
3300,1785,20,0
3300,1786,21,0
3300,1787,22,0
3300,1788,23,0
3300,1789,24,0
3300,1790,25,0
3300,3844,26,0
3300,1791,27,0
3300,3843,28,0
3300,1839,29,0
3300,3733,30,0
3300,3734,31,0
3300,3735,32,0
3300,3736,33,0
3300,3737,34,0
3300,3738,35,0
3300,3739,36,1
3301,3739,1,0
3301,3740,2,0
3301,3741,3,0
3301,1840,4,0
3301,1841,5,0
3301,1842,6,0
3301,1843,7,0
3301,1844,8,0
3301,3844,9,0
3301,1790,10,0
3301,1791,11,0
3301,1792,12,0
3301,1793,13,0
3301,1794,14,0
3301,1795,15,0
3301,1796,16,0
3301,1797,17,0
3301,1798,18,0
3301,3723,19,0
3301,1799,20,0
3301,1800,21,0
3301,1801,22,0
3301,1802,23,0
3301,1803,24,0
3301,1845,25,0
3301,1864,26,0
3301,1865,27,0
3301,1770,28,1
5100,1307,1,0
5100,1308,2,0
5100,1250,3,0
5100,1251,4,0
5100,1252,5,0
5100,1274,6,0
5100,1253,7,0
5100,1309,8,0
5100,1310,9,0
5100,3857,10,0
5100,1312,11,0
5100,1313,12,0
5100,3411,13,0
5100,1265,14,0
5100,1266,15,0
5100,1267,16,0
5100,1268,17,0
5100,1269,18,0
5100,2106,19,0
5100,1484,20,0
5100,1315,21,0
5100,1316,22,0
5100,1317,23,0
5100,1276,24,0
5100,1456,25,0
5100,1457,26,0
5100,1458,27,0
5100,1459,28,0
5100,1426,29,0
5100,1427,30,0
5100,1428,31,0
5100,1390,32,0
5100,3538,33,0
5100,3539,34,0
5100,1460,35,0
5100,1461,36,0
5100,1462,37,0
5100,1463,38,0
5100,1464,39,0
5100,1465,40,0
5100,1466,41,0
5100,1467,42,0
5100,1511,43,1
5101,1511,1,0
5101,1468,2,0
5101,1469,3,0
5101,1470,4,0
5101,1471,5,0
5101,1472,6,0
5101,1473,7,0
5101,1474,8,0
5101,1475,9,0
5101,3527,10,0
5101,1476,11,0
5101,1384,12,0
5101,3537,13,0
5101,1388,14,0
5101,1477,15,0
5101,1478,16,0
5101,1479,17,0
5101,1480,18,0
5101,1481,19,0
5101,1482,20,0
5101,1483,21,0
5101,1278,22,0
5101,1294,23,0
5101,1295,24,0
5101,1297,25,0
5101,1298,26,0
5101,2107,27,0
5101,1257,28,0
5101,1258,29,0
5101,1259,30,0
5101,1281,31,0
5101,1254,32,0
5101,1235,33,0
5101,3511,34,0
5101,1236,35,0
5101,3540,36,0
5101,1300,37,0
5101,1301,38,0
5101,1302,39,0
5101,1303,40,0
5101,1304,41,0
5101,1305,42,0
5101,1306,43,0
5101,3852,44,0
5101,3853,45,0
5101,3854,46,0
5101,3855,47,0
5101,3856,48,0
5101,3541,49,0
5101,1307,50,0
5101,3922,51,0
5101,3923,52,0
5101,3924,53,0
5101,3925,54,0
5101,3926,55,0
5101,1247,56,0
5101,1248,57,0
5101,1249,58,0
5101,1239,59,0
5101,1240,60,0
5101,1241,61,0
5101,1242,62,0
5101,1243,63,0
5101,3542,64,0
5101,1244,65,0
5101,3512,66,0
5101,3930,67,0
5101,3931,68,0
5101,3932,69,0
5101,3411,70,0
5101,1276,71,1
5200,1512,1,0
5200,1605,2,0
5200,1606,3,0
5200,1607,4,0
5200,1608,5,0
5200,1609,6,0
5200,1610,7,0
5200,1611,8,0
5200,1612,9,0
5200,1613,10,0
5200,1614,11,0
5200,1615,12,0
5200,1616,13,0
5200,1617,14,0
5200,1618,15,0
5200,1619,16,0
5200,1620,17,0
5200,1621,18,0
5200,1622,19,0
5200,1623,20,0
5200,1624,21,0
5200,1625,22,0
5200,1455,23,0
5200,1626,24,0
5200,1627,25,0
5200,1628,26,0
5200,1629,27,0
5200,1630,28,0
5200,1631,29,0
5200,1632,30,0
5200,1633,31,0
5200,1634,32,0
5200,1635,33,0
5200,1636,34,0
5200,1637,35,0
5200,1638,36,0
5200,1569,37,0
5200,3939,38,0
5200,1287,39,0
5200,3935,40,0
5200,3936,41,0
5200,3937,42,0
5200,2318,43,0
5200,1570,44,0
5200,1590,45,0
5200,1639,46,0
5200,1640,47,0
5200,1641,48,0
5200,1642,49,0
5200,1643,50,0
5200,1644,51,0
5200,1645,52,0
5200,1646,53,0
5200,1043,54,0
5200,1044,55,0
5200,1045,56,0
5200,1557,57,1
5201,1557,1,0
5201,1559,2,0
5201,1560,3,0
5201,1047,4,0
5201,1561,5,0
5201,1562,6,0
5201,1563,7,0
5201,1564,8,0
5201,1565,9,0
5201,1566,10,0
5201,1567,11,0
5201,1568,12,0
5201,1569,13,0
5201,1573,14,0
5201,1574,15,0
5201,1575,16,0
5201,1576,17,0
5201,1577,18,0
5201,1578,19,0
5201,1579,20,0
5201,1580,21,0
5201,1581,22,0
5201,1582,23,0
5201,1583,24,0
5201,1584,25,0
5201,1585,26,0
5201,1586,27,0
5201,1587,28,0
5201,1588,29,0
5201,1589,30,0
5201,1443,31,0
5201,1591,32,0
5201,1592,33,0
5201,1593,34,0
5201,1594,35,0
5201,1595,36,0
5201,3609,37,0
5201,1596,38,0
5201,1597,39,0
5201,1598,40,0
5201,1599,41,0
5201,1600,42,0
5201,1601,43,0
5201,1602,44,0
5201,1603,45,0
5201,1604,46,0
5201,3536,47,0
5201,1512,48,1
5300,1391,1,0
5300,1318,2,0
5300,1319,3,0
5300,1328,4,0
5300,1311,5,0
5300,3659,6,0
5300,1491,7,0
5300,1492,8,0
5300,1493,9,0
5300,1494,10,0
5300,1495,11,0
5300,1496,12,0
5300,1497,13,0
5300,1498,14,0
5300,1499,15,0
5300,1500,16,0
5300,1501,17,0
5300,5025,18,0
5300,1505,19,0
5300,1506,20,0
5300,1507,21,0
5300,1508,22,0
5300,1509,23,0
5300,1510,24,0
5300,2159,25,0
5300,1521,26,1
5301,1521,1,0
5301,1523,2,0
5301,1524,3,0
5301,1525,4,0
5301,1526,5,0
5301,2216,6,0
5301,1527,7,0
5301,1528,8,0
5301,5025,9,0
5301,1533,10,0
5301,1534,11,0
5301,1535,12,0
5301,1536,13,0
5301,1537,14,0
5301,1538,15,0
5301,1539,16,0
5301,1540,17,0
5301,1541,18,0
5301,1542,19,0
5301,3660,20,0
5301,1543,21,0
5301,1351,22,0
5301,1353,23,0
5301,3845,24,0
5301,1358,25,0
5301,1391,26,1
5400,1517,1,0
5400,3535,2,0
5400,2213,3,0
5400,2214,4,0
5400,2215,5,0
5400,2216,6,0
5400,1527,7,0
5400,1528,8,0
5400,2217,9,0
5400,2174,10,0
5400,2175,11,0
5400,2218,12,0
5400,2219,13,0
5400,2220,14,0
5400,2221,15,0
5400,2222,16,0
5400,2223,17,0
5400,2224,18,0
5400,2225,19,0
5400,2226,20,0
5400,2227,21,0
5400,2228,22,0
5400,2229,23,0
5400,2230,24,0
5400,2231,25,0
5400,2233,26,0
5400,2234,27,0
5400,2235,28,0
5400,2236,29,0
5400,2237,30,0
5400,2238,31,0
5400,2239,32,0
5400,2240,33,0
5400,2241,34,0
5400,2242,35,0
5400,2243,36,0
5400,2244,37,0
5400,2159,38,0
5400,1516,39,1
5501,1520,1,0
5501,1523,2,0
5501,3863,3,0
5501,3864,4,0
5501,2186,5,0
5501,2245,6,0
5501,2246,7,0
5501,2247,8,0
5501,2248,9,0
5501,2249,10,0
5501,2250,11,0
5501,2251,12,0
5501,2252,13,0
5501,2253,14,0
5501,2254,15,0
5501,2255,16,0
5501,2256,17,0
5501,2257,18,0
5501,2258,19,0
5501,2259,20,0
5501,2260,21,0
5501,2261,22,0
5501,2262,23,0
5501,2263,24,0
5501,2264,25,0
5501,2265,26,0
5501,2266,27,0
5501,2148,28,0
5501,2267,29,0
5501,3861,30,0
5501,3862,31,0
5501,2159,32,0
5501,1522,33,0
5501,3534,34,0
5501,2211,35,0
5501,2268,36,0
5501,2212,37,0
5501,1511,38,1
5600,1389,1,0
5600,1392,2,0
5600,1393,3,0
5600,1394,4,0
5600,1395,5,0
5600,1396,6,0
5600,1397,7,0
5600,1398,8,0
5600,1399,9,0
5600,1400,10,0
5600,1445,11,0
5600,1401,12,0
5600,1402,13,0
5600,1403,14,0
5600,1404,15,0
5600,1405,16,0
5600,1407,17,0
5600,1408,18,0
5600,1409,19,0
5600,1410,20,1
5601,1410,1,0
5601,1411,2,0
5601,1412,3,0
5601,1413,4,0
5601,1414,5,0
5601,1587,6,0
5601,3522,7,0
5601,1289,8,0
5601,1290,9,0
5601,1417,10,0
5601,1418,11,0
5601,1419,12,0
5601,1420,13,0
5601,1421,14,0
5601,1422,15,0
5601,1423,16,0
5601,1424,17,0
5601,1425,18,0
5601,1426,19,0
5601,1427,20,0
5601,1428,21,0
5601,1391,22,1
5701,1514,1,0
5701,2186,2,0
5701,2187,3,0
5701,2188,4,0
5701,2189,5,0
5701,2190,6,0
5701,2191,7,0
5701,2192,8,0
5701,2193,9,0
5701,2194,10,0
5701,2195,11,0
5701,3805,12,0
5701,3792,13,0
5701,3793,14,0
5701,3794,15,0
5701,3795,16,0
5701,3796,17,0
5701,2196,18,0
5701,2197,19,0
5701,2198,20,0
5701,2199,21,0
5701,2200,22,0
5701,2201,23,0
5701,2202,24,0
5701,2203,25,0
5701,2204,26,0
5701,2205,27,0
5701,2206,28,0
5701,2207,29,0
5701,2208,30,0
5701,2209,31,0
5701,2210,32,0
5701,2211,33,0
5701,2268,34,0
5701,2212,35,0
5701,1521,36,1
5800,1516,1,0
5800,1605,2,0
5800,1606,3,0
5800,1607,4,0
5800,2097,5,0
5800,2098,6,0
5800,2099,7,0
5800,2100,8,0
5800,2101,9,0
5800,2102,10,0
5800,2103,11,0
5800,3871,12,0
5800,2104,13,0
5800,3860,14,0
5800,2108,15,0
5800,2109,16,0
5800,2110,17,0
5800,2111,18,0
5800,5026,19,0
5800,2112,20,0
5800,2113,21,0
5800,2114,22,0
5800,2115,23,0
5800,2116,24,0
5800,2117,25,0
5800,2118,26,0
5800,2119,27,0
5800,2120,28,0
5800,2121,29,0
5800,2122,30,0
5800,2123,31,0
5800,2124,32,0
5800,2125,33,0
5800,1518,34,1
5900,1522,1,0
5900,1523,2,0
5900,1524,3,0
5900,1525,4,0
5900,2269,5,0
5900,2270,6,0
5900,2271,7,0
5900,2272,8,0
5900,2273,9,0
5900,2274,10,0
5900,2275,11,0
5900,2276,12,0
5900,2277,13,0
5900,2278,14,0
5900,2279,15,0
5900,2280,16,0
5900,2281,17,0
5900,2282,18,0
5900,2283,19,0
5900,2284,20,0
5900,3612,21,0
5900,2285,22,0
5900,2286,23,0
5900,2287,24,0
5900,2288,25,0
5900,2289,26,0
5900,2291,27,0
5900,2292,28,0
5900,2293,29,0
5900,2294,30,0
5900,2295,31,0
5900,2299,32,0
5900,2300,33,0
5900,2297,34,0
5900,2298,35,0
5900,1527,36,0
5900,1528,37,0
5900,2217,38,0
5900,2174,39,0
5900,2175,40,0
5900,2176,41,0
5900,1506,42,0
5900,1507,43,0
5900,2301,44,0
5900,2302,45,0
5900,2303,46,0
5900,2304,47,0
5900,2125,48,0
5900,1519,49,0
5900,1512,50,1
6000,1391,1,0
6000,3538,2,0
6000,1359,3,0
6000,1360,4,0
6000,1361,5,0
6000,1362,6,0
6000,1363,7,0
6000,1364,8,0
6000,1365,9,0
6000,1366,10,0
6000,1367,11,0
6000,1368,12,0
6000,1369,13,0
6000,1355,14,0
6000,1370,15,0
6000,1371,16,0
6000,1372,17,0
6000,1373,18,0
6000,1374,19,0
6000,1356,20,0
6000,1378,21,0
6000,1379,22,0
6000,1380,23,0
6000,1381,24,0
6000,1382,25,0
6000,1383,26,0
6000,1384,27,0
6000,3537,28,0
6000,1389,29,1
6100,1732,1,0
6100,1733,2,0
6100,1734,3,0
6100,1728,4,0
6100,3802,5,0
6100,3804,6,0
6100,3888,7,0
6100,3525,8,0
6100,1582,9,0
6100,1583,10,0
6100,1584,11,0
6100,1585,12,0
6100,1586,13,0
6100,1587,14,0
6100,1588,15,0
6100,1589,16,0
6100,1443,17,0
6100,1444,18,0
6100,3835,19,0
6100,2327,20,0
6100,3877,21,0
6100,3851,22,0
6100,3806,23,0
6100,1387,24,1
6101,1387,1,0
6101,1321,2,0
6101,3850,3,0
6101,3878,4,0
6101,2313,5,0
6101,1445,6,0
6101,1401,7,0
6101,1623,8,0
6101,1624,9,0
6101,1625,10,0
6101,1455,11,0
6101,1626,12,0
6101,1627,13,0
6101,1628,14,0
6101,1629,15,0
6101,3524,16,0
6101,3888,17,0
6101,3803,18,0
6101,3801,19,0
6101,3641,20,0
6101,1731,21,0
6101,1732,22,1
6201,1518,1,0
6201,1523,2,0
6201,2126,3,0
6201,2127,4,0
6201,2128,5,0
6201,2129,6,0
6201,2130,7,0
6201,2131,8,0
6201,2132,9,0
6201,2133,10,0
6201,2134,11,0
6201,2135,12,0
6201,2136,13,0
6201,2137,14,0
6201,2138,15,0
6201,2139,16,0
6201,2140,17,0
6201,2141,18,0
6201,2142,19,0
6201,2143,20,0
6201,2144,21,0
6201,2145,22,0
6201,2146,23,0
6201,2147,24,0
6201,2148,25,0
6201,2149,26,0
6201,2150,27,0
6201,2151,28,0
6201,2152,29,0
6201,2153,30,0
6201,2154,31,0
6201,2155,32,0
6201,2156,33,0
6201,2157,34,0
6201,2158,35,0
6201,2159,36,0
6201,1517,37,1
6300,1519,1,0
6300,3535,2,0
6300,2160,3,0
6300,2161,4,0
6300,2162,5,0
6300,2163,6,0
6300,2164,7,0
6300,2165,8,0
6300,2166,9,0
6300,2167,10,0
6300,2168,11,0
6300,2169,12,0
6300,2170,13,0
6300,2171,14,0
6300,2172,15,0
6300,2173,16,0
6300,1504,17,0
6300,2174,18,0
6300,2175,19,0
6300,2176,20,0
6300,1506,21,0
6300,2177,22,0
6300,2178,23,0
6300,2179,24,0
6300,2180,25,0
6300,2181,26,0
6300,2182,27,0
6300,2183,28,0
6300,2184,29,0
6300,2185,30,0
6300,1509,31,0
6300,1510,32,0
6300,2159,33,0
6300,1520,34,1
6400,3797,1,0
6400,1321,2,0
6400,1322,3,0
6400,1323,4,0
6400,1429,5,0
6400,1430,6,0
6400,1431,7,0
6400,1432,8,0
6400,1433,9,0
6400,3519,10,0
6400,1282,11,0
6400,1283,12,0
6400,1284,13,0
6400,1435,14,0
6400,1436,15,0
6400,1437,16,0
6400,1438,17,0
6400,1439,18,0
6400,3520,19,0
6400,3521,20,1
6401,3521,1,0
6401,3532,2,0
6401,1441,3,0
6401,1442,4,0
6401,1588,5,0
6401,1589,6,0
6401,1443,7,0
6401,1444,8,0
6401,3835,9,0
6401,1446,10,0
6401,1447,11,0
6401,1448,12,0
6401,1449,13,0
6401,1450,14,0
6401,1451,15,0
6401,1452,16,0
6401,3858,17,0
6401,1453,18,0
6401,1454,19,0
6401,1386,20,1
6700,1387,1,0
6700,1318,2,0
6700,1319,3,0
6700,3986,4,0
6700,3985,5,0
6700,5034,6,0
6700,6023,7,0
6700,1458,8,0
6700,1459,9,0
6700,1320,10,0
6700,1321,11,0
6700,1322,12,0
6700,1323,13,0
6700,3518,14,0
6700,1324,15,0
6700,3544,16,0
6700,3545,17,0
6700,1325,18,0
6700,3600,19,0
6700,1482,20,0
6700,1456,21,0
6700,1457,22,0
6700,1326,23,0
6700,1327,24,0
6700,3543,25,0
6700,3514,26,0
6700,1329,27,0
6700,1330,28,0
6700,1331,29,0
6700,3989,30,1
6701,3989,1,0
6701,3988,2,0
6701,3987,3,0
6701,1331,4,0
6701,1332,5,0
6701,1333,6,0
6701,3546,7,0
6701,5035,8,0
6701,3970,9,0
6701,3969,10,0
6701,3968,11,0
6701,3967,12,0
6701,1482,13,0
6701,1456,14,0
6701,1457,15,0
6701,1339,16,0
6701,1340,17,0
6701,1341,18,0
6701,3845,19,0
6701,1358,20,0
6701,1389,21,1
7200,1572,1,0
7200,3939,2,0
7200,2310,3,0
7200,3940,4,0
7200,2312,5,0
7200,2314,6,0
7200,2315,7,0
7200,3645,8,0
7200,1287,9,0
7200,3849,10,0
7200,3646,11,0
7200,3647,12,0
7200,3648,13,0
7200,3649,14,0
7200,2316,15,0
7200,2317,16,0
7200,3531,17,0
7200,2318,18,1
7300,2075,1,0
7300,3745,2,0
7300,3697,3,0
7300,3698,4,0
7300,2077,5,0
7300,2078,6,0
7300,2079,7,0
7300,2080,8,0
7300,2081,9,0
7300,2082,10,0
7300,2083,11,0
7300,1233,12,0
7300,1234,13,0
7300,2084,14,0
7300,3774,15,0
7300,1179,16,0
7300,3627,17,1
7301,3628,1,0
7301,2068,2,0
7301,3432,3,0
7301,3433,4,0
7301,1232,5,0
7301,2069,6,0
7301,2070,7,0
7301,2071,8,0
7301,2072,9,0
7301,2073,10,0
7301,2074,11,0
7301,2075,12,1
7500,1386,1,0
7500,1342,2,0
7500,1280,3,0
7500,1343,4,0
7500,1344,5,0
7500,1345,6,0
7500,1346,7,0
7500,1347,8,0
7500,1348,9,0
7500,1349,10,0
7500,1350,11,0
7500,3394,12,0
7500,3396,13,0
7500,3397,14,0
7500,3398,15,0
7500,3399,16,0
7500,1352,17,0
7500,1354,18,0
7500,1356,19,0
7500,1357,20,0
7500,1279,21,0
7500,1358,22,0
7500,3797,23,1
7600,1732,1,0
7600,1733,2,0
7600,1734,3,0
7600,2308,4,0
7600,3959,5,0
7600,3958,6,0
7600,3957,7,0
7600,3953,8,0
7600,3956,9,0
7600,3955,10,0
7600,3954,11,0
7600,1823,12,0
7600,1745,13,0
7600,1744,14,1
7601,1744,1,0
7601,1746,2,0
7601,1831,3,0
7601,3961,4,0
7601,3962,5,0
7601,3963,6,0
7601,3999,7,0
7601,3964,8,0
7601,3965,9,0
7601,3966,10,0
7601,3641,11,0
7601,1731,12,0
7601,1732,13,1
20000,6101,1,0
20000,1385,2,0
20000,1483,3,0
20000,1570,4,0
20000,1556,5,0
20000,5008,6,0
20000,2549,7,0
20000,5010,8,0
20000,5014,9,0
20000,3619,10,0
20000,3699,11,0
20000,4074,12,0
20000,3630,13,0
20000,3628,14,0
20000,1128,15,1
20001,1128,1,0
20001,3627,2,0
20001,3629,3,0
20001,4075,4,0
20001,1123,5,0
20001,3620,6,0
20001,1957,7,0
20001,5011,8,0
20001,2548,9,0
20001,5009,10,0
20001,1551,11,0
20001,1571,12,0
20001,1456,13,0
20001,3517,14,0
20001,6101,15,1
20100,3799,1,0
20100,2508,2,0
20100,4072,3,0
20100,2512,4,0
20100,1093,5,0
20100,3898,6,0
20100,1099,7,0
20100,3445,8,0
20100,3162,9,0
20100,3590,10,0
20100,3165,11,0
20100,3167,12,0
20100,3169,13,0
20100,3170,14,0
20100,3892,15,0
20100,2983,16,0
20100,2985,17,0
20100,3894,18,0
20100,3896,19,0
20100,3004,20,0
20100,2881,21,0
20100,1770,22,1
20101,1770,1,0
20101,2888,2,0
20101,3189,3,0
20101,3895,4,0
20101,3893,5,0
20101,2969,6,0
20101,2971,7,0
20101,3891,8,0
20101,3143,9,0
20101,3144,10,0
20101,3146,11,0
20101,1992,12,0
20101,1972,13,0
20101,3465,14,0
20101,3890,15,0
20101,1117,16,0
20101,3899,17,0
20101,2521,18,0
20101,2524,19,0
20101,4073,20,0
20101,1916,21,0
20101,1918,22,0
20101,3799,23,1
20200,1127,1,0
20200,4042,2,0
20200,4051,3,0
20200,4044,4,0
20200,3765,5,0
20200,3766,6,0
20200,1931,7,0
20200,4046,8,0
20200,3671,9,0
20200,4054,10,0
20200,4049,11,0
20200,2832,12,0
20200,2670,13,0
20200,3619,14,0
20200,2675,15,0
20200,2676,16,0
20200,1966,17,0
20200,1969,18,0
20200,4056,19,0
20200,3687,20,0
20200,3906,21,0
20200,3904,22,0
20200,4001,23,1
20201,4001,1,0
20201,3903,2,0
20201,3905,3,0
20201,1983,4,0
20201,1994,5,0
20201,1997,6,0
20201,4053,7,0
20201,2781,8,0
20201,3943,9,0
20201,3620,10,0
20201,2787,11,0
20201,2788,12,0
20201,4052,13,0
20201,4055,14,0
20201,3665,15,0
20201,4047,16,0
20201,2035,17,0
20201,3750,18,0
20201,3752,19,0
20201,4045,20,0
20201,4050,21,0
20201,4043,22,0
20201,1127,23,1
20300,1386,1,0
20300,1342,2,0
20300,1280,3,0
20300,3660,4,0
20300,1543,5,0
20300,1545,6,0
20300,1546,7,0
20300,1547,8,0
20300,1548,9,0
20300,1549,10,0
20300,1550,11,0
20300,1257,12,0
20300,1258,13,0
20300,1259,14,0
20300,1281,15,0
20300,1300,16,0
20300,1291,17,0
20300,3649,18,0
20300,2317,19,0
20300,3531,20,0
20300,2318,21,0
20300,1569,22,1
20301,1572,1,0
20301,1288,2,0
20301,1287,3,0
20301,3849,4,0
20301,1296,5,0
20301,1308,6,0
20301,1309,7,0
20301,1310,8,0
20301,3857,9,0
20301,1312,10,0
20301,1313,11,0
20301,1484,12,0
20301,1485,13,0
20301,1486,14,0
20301,1487,15,0
20301,1488,16,0
20301,1489,17,0
20301,1357,18,0
20301,1279,19,0
20301,1358,20,0
20301,1386,21,1
985201,2114,1,0
985201,2116,2,0
985201,1504,3,0
985201,1505,4,0
985201,1506,5,0
985201,1507,6,0
985201,1508,7,0
985201,1509,8,0
985201,1510,9,0
985201,2159,10,0
985201,1513,11,1
993100,2548,1,0
993100,1554,2,0
993100,1559,3,0
993100,1697,4,0
993100,1698,5,0
993100,1699,6,0
993100,1700,7,0
993100,1701,8,0
993100,1702,9,0
993100,1703,10,0
993100,1704,11,0
993100,1705,12,0
993100,1791,13,0
993100,1792,14,0
993100,1793,15,0
993100,1794,16,0
993100,1795,17,0
993100,1796,18,0
993100,1803,19,0
993100,1845,20,0
993100,1864,21,0
993100,1865,22,0
993100,1765,23,1
993200,2552,1,0
993200,5010,2,0
993200,5012,3,0
993200,3110,4,0
993200,3111,5,0
993200,5033,6,0
993200,3279,7,0
993200,3720,8,0
993200,5028,9,0
993200,3743,10,0
993200,1906,11,0
993200,1908,12,0
993200,1909,13,0
993200,1910,14,0
993200,1911,15,0
993200,1913,16,0
993200,1914,17,0
993200,1915,18,0
993200,1916,19,0
993200,1917,20,0
993200,2045,21,0
993200,1918,22,0
993200,1919,23,0
993200,1131,24,0
993200,1132,25,0
993200,1227,26,0
993200,1228,27,0
993200,3886,28,0
993200,1230,29,0
993200,1231,30,0
993200,1125,31,1
998300,1227,1,0
998300,1228,2,0
998300,3886,3,0
998300,1230,4,0
998300,1231,5,0
998300,2084,6,0
998300,1199,7,0
998300,1200,8,0
998300,1201,9,0
998300,1202,10,0
998300,2508,11,0
998300,2509,12,0
998300,2532,13,0
998300,1165,14,0
998300,2533,15,0
998300,2535,16,0
998300,1957,17,0
998300,1958,18,0
998300,4015,19,0
998300,1959,20,0
998300,5029,21,0
998300,3241,22,0
998300,3242,23,0
998300,3243,24,0
998300,5032,25,0
998300,3225,26,0
998300,3227,27,0
998300,5013,28,0
998300,5011,29,0
998300,2554,30,1
